# distance  frequency (bands are separated by blank lines)
# End points of segments: 
#   0.00000000 0.16718070 
0.000000  -0.000000 
0.001672  0.016974 
0.003344  0.034092 
0.005015  0.051496 
0.006687  0.069323 
0.008359  0.087698 
0.010031  0.106738 
0.011703  0.126547 
0.013374  0.147217 
0.015046  0.168825 
0.016718  0.191435 
0.018390  0.215098 
0.020062  0.239853 
0.021733  0.265728 
0.023405  0.292739 
0.025077  0.320895 
0.026749  0.350194 
0.028421  0.380627 
0.030093  0.412182 
0.031764  0.444836 
0.033436  0.478566 
0.035108  0.513343 
0.036780  0.549134 
0.038452  0.585904 
0.040123  0.623615 
0.041795  0.662229 
0.043467  0.701705 
0.045139  0.742000 
0.046811  0.783073 
0.048482  0.824879 
0.050154  0.867375 
0.051826  0.910518 
0.053498  0.954263 
0.055170  0.998567 
0.056841  1.043388 
0.058513  1.088681 
0.060185  1.134405 
0.061857  1.180517 
0.063529  1.226978 
0.065200  1.273744 
0.066872  1.320778 
0.068544  1.368040 
0.070216  1.415492 
0.071888  1.463095 
0.073559  1.510813 
0.075231  1.558611 
0.076903  1.606452 
0.078575  1.654303 
0.080247  1.702129 
0.081919  1.749898 
0.083590  1.797576 
0.085262  1.845134 
0.086934  1.892539 
0.088606  1.939761 
0.090278  1.986770 
0.091949  2.033537 
0.093621  2.080034 
0.095293  2.126230 
0.096965  2.172099 
0.098637  2.217613 
0.100308  2.262743 
0.101980  2.307463 
0.103652  2.351743 
0.105324  2.395558 
0.106996  2.438879 
0.108668  2.468305 
0.110339  2.491493 
0.112011  2.514018 
0.113683  2.535873 
0.115355  2.557049 
0.117027  2.577543 
0.118698  2.597347 
0.120370  2.616459 
0.122042  2.634874 
0.123714  2.652589 
0.125386  2.669603 
0.127057  2.685914 
0.128729  2.701522 
0.130401  2.716427 
0.132073  2.730631 
0.133745  2.744135 
0.135416  2.756941 
0.137088  2.769052 
0.138760  2.780472 
0.140432  2.791205 
0.142104  2.801254 
0.143775  2.810625 
0.145447  2.819321 
0.147119  2.827348 
0.148791  2.834711 
0.150463  2.841415 
0.152135  2.847463 
0.153806  2.852861 
0.155478  2.857613 
0.157150  2.861723 
0.158822  2.865194 
0.160494  2.868029 
0.162165  2.870232 
0.163837  2.871804 
0.165509  2.872747 
0.167181  2.873061 


0.000000  -0.000000 
0.001672  0.046184 
0.003344  0.092352 
0.005015  0.138486 
0.006687  0.184569 
0.008359  0.230586 
0.010031  0.276521 
0.011703  0.322356 
0.013374  0.368077 
0.015046  0.413668 
0.016718  0.459115 
0.018390  0.504403 
0.020062  0.549519 
0.021733  0.594449 
0.023405  0.639181 
0.025077  0.683703 
0.026749  0.728003 
0.028421  0.772070 
0.030093  0.815894 
0.031764  0.859466 
0.033436  0.902776 
0.035108  0.945816 
0.036780  0.988578 
0.038452  1.031054 
0.040123  1.073237 
0.041795  1.115120 
0.043467  1.156697 
0.045139  1.197963 
0.046811  1.238911 
0.048482  1.279536 
0.050154  1.319833 
0.051826  1.359796 
0.053498  1.399420 
0.055170  1.438701 
0.056841  1.477631 
0.058513  1.516207 
0.060185  1.554423 
0.061857  1.592272 
0.063529  1.629748 
0.065200  1.666846 
0.066872  1.703557 
0.068544  1.739876 
0.070216  1.775794 
0.071888  1.811303 
0.073559  1.846394 
0.075231  1.881060 
0.076903  1.915290 
0.078575  1.949074 
0.080247  1.982403 
0.081919  2.015266 
0.083590  2.047652 
0.085262  2.079550 
0.086934  2.110948 
0.088606  2.141835 
0.090278  2.172199 
0.091949  2.202027 
0.093621  2.231308 
0.095293  2.260031 
0.096965  2.288182 
0.098637  2.315751 
0.100308  2.342725 
0.101980  2.369094 
0.103652  2.394847 
0.105324  2.419973 
0.106996  2.444462 
0.108668  2.481678 
0.110339  2.523926 
0.112011  2.565596 
0.113683  2.606657 
0.115355  2.647080 
0.117027  2.686834 
0.118698  2.725887 
0.120370  2.764208 
0.122042  2.801762 
0.123714  2.838514 
0.125386  2.874430 
0.127057  2.909472 
0.128729  2.943600 
0.130401  2.976776 
0.132073  3.008957 
0.133745  3.040102 
0.135416  3.070165 
0.137088  3.099100 
0.138760  3.126862 
0.140432  3.153402 
0.142104  3.178671 
0.143775  3.202619 
0.145447  3.225198 
0.147119  3.246356 
0.148791  3.266044 
0.150463  3.284215 
0.152135  3.300820 
0.153806  3.315815 
0.155478  3.329158 
0.157150  3.340808 
0.158822  3.350730 
0.160494  3.358893 
0.162165  3.365270 
0.163837  3.369841 
0.165509  3.372589 
0.167181  3.373507 


0.000000  0.000000 
0.001672  0.074217 
0.003344  0.148415 
0.005015  0.222576 
0.006687  0.296679 
0.008359  0.370707 
0.010031  0.444641 
0.011703  0.518461 
0.013374  0.592150 
0.015046  0.665688 
0.016718  0.739057 
0.018390  0.812239 
0.020062  0.885216 
0.021733  0.957969 
0.023405  1.030479 
0.025077  1.102731 
0.026749  1.174705 
0.028421  1.246384 
0.030093  1.317750 
0.031764  1.388787 
0.033436  1.459477 
0.035108  1.529803 
0.036780  1.599749 
0.038452  1.669298 
0.040123  1.738432 
0.041795  1.807137 
0.043467  1.875395 
0.045139  1.943190 
0.046811  2.010507 
0.048482  2.077330 
0.050154  2.143642 
0.051826  2.209428 
0.053498  2.274673 
0.055170  2.339360 
0.056841  2.403474 
0.058513  2.467000 
0.060185  2.529922 
0.061857  2.592225 
0.063529  2.653892 
0.065200  2.714909 
0.066872  2.775259 
0.068544  2.834928 
0.070216  2.893899 
0.071888  2.952157 
0.073559  3.009686 
0.075231  3.066469 
0.076903  3.122492 
0.078575  3.177737 
0.080247  3.232190 
0.081919  3.285833 
0.083590  3.338650 
0.085262  3.390626 
0.086934  3.441743 
0.088606  3.491986 
0.090278  3.541339 
0.091949  3.589785 
0.093621  3.637307 
0.095293  3.683891 
0.096965  3.729519 
0.098637  3.774176 
0.100308  3.817847 
0.101980  3.860515 
0.103652  3.902166 
0.105324  3.942785 
0.106996  3.982357 
0.108668  4.020868 
0.110339  4.058305 
0.112011  4.094655 
0.113683  4.129905 
0.115355  4.164044 
0.117027  4.197062 
0.118698  4.228948 
0.120370  4.259693 
0.122042  4.289292 
0.123714  4.317736 
0.125386  4.345020 
0.127057  4.371142 
0.128729  4.396100 
0.130401  4.419892 
0.132073  4.442519 
0.133745  4.463985 
0.135416  4.484294 
0.137088  4.503453 
0.138760  4.521468 
0.140432  4.538349 
0.142104  4.554107 
0.143775  4.568754 
0.145447  4.582302 
0.147119  4.594766 
0.148791  4.606160 
0.150463  4.616500 
0.152135  4.625799 
0.153806  4.634072 
0.155478  4.641334 
0.157150  4.647598 
0.158822  4.652876 
0.160494  4.657179 
0.162165  4.660515 
0.163837  4.662893 
0.165509  4.664318 
0.167181  4.664792 


0.000000  4.658569 
0.001672  4.658655 
0.003344  4.658911 
0.005015  4.659337 
0.006687  4.659932 
0.008359  4.660695 
0.010031  4.661625 
0.011703  4.662720 
0.013374  4.663979 
0.015046  4.665399 
0.016718  4.666977 
0.018390  4.668712 
0.020062  4.670599 
0.021733  4.672636 
0.023405  4.674820 
0.025077  4.677145 
0.026749  4.679609 
0.028421  4.682206 
0.030093  4.684933 
0.031764  4.687784 
0.033436  4.690755 
0.035108  4.693841 
0.036780  4.697035 
0.038452  4.700333 
0.040123  4.703729 
0.041795  4.707218 
0.043467  4.710792 
0.045139  4.714446 
0.046811  4.718174 
0.048482  4.721970 
0.050154  4.725827 
0.051826  4.729740 
0.053498  4.733701 
0.055170  4.737705 
0.056841  4.741745 
0.058513  4.745815 
0.060185  4.749910 
0.061857  4.754021 
0.063529  4.758145 
0.065200  4.762275 
0.066872  4.766405 
0.068544  4.770529 
0.070216  4.774643 
0.071888  4.778742 
0.073559  4.782819 
0.075231  4.786870 
0.076903  4.790891 
0.078575  4.794878 
0.080247  4.798826 
0.081919  4.802731 
0.083590  4.806589 
0.085262  4.810398 
0.086934  4.814153 
0.088606  4.817853 
0.090278  4.821494 
0.091949  4.825073 
0.093621  4.828589 
0.095293  4.832040 
0.096965  4.835423 
0.098637  4.838736 
0.100308  4.841980 
0.101980  4.845151 
0.103652  4.848249 
0.105324  4.851273 
0.106996  4.854222 
0.108668  4.857096 
0.110339  4.859893 
0.112011  4.862614 
0.113683  4.865257 
0.115355  4.867822 
0.117027  4.870310 
0.118698  4.872719 
0.120370  4.875050 
0.122042  4.877303 
0.123714  4.879476 
0.125386  4.881571 
0.127057  4.883586 
0.128729  4.885523 
0.130401  4.887379 
0.132073  4.889156 
0.133745  4.890853 
0.135416  4.892470 
0.137088  4.894006 
0.138760  4.895462 
0.140432  4.896837 
0.142104  4.898131 
0.143775  4.899343 
0.145447  4.900474 
0.147119  4.901522 
0.148791  4.902488 
0.150463  4.903371 
0.152135  4.904171 
0.153806  4.904888 
0.155478  4.905521 
0.157150  4.906071 
0.158822  4.906536 
0.160494  4.906917 
0.162165  4.907213 
0.163837  4.907425 
0.165509  4.907552 
0.167181  4.907595 


0.000000  4.658570 
0.001672  4.659062 
0.003344  4.660537 
0.005015  4.662991 
0.006687  4.666413 
0.008359  4.670790 
0.010031  4.676107 
0.011703  4.682343 
0.013374  4.689477 
0.015046  4.697482 
0.016718  4.706331 
0.018390  4.715992 
0.020062  4.726432 
0.021733  4.737618 
0.023405  4.749511 
0.025077  4.762075 
0.026749  4.775269 
0.028421  4.789054 
0.030093  4.803389 
0.031764  4.818232 
0.033436  4.833542 
0.035108  4.849277 
0.036780  4.865396 
0.038452  4.881857 
0.040123  4.898621 
0.041795  4.915646 
0.043467  4.932894 
0.045139  4.950325 
0.046811  4.967903 
0.048482  4.985591 
0.050154  5.003353 
0.051826  5.021156 
0.053498  5.038965 
0.055170  5.056749 
0.056841  5.074477 
0.058513  5.092121 
0.060185  5.109650 
0.061857  5.127039 
0.063529  5.144261 
0.065200  5.161292 
0.066872  5.178108 
0.068544  5.194687 
0.070216  5.211006 
0.071888  5.227046 
0.073559  5.242787 
0.075231  5.258210 
0.076903  5.273298 
0.078575  5.288033 
0.080247  5.302399 
0.081919  5.316380 
0.083590  5.329961 
0.085262  5.343129 
0.086934  5.355868 
0.088606  5.368167 
0.090278  5.380011 
0.091949  5.391389 
0.093621  5.402289 
0.095293  5.412699 
0.096965  5.422609 
0.098637  5.432009 
0.100308  5.440888 
0.101980  5.449238 
0.103652  5.457052 
0.105324  5.464321 
0.106996  5.471039 
0.108668  5.477201 
0.110339  5.482803 
0.112011  5.487842 
0.113683  5.492317 
0.115355  5.496229 
0.117027  5.499581 
0.118698  5.502377 
0.120370  5.504624 
0.122042  5.506331 
0.123714  5.507512 
0.125386  5.508180 
0.127057  5.508355 
0.128729  5.508057 
0.130401  5.507311 
0.132073  5.506144 
0.133745  5.504588 
0.135416  5.502677 
0.137088  5.500449 
0.138760  5.497944 
0.140432  5.495205 
0.142104  5.492279 
0.143775  5.489213 
0.145447  5.486058 
0.147119  5.482863 
0.148791  5.479682 
0.150463  5.476564 
0.152135  5.473560 
0.153806  5.470721 
0.155478  5.468091 
0.157150  5.465715 
0.158822  5.463632 
0.160494  5.461878 
0.162165  5.460481 
0.163837  5.459466 
0.165509  5.458850 
0.167181  5.458644 


0.000000  6.964676 
0.001672  6.964228 
0.003344  6.962885 
0.005015  6.960653 
0.006687  6.957538 
0.008359  6.953554 
0.010031  6.948715 
0.011703  6.943036 
0.013374  6.936538 
0.015046  6.929242 
0.016718  6.921170 
0.018390  6.912348 
0.020062  6.902801 
0.021733  6.892556 
0.023405  6.881640 
0.025077  6.870080 
0.026749  6.857905 
0.028421  6.845143 
0.030093  6.831821 
0.031764  6.817967 
0.033436  6.803608 
0.035108  6.788772 
0.036780  6.773485 
0.038452  6.757774 
0.040123  6.741664 
0.041795  6.725181 
0.043467  6.708350 
0.045139  6.691194 
0.046811  6.673739 
0.048482  6.656006 
0.050154  6.638021 
0.051826  6.619804 
0.053498  6.601379 
0.055170  6.582768 
0.056841  6.563991 
0.058513  6.545071 
0.060185  6.526029 
0.061857  6.506884 
0.063529  6.487658 
0.065200  6.468371 
0.066872  6.449042 
0.068544  6.429692 
0.070216  6.410341 
0.071888  6.391007 
0.073559  6.371711 
0.075231  6.352471 
0.076903  6.333307 
0.078575  6.314238 
0.080247  6.295283 
0.081919  6.276461 
0.083590  6.257790 
0.085262  6.239289 
0.086934  6.220978 
0.088606  6.202873 
0.090278  6.184994 
0.091949  6.167358 
0.093621  6.149984 
0.095293  6.132889 
0.096965  6.116091 
0.098637  6.099606 
0.100308  6.083452 
0.101980  6.067645 
0.103652  6.052201 
0.105324  6.037136 
0.106996  6.022463 
0.108668  6.008199 
0.110339  5.994355 
0.112011  5.980946 
0.113683  5.967982 
0.115355  5.955476 
0.117027  5.943437 
0.118698  5.931874 
0.120370  5.920794 
0.122042  5.910204 
0.123714  5.900108 
0.125386  5.890511 
0.127057  5.881414 
0.128729  5.872816 
0.130401  5.864716 
0.132073  5.857111 
0.133745  5.849995 
0.135416  5.843362 
0.137088  5.837202 
0.138760  5.831505 
0.140432  5.826258 
0.142104  5.821449 
0.143775  5.817062 
0.145447  5.813081 
0.147119  5.809490 
0.148791  5.806271 
0.150463  5.803406 
0.152135  5.800879 
0.153806  5.798671 
0.155478  5.796767 
0.157150  5.795152 
0.158822  5.793810 
0.160494  5.792730 
0.162165  5.791902 
0.163837  5.791316 
0.165509  5.790968 
0.167181  5.790852 


0.000000  7.855105 
0.001672  7.855084 
0.003344  7.855017 
0.005015  7.854905 
0.006687  7.854746 
0.008359  7.854538 
0.010031  7.854278 
0.011703  7.853964 
0.013374  7.853591 
0.015046  7.853157 
0.016718  7.852656 
0.018390  7.852083 
0.020062  7.851434 
0.021733  7.850704 
0.023405  7.849886 
0.025077  7.848976 
0.026749  7.847967 
0.028421  7.846855 
0.030093  7.845633 
0.031764  7.844296 
0.033436  7.842839 
0.035108  7.841256 
0.036780  7.839544 
0.038452  7.837697 
0.040123  7.835712 
0.041795  7.833585 
0.043467  7.831313 
0.045139  7.828894 
0.046811  7.826324 
0.048482  7.823604 
0.050154  7.820731 
0.051826  7.817705 
0.053498  7.814527 
0.055170  7.811198 
0.056841  7.807718 
0.058513  7.804090 
0.060185  7.800316 
0.061857  7.796400 
0.063529  7.792345 
0.065200  7.788155 
0.066872  7.783834 
0.068544  7.779388 
0.070216  7.774823 
0.071888  7.770144 
0.073559  7.765357 
0.075231  7.760469 
0.076903  7.755486 
0.078575  7.750416 
0.080247  7.745266 
0.081919  7.740044 
0.083590  7.734756 
0.085262  7.729411 
0.086934  7.724016 
0.088606  7.718580 
0.090278  7.713109 
0.091949  7.707612 
0.093621  7.702097 
0.095293  7.696571 
0.096965  7.691043 
0.098637  7.685519 
0.100308  7.680007 
0.101980  7.674516 
0.103652  7.669052 
0.105324  7.663622 
0.106996  7.658235 
0.108668  7.652896 
0.110339  7.647613 
0.112011  7.642393 
0.113683  7.637243 
0.115355  7.632170 
0.117027  7.627179 
0.118698  7.622278 
0.120370  7.617473 
0.122042  7.612770 
0.123714  7.608176 
0.125386  7.603696 
0.127057  7.599336 
0.128729  7.595103 
0.130401  7.591001 
0.132073  7.587038 
0.133745  7.583218 
0.135416  7.579546 
0.137088  7.576028 
0.138760  7.572668 
0.140432  7.569472 
0.142104  7.566445 
0.143775  7.563590 
0.145447  7.560913 
0.147119  7.558416 
0.148791  7.556105 
0.150463  7.553982 
0.152135  7.552051 
0.153806  7.550314 
0.155478  7.548776 
0.157150  7.547437 
0.158822  7.546301 
0.160494  7.545369 
0.162165  7.544642 
0.163837  7.544122 
0.165509  7.543810 
0.167181  7.543706 


0.000000  7.855107 
0.001672  7.855299 
0.003344  7.855873 
0.005015  7.856825 
0.006687  7.858145 
0.008359  7.859821 
0.010031  7.861839 
0.011703  7.864180 
0.013374  7.866823 
0.015046  7.869748 
0.016718  7.872930 
0.018390  7.876343 
0.020062  7.879961 
0.021733  7.883759 
0.023405  7.887708 
0.025077  7.891781 
0.026749  7.895952 
0.028421  7.900195 
0.030093  7.904484 
0.031764  7.908796 
0.033436  7.913105 
0.035108  7.917392 
0.036780  7.921634 
0.038452  7.925812 
0.040123  7.929909 
0.041795  7.933909 
0.043467  7.937797 
0.045139  7.941559 
0.046811  7.945185 
0.048482  7.948664 
0.050154  7.951988 
0.051826  7.955151 
0.053498  7.958146 
0.055170  7.960970 
0.056841  7.963621 
0.058513  7.966098 
0.060185  7.968399 
0.061857  7.970526 
0.063529  7.972482 
0.065200  7.974269 
0.066872  7.975891 
0.068544  7.977353 
0.070216  7.978659 
0.071888  7.979816 
0.073559  7.980831 
0.075231  7.981708 
0.076903  7.982457 
0.078575  7.983082 
0.080247  7.983592 
0.081919  7.983994 
0.083590  7.984294 
0.085262  7.984500 
0.086934  7.984619 
0.088606  7.984657 
0.090278  7.984620 
0.091949  7.984514 
0.093621  7.984346 
0.095293  7.984120 
0.096965  7.983841 
0.098637  7.983514 
0.100308  7.983143 
0.101980  7.982732 
0.103652  7.982284 
0.105324  7.981803 
0.106996  7.981292 
0.108668  7.980753 
0.110339  7.980189 
0.112011  7.979601 
0.113683  7.978993 
0.115355  7.978366 
0.117027  7.977721 
0.118698  7.977061 
0.120370  7.976387 
0.122042  7.975702 
0.123714  7.975006 
0.125386  7.974303 
0.127057  7.973593 
0.128729  7.972880 
0.130401  7.972164 
0.132073  7.971450 
0.133745  7.970739 
0.135416  7.970034 
0.137088  7.969338 
0.138760  7.968654 
0.140432  7.967985 
0.142104  7.967334 
0.143775  7.966705 
0.145447  7.966100 
0.147119  7.965524 
0.148791  7.964979 
0.150463  7.964469 
0.152135  7.963997 
0.153806  7.963565 
0.155478  7.963177 
0.157150  7.962835 
0.158822  7.961011 
0.160494  7.956640 
0.162165  7.953241 
0.163837  7.950813 
0.165509  7.949356 
0.167181  7.948871 


0.000000  9.870054 
0.001672  9.869625 
0.003344  9.868340 
0.005015  9.866201 
0.006687  9.863207 
0.008359  9.859363 
0.010031  9.854672 
0.011703  9.849137 
0.013374  9.842764 
0.015046  9.835557 
0.016718  9.827524 
0.018390  9.818670 
0.020062  9.809003 
0.021733  9.798532 
0.023405  9.787264 
0.025077  9.775209 
0.026749  9.762377 
0.028421  9.748778 
0.030093  9.734423 
0.031764  9.719323 
0.033436  9.703490 
0.035108  9.686935 
0.036780  9.669672 
0.038452  9.651714 
0.040123  9.633073 
0.041795  9.613764 
0.043467  9.593801 
0.045139  9.573198 
0.046811  9.551971 
0.048482  9.530133 
0.050154  9.507702 
0.051826  9.484694 
0.053498  9.461123 
0.055170  9.437008 
0.056841  9.412366 
0.058513  9.387214 
0.060185  9.361570 
0.061857  9.335453 
0.063529  9.308882 
0.065200  9.281877 
0.066872  9.254458 
0.068544  9.226646 
0.070216  9.198462 
0.071888  9.169930 
0.073559  9.141070 
0.075231  9.111908 
0.076903  9.082468 
0.078575  9.052775 
0.080247  9.022855 
0.081919  8.992736 
0.083590  8.962444 
0.085262  8.932010 
0.086934  8.901462 
0.088606  8.870831 
0.090278  8.840150 
0.091949  8.809450 
0.093621  8.778765 
0.095293  8.748129 
0.096965  8.717577 
0.098637  8.687145 
0.100308  8.656870 
0.101980  8.626788 
0.103652  8.596937 
0.105324  8.567356 
0.106996  8.538083 
0.108668  8.509156 
0.110339  8.480614 
0.112011  8.452496 
0.113683  8.424840 
0.115355  8.397684 
0.117027  8.371065 
0.118698  8.345020 
0.120370  8.319585 
0.122042  8.294793 
0.123714  8.270679 
0.125386  8.247275 
0.127057  8.224610 
0.128729  8.202713 
0.130401  8.181612 
0.132073  8.161330 
0.133745  8.141891 
0.135416  8.123316 
0.137088  8.105624 
0.138760  8.088830 
0.140432  8.072950 
0.142104  8.057996 
0.143775  8.043980 
0.145447  8.030909 
0.147119  8.018792 
0.148791  8.007634 
0.150463  7.997440 
0.152135  7.988214 
0.153806  7.979956 
0.155478  7.972669 
0.157150  7.966354 
0.158822  7.962542 
0.160494  7.962299 
0.162165  7.962108 
0.163837  7.961971 
0.165509  7.961888 
0.167181  7.961861 


