# distance  frequency (bands are separated by blank lines)
# End points of segments: 
#   0.00000000 0.19304370 
0.000000  3.517763 
0.001930  3.518194 
0.003861  3.519486 
0.005791  3.521617 
0.007722  3.524547 
0.009652  3.528212 
0.011583  3.532529 
0.013513  3.537397 
0.015444  3.542693 
0.017374  3.545951 
0.019304  3.534013 
0.021235  3.520694 
0.023165  3.505991 
0.025096  3.489904 
0.027026  3.472440 
0.028957  3.453607 
0.030887  3.433418 
0.032817  3.411889 
0.034748  3.389037 
0.036678  3.364883 
0.038609  3.339449 
0.040539  3.312759 
0.042470  3.284837 
0.044400  3.255709 
0.046330  3.225403 
0.048261  3.193944 
0.050191  3.161362 
0.052122  3.127684 
0.054052  3.092939 
0.055983  3.057154 
0.057913  3.020358 
0.059844  2.982580 
0.061774  2.943848 
0.063704  2.904190 
0.065635  2.863635 
0.067565  2.822211 
0.069496  2.779945 
0.071426  2.736867 
0.073357  2.693003 
0.075287  2.648382 
0.077217  2.603032 
0.079148  2.556981 
0.081078  2.510257 
0.083009  2.462888 
0.084939  2.414903 
0.086870  2.366331 
0.088800  2.317201 
0.090731  2.267543 
0.092661  2.217386 
0.094591  2.166762 
0.096522  2.115701 
0.098452  2.064237 
0.100383  2.012402 
0.102313  1.960230 
0.104244  1.907756 
0.106174  1.855017 
0.108105  1.802050 
0.110035  1.748893 
0.111965  1.695586 
0.113896  1.642172 
0.115826  1.588693 
0.117757  1.535195 
0.119687  1.481722 
0.121618  1.428324 
0.123548  1.375050 
0.125478  1.321952 
0.127409  1.269083 
0.129339  1.216499 
0.131270  1.164256 
0.133200  1.112414 
0.135131  1.061033 
0.137061  1.010175 
0.138991  0.959903 
0.140922  0.910283 
0.142852  0.861381 
0.144783  0.813263 
0.146713  0.765997 
0.148644  0.719651 
0.150574  0.674293 
0.152504  0.629989 
0.154435  0.586807 
0.156365  0.544808 
0.158296  0.504056 
0.160226  0.464606 
0.162157  0.426511 
0.164087  0.389818 
0.166018  0.354565 
0.167948  0.320782 
0.169878  0.288488 
0.171809  0.257687 
0.173739  0.228370 
0.175670  0.200509 
0.177600  0.174058 
0.179531  0.148948 
0.181461  0.125087 
0.183392  0.102358 
0.185322  0.080620 
0.187252  0.059709 
0.189183  0.039440 
0.191113  0.019609 
0.193044  -0.000000 


0.000000  3.594410 
0.001930  3.593873 
0.003861  3.592227 
0.005791  3.589420 
0.007722  3.585404 
0.009652  3.580139 
0.011583  3.573589 
0.013513  3.565723 
0.015444  3.556517 
0.017374  3.548275 
0.019304  3.553984 
0.021235  3.559637 
0.023165  3.565036 
0.025096  3.569959 
0.027026  3.574168 
0.028957  3.577408 
0.030887  3.579410 
0.032817  3.579898 
0.034748  3.578599 
0.036678  3.575253 
0.038609  3.569631 
0.040539  3.561547 
0.042470  3.550873 
0.044400  3.537546 
0.046330  3.521573 
0.048261  3.503019 
0.050191  3.482001 
0.052122  3.458668 
0.054052  3.433191 
0.055983  3.405746 
0.057913  3.376506 
0.059844  3.345633 
0.061774  3.313279 
0.063704  3.279576 
0.065635  3.244646 
0.067565  3.208592 
0.069496  3.171506 
0.071426  3.133470 
0.073357  3.094554 
0.075287  3.054819 
0.077217  3.014320 
0.079148  2.973105 
0.081078  2.931216 
0.083009  2.888693 
0.084939  2.845569 
0.086870  2.801875 
0.088800  2.757642 
0.090731  2.712895 
0.092661  2.667659 
0.094591  2.621956 
0.096522  2.575810 
0.098452  2.529239 
0.100383  2.482264 
0.102313  2.434903 
0.104244  2.387175 
0.106174  2.339096 
0.108105  2.290683 
0.110035  2.241952 
0.111965  2.192918 
0.113896  2.143597 
0.115826  2.094003 
0.117757  2.044149 
0.119687  1.994050 
0.121618  1.943718 
0.123548  1.893166 
0.125478  1.842407 
0.127409  1.791451 
0.129339  1.740310 
0.131270  1.688996 
0.133200  1.637518 
0.135131  1.585886 
0.137061  1.534110 
0.138991  1.482199 
0.140922  1.430162 
0.142852  1.378007 
0.144783  1.325743 
0.146713  1.273376 
0.148644  1.220913 
0.150574  1.168363 
0.152504  1.115731 
0.154435  1.063022 
0.156365  1.010244 
0.158296  0.957402 
0.160226  0.904500 
0.162157  0.851544 
0.164087  0.798539 
0.166018  0.745488 
0.167948  0.692396 
0.169878  0.639267 
0.171809  0.586105 
0.173739  0.532912 
0.175670  0.479693 
0.177600  0.426450 
0.179531  0.373187 
0.181461  0.319907 
0.183392  0.266611 
0.185322  0.213303 
0.187252  0.159986 
0.189183  0.106661 
0.191113  0.053332 
0.193044  -0.000000 


0.000000  4.323828 
0.001930  4.322957 
0.003861  4.320331 
0.005791  4.315953 
0.007722  4.309853 
0.009652  4.302093 
0.011583  4.292757 
0.013513  4.281952 
0.015444  4.269803 
0.017374  4.256453 
0.019304  4.242058 
0.021235  4.226790 
0.023165  4.210832 
0.025096  4.194379 
0.027026  4.177635 
0.028957  4.160814 
0.030887  4.144134 
0.032817  4.127811 
0.034748  4.112053 
0.036678  4.097048 
0.038609  4.082947 
0.040539  4.069854 
0.042470  4.057811 
0.044400  4.046791 
0.046330  4.036699 
0.048261  4.027377 
0.050191  4.018621 
0.052122  4.010191 
0.054052  4.001834 
0.055983  3.993293 
0.057913  3.984319 
0.059844  3.974680 
0.061774  3.964164 
0.063704  3.952582 
0.065635  3.939770 
0.067565  3.925584 
0.069496  3.909905 
0.071426  3.892633 
0.073357  3.873689 
0.075287  3.853009 
0.077217  3.830547 
0.079148  3.806270 
0.081078  3.780157 
0.083009  3.752199 
0.084939  3.722397 
0.086870  3.690759 
0.088800  3.657299 
0.090731  3.622040 
0.092661  3.585005 
0.094591  3.546224 
0.096522  3.505728 
0.098452  3.463552 
0.100383  3.419730 
0.102313  3.374299 
0.104244  3.327293 
0.106174  3.278751 
0.108105  3.228706 
0.110035  3.177196 
0.111965  3.124255 
0.113896  3.069915 
0.115826  3.014211 
0.117757  2.957174 
0.119687  2.898836 
0.121618  2.839225 
0.123548  2.778373 
0.125478  2.716306 
0.127409  2.653053 
0.129339  2.588641 
0.131270  2.523096 
0.133200  2.456445 
0.135131  2.388715 
0.137061  2.319930 
0.138991  2.250117 
0.140922  2.179301 
0.142852  2.107510 
0.144783  2.034770 
0.146713  1.961107 
0.148644  1.886550 
0.150574  1.811126 
0.152504  1.734864 
0.154435  1.657794 
0.156365  1.579947 
0.158296  1.501354 
0.160226  1.422046 
0.162157  1.342057 
0.164087  1.261421 
0.166018  1.180174 
0.167948  1.098349 
0.169878  1.015986 
0.171809  0.933121 
0.173739  0.849792 
0.175670  0.766039 
0.177600  0.681903 
0.179531  0.597423 
0.181461  0.512642 
0.183392  0.427600 
0.185322  0.342342 
0.187252  0.256910 
0.189183  0.171346 
0.191113  0.085695 
0.193044  0.000000 


0.000000  5.281606 
0.001930  5.281829 
0.003861  5.282494 
0.005791  5.283580 
0.007722  5.285051 
0.009652  5.286851 
0.011583  5.288900 
0.013513  5.291086 
0.015444  5.293256 
0.017374  5.295207 
0.019304  5.296677 
0.021235  5.297348 
0.023165  5.296881 
0.025096  5.294977 
0.027026  5.291459 
0.028957  5.286316 
0.030887  5.279680 
0.032817  5.271759 
0.034748  5.262779 
0.036678  5.252944 
0.038609  5.242423 
0.040539  5.231359 
0.042470  5.219865 
0.044400  5.208036 
0.046330  5.195949 
0.048261  5.183670 
0.050191  5.171257 
0.052122  5.158758 
0.054052  5.146217 
0.055983  5.133670 
0.057913  5.121151 
0.059844  5.108689 
0.061774  5.096310 
0.063704  5.084035 
0.065635  5.071884 
0.067565  5.059875 
0.069496  5.048020 
0.071426  5.036332 
0.073357  5.024821 
0.075287  5.013495 
0.077217  5.002359 
0.079148  4.991419 
0.081078  4.980676 
0.083009  4.970134 
0.084939  4.959793 
0.086870  4.949653 
0.088800  4.939711 
0.090731  4.929967 
0.092661  4.920418 
0.094591  4.911061 
0.096522  4.901893 
0.098452  4.892910 
0.100383  4.884108 
0.102313  4.875484 
0.104244  4.867034 
0.106174  4.858754 
0.108105  4.850640 
0.110035  4.842690 
0.111965  4.834900 
0.113896  4.827268 
0.115826  4.819791 
0.117757  4.812466 
0.119687  4.805293 
0.121618  4.798270 
0.123548  4.791396 
0.125478  4.784671 
0.127409  4.778094 
0.129339  4.771667 
0.131270  4.765388 
0.133200  4.759261 
0.135131  4.753285 
0.137061  4.747463 
0.138991  4.741797 
0.140922  4.736289 
0.142852  4.730941 
0.144783  4.725757 
0.146713  4.720740 
0.148644  4.715892 
0.150574  4.711216 
0.152504  4.706717 
0.154435  4.702398 
0.156365  4.698261 
0.158296  4.694311 
0.160226  4.690552 
0.162157  4.686985 
0.164087  4.683616 
0.166018  4.680447 
0.167948  4.677481 
0.169878  4.674721 
0.171809  4.672171 
0.173739  4.669833 
0.175670  4.667710 
0.177600  4.665803 
0.179531  4.664116 
0.181461  4.662649 
0.183392  4.661406 
0.185322  4.660386 
0.187252  4.659592 
0.189183  4.659024 
0.191113  4.658683 
0.193044  4.658569 


0.000000  5.423687 
0.001930  5.423303 
0.003861  5.422172 
0.005791  5.420339 
0.007722  5.417860 
0.009652  5.414807 
0.011583  5.411277 
0.013513  5.407391 
0.015444  5.403312 
0.017374  5.399247 
0.019304  5.395460 
0.021235  5.392265 
0.023165  5.389996 
0.025096  5.388944 
0.027026  5.389276 
0.028957  5.390989 
0.030887  5.393937 
0.032817  5.397893 
0.034748  5.402617 
0.036678  5.407885 
0.038609  5.413510 
0.040539  5.419330 
0.042470  5.425215 
0.044400  5.431052 
0.046330  5.436746 
0.048261  5.442216 
0.050191  5.447391 
0.052122  5.452207 
0.054052  5.456609 
0.055983  5.460550 
0.057913  5.463987 
0.059844  5.466883 
0.061774  5.469205 
0.063704  5.470926 
0.065635  5.472021 
0.067565  5.472471 
0.069496  5.472259 
0.071426  5.471371 
0.073357  5.469797 
0.075287  5.467529 
0.077217  5.464561 
0.079148  5.460889 
0.081078  5.456511 
0.083009  5.451428 
0.084939  5.445640 
0.086870  5.439151 
0.088800  5.431964 
0.090731  5.424085 
0.092661  5.415520 
0.094591  5.406276 
0.096522  5.396361 
0.098452  5.385786 
0.100383  5.374559 
0.102313  5.362694 
0.104244  5.350201 
0.106174  5.337094 
0.108105  5.323389 
0.110035  5.309102 
0.111965  5.294248 
0.113896  5.278848 
0.115826  5.262922 
0.117757  5.246491 
0.119687  5.229579 
0.121618  5.212212 
0.123548  5.194416 
0.125478  5.176222 
0.127409  5.157660 
0.129339  5.138764 
0.131270  5.119570 
0.133200  5.100115 
0.135131  5.080441 
0.137061  5.060588 
0.138991  5.040604 
0.140922  5.020534 
0.142852  5.000428 
0.144783  4.980338 
0.146713  4.960318 
0.148644  4.940424 
0.150574  4.920715 
0.152504  4.901250 
0.154435  4.882091 
0.156365  4.863301 
0.158296  4.844944 
0.160226  4.827085 
0.162157  4.809790 
0.164087  4.793125 
0.166018  4.777155 
0.167948  4.761946 
0.169878  4.747561 
0.171809  4.734062 
0.173739  4.721509 
0.175670  4.709960 
0.177600  4.699468 
0.179531  4.690083 
0.181461  4.681852 
0.183392  4.674815 
0.185322  4.669008 
0.187252  4.664459 
0.189183  4.661193 
0.191113  4.659227 
0.193044  4.658570 


0.000000  5.450693 
0.001930  5.451290 
0.003861  5.453066 
0.005791  5.455985 
0.007722  5.459994 
0.009652  5.465023 
0.011583  5.470994 
0.013513  5.477818 
0.015444  5.485400 
0.017374  5.493643 
0.019304  5.502452 
0.021235  5.511736 
0.023165  5.521406 
0.025096  5.531384 
0.027026  5.541598 
0.028957  5.551988 
0.030887  5.562502 
0.032817  5.573098 
0.034748  5.583747 
0.036678  5.594429 
0.038609  5.605134 
0.040539  5.615863 
0.042470  5.626624 
0.044400  5.637434 
0.046330  5.648318 
0.048261  5.659308 
0.050191  5.670441 
0.052122  5.681756 
0.054052  5.693299 
0.055983  5.705115 
0.057913  5.717251 
0.059844  5.729752 
0.061774  5.742663 
0.063704  5.756025 
0.065635  5.769876 
0.067565  5.784248 
0.069496  5.799170 
0.071426  5.814664 
0.073357  5.830746 
0.075287  5.847426 
0.077217  5.864710 
0.079148  5.882594 
0.081078  5.901072 
0.083009  5.920131 
0.084939  5.939756 
0.086870  5.959924 
0.088800  5.980610 
0.090731  6.001787 
0.092661  6.023424 
0.094591  6.045488 
0.096522  6.067945 
0.098452  6.090759 
0.100383  6.113895 
0.102313  6.137314 
0.104244  6.160980 
0.106174  6.184857 
0.108105  6.208907 
0.110035  6.233095 
0.111965  6.257385 
0.113896  6.281743 
0.115826  6.306135 
0.117757  6.330527 
0.119687  6.354889 
0.121618  6.379189 
0.123548  6.403396 
0.125478  6.427481 
0.127409  6.451416 
0.129339  6.475172 
0.131270  6.498723 
0.133200  6.522039 
0.135131  6.545096 
0.137061  6.567865 
0.138991  6.590321 
0.140922  6.612437 
0.142852  6.634184 
0.144783  6.655537 
0.146713  6.676466 
0.148644  6.696943 
0.150574  6.716938 
0.152504  6.736422 
0.154435  6.755362 
0.156365  6.773726 
0.158296  6.791481 
0.160226  6.808592 
0.162157  6.825023 
0.164087  6.840736 
0.166018  6.855695 
0.167948  6.869859 
0.169878  6.883191 
0.171809  6.895649 
0.173739  6.907194 
0.175670  6.917786 
0.177600  6.927387 
0.179531  6.935960 
0.181461  6.943470 
0.183392  6.949885 
0.185322  6.955175 
0.187252  6.959316 
0.189183  6.962289 
0.191113  6.964079 
0.193044  6.964676 


0.000000  7.621753 
0.001930  7.621854 
0.003861  7.622166 
0.005791  7.622705 
0.007722  7.623479 
0.009652  7.624499 
0.011583  7.625769 
0.013513  7.627293 
0.015444  7.629073 
0.017374  7.631106 
0.019304  7.633389 
0.021235  7.635916 
0.023165  7.638679 
0.025096  7.641668 
0.027026  7.644870 
0.028957  7.648272 
0.030887  7.651857 
0.032817  7.655609 
0.034748  7.659507 
0.036678  7.663533 
0.038609  7.667663 
0.040539  7.671877 
0.042470  7.676150 
0.044400  7.680460 
0.046330  7.684782 
0.048261  7.689095 
0.050191  7.693374 
0.052122  7.697600 
0.054052  7.701752 
0.055983  7.705813 
0.057913  7.709768 
0.059844  7.713606 
0.061774  7.717318 
0.063704  7.720899 
0.065635  7.724347 
0.067565  7.727666 
0.069496  7.730860 
0.071426  7.733936 
0.073357  7.736907 
0.075287  7.739782 
0.077217  7.742576 
0.079148  7.745301 
0.081078  7.747972 
0.083009  7.750601 
0.084939  7.753201 
0.086870  7.755783 
0.088800  7.758356 
0.090731  7.760929 
0.092661  7.763510 
0.094591  7.766103 
0.096522  7.768714 
0.098452  7.771345 
0.100383  7.773997 
0.102313  7.776671 
0.104244  7.779366 
0.106174  7.782081 
0.108105  7.784812 
0.110035  7.787556 
0.111965  7.790309 
0.113896  7.793066 
0.115826  7.795822 
0.117757  7.798570 
0.119687  7.801305 
0.121618  7.804020 
0.123548  7.806709 
0.125478  7.809365 
0.127409  7.811982 
0.129339  7.814552 
0.131270  7.817070 
0.133200  7.819530 
0.135131  7.821926 
0.137061  7.824253 
0.138991  7.826506 
0.140922  7.828680 
0.142852  7.830772 
0.144783  7.832778 
0.146713  7.834696 
0.148644  7.836524 
0.150574  7.838260 
0.152504  7.839902 
0.154435  7.841451 
0.156365  7.842907 
0.158296  7.844270 
0.160226  7.845540 
0.162157  7.846721 
0.164087  7.847812 
0.166018  7.848817 
0.167948  7.849738 
0.169878  7.850576 
0.171809  7.851335 
0.173739  7.852017 
0.175670  7.852625 
0.177600  7.853160 
0.179531  7.853627 
0.181461  7.854026 
0.183392  7.854360 
0.185322  7.854631 
0.187252  7.854840 
0.189183  7.854988 
0.191113  7.855077 
0.193044  7.855105 


0.000000  7.651455 
0.001930  7.651776 
0.003861  7.652752 
0.005791  7.654403 
0.007722  7.656750 
0.009652  7.659814 
0.011583  7.663616 
0.013513  7.668180 
0.015444  7.673528 
0.017374  7.679683 
0.019304  7.686670 
0.021235  7.694511 
0.023165  7.703230 
0.025096  7.712851 
0.027026  7.723396 
0.028957  7.734887 
0.030887  7.747345 
0.032817  7.760789 
0.034748  7.775236 
0.036678  7.790701 
0.038609  7.807199 
0.040539  7.824738 
0.042470  7.843325 
0.044400  7.862965 
0.046330  7.867613 
0.048261  7.867038 
0.050191  7.866678 
0.052122  7.866550 
0.054052  7.866669 
0.055983  7.867046 
0.057913  7.867693 
0.059844  7.868613 
0.061774  7.869809 
0.063704  7.871280 
0.065635  7.873019 
0.067565  7.875015 
0.069496  7.877257 
0.071426  7.879727 
0.073357  7.882405 
0.075287  7.885272 
0.077217  7.888304 
0.079148  7.891477 
0.081078  7.894768 
0.083009  7.898151 
0.084939  7.901604 
0.086870  7.905103 
0.088800  7.908625 
0.090731  7.912147 
0.092661  7.915649 
0.094591  7.919109 
0.096522  7.922509 
0.098452  7.925827 
0.100383  7.929046 
0.102313  7.932148 
0.104244  7.935113 
0.106174  7.937926 
0.108105  7.940568 
0.110035  7.943023 
0.111965  7.945275 
0.113896  7.947308 
0.115826  7.949106 
0.117757  7.950656 
0.119687  7.951942 
0.121618  7.952953 
0.123548  7.953676 
0.125478  7.954100 
0.127409  7.954215 
0.129339  7.954014 
0.131270  7.953490 
0.133200  7.952639 
0.135131  7.951458 
0.137061  7.949946 
0.138991  7.948107 
0.140922  7.945944 
0.142852  7.943465 
0.144783  7.940680 
0.146713  7.937601 
0.148644  7.934246 
0.150574  7.930632 
0.152504  7.926782 
0.154435  7.922720 
0.156365  7.918476 
0.158296  7.914080 
0.160226  7.909567 
0.162157  7.904972 
0.164087  7.900335 
0.166018  7.895698 
0.167948  7.891104 
0.169878  7.886597 
0.171809  7.882224 
0.173739  7.878031 
0.175670  7.874064 
0.177600  7.870369 
0.179531  7.866988 
0.181461  7.863964 
0.183392  7.861334 
0.185322  7.859133 
0.187252  7.857389 
0.189183  7.856127 
0.191113  7.855362 
0.193044  7.855107 


0.000000  7.892924 
0.001930  7.892859 
0.003861  7.892660 
0.005791  7.892321 
0.007722  7.891842 
0.009652  7.891222 
0.011583  7.890463 
0.013513  7.889572 
0.015444  7.888556 
0.017374  7.887423 
0.019304  7.886185 
0.021235  7.884855 
0.023165  7.883449 
0.025096  7.881982 
0.027026  7.880472 
0.028957  7.878938 
0.030887  7.877401 
0.032817  7.875882 
0.034748  7.874401 
0.036678  7.872983 
0.038609  7.871649 
0.040539  7.870422 
0.042470  7.869326 
0.044400  7.868382 
0.046330  7.883658 
0.048261  7.905400 
0.050191  7.928184 
0.052122  7.951999 
0.054052  7.976828 
0.055983  8.002653 
0.057913  8.029451 
0.059844  8.057194 
0.061774  8.085850 
0.063704  8.115387 
0.065635  8.145765 
0.067565  8.176944 
0.069496  8.208881 
0.071426  8.241529 
0.073357  8.274841 
0.075287  8.308766 
0.077217  8.343254 
0.079148  8.378251 
0.081078  8.413706 
0.083009  8.449564 
0.084939  8.485772 
0.086870  8.522275 
0.088800  8.559022 
0.090731  8.595959 
0.092661  8.633034 
0.094591  8.670197 
0.096522  8.707397 
0.098452  8.744588 
0.100383  8.781720 
0.102313  8.818750 
0.104244  8.855632 
0.106174  8.892323 
0.108105  8.928784 
0.110035  8.964974 
0.111965  9.000855 
0.113896  9.036391 
0.115826  9.071545 
0.117757  9.106286 
0.119687  9.140579 
0.121618  9.174393 
0.123548  9.207698 
0.125478  9.240465 
0.127409  9.272666 
0.129339  9.304273 
0.131270  9.335260 
0.133200  9.365600 
0.135131  9.395269 
0.137061  9.424242 
0.138991  9.452496 
0.140922  9.480006 
0.142852  9.506751 
0.144783  9.532706 
0.146713  9.557851 
0.148644  9.582163 
0.150574  9.605622 
0.152504  9.628206 
0.154435  9.649895 
0.156365  9.670670 
0.158296  9.690510 
0.160226  9.709398 
0.162157  9.727315 
0.164087  9.744242 
0.166018  9.760164 
0.167948  9.775064 
0.169878  9.788926 
0.171809  9.801736 
0.173739  9.813481 
0.175670  9.824147 
0.177600  9.833723 
0.179531  9.842198 
0.181461  9.849562 
0.183392  9.855808 
0.185322  9.860929 
0.187252  9.864917 
0.189183  9.867770 
0.191113  9.869482 
0.193044  9.870054 


