# distance  frequency (bands are separated by blank lines)
# End points of segments: 
#   0.00000000 0.09652180 
0.000000  2.873061 
0.000965  2.873351 
0.001930  2.874222 
0.002896  2.875671 
0.003861  2.877696 
0.004826  2.880294 
0.005791  2.883461 
0.006757  2.887190 
0.007722  2.891476 
0.008687  2.896311 
0.009652  2.901687 
0.010617  2.907596 
0.011583  2.914026 
0.012548  2.920968 
0.013513  2.928410 
0.014478  2.936339 
0.015444  2.944744 
0.016409  2.953609 
0.017374  2.962922 
0.018339  2.972666 
0.019304  2.982826 
0.020270  2.993386 
0.021235  3.004330 
0.022200  3.015641 
0.023165  3.027299 
0.024130  3.039289 
0.025096  3.051590 
0.026061  3.064184 
0.027026  3.077051 
0.027991  3.090173 
0.028957  3.103527 
0.029922  3.117095 
0.030887  3.130854 
0.031852  3.144784 
0.032817  3.158862 
0.033783  3.173067 
0.034748  3.187376 
0.035713  3.201766 
0.036678  3.216213 
0.037644  3.230693 
0.038609  3.245183 
0.039574  3.259657 
0.040539  3.274089 
0.041504  3.288453 
0.042470  3.302723 
0.043435  3.316871 
0.044400  3.330869 
0.045365  3.344689 
0.046330  3.358301 
0.047296  3.371674 
0.048261  3.384780 
0.049226  3.397586 
0.050191  3.410061 
0.051157  3.422173 
0.052122  3.433891 
0.053087  3.445184 
0.054052  3.456019 
0.055017  3.461904 
0.055983  3.465649 
0.056948  3.469452 
0.057913  3.473307 
0.058878  3.477210 
0.059844  3.481157 
0.060809  3.485142 
0.061774  3.489160 
0.062739  3.493205 
0.063704  3.497272 
0.064670  3.501355 
0.065635  3.505446 
0.066600  3.509541 
0.067565  3.513631 
0.068530  3.517710 
0.069496  3.521771 
0.070461  3.525806 
0.071426  3.529808 
0.072391  3.533770 
0.073357  3.537682 
0.074322  3.541537 
0.075287  3.545327 
0.076252  3.548584 
0.077217  3.547067 
0.078183  3.545368 
0.079148  3.543523 
0.080113  3.541570 
0.081078  3.539543 
0.082044  3.537477 
0.083009  3.535402 
0.083974  3.533346 
0.084939  3.531336 
0.085904  3.529398 
0.086870  3.527553 
0.087835  3.525822 
0.088800  3.524223 
0.089765  3.522772 
0.090731  3.521485 
0.091696  3.520373 
0.092661  3.519447 
0.093626  3.518717 
0.094591  3.518189 
0.095557  3.517870 
0.096522  3.517763 


0.000000  3.373507 
0.000965  3.373520 
0.001930  3.373562 
0.002896  3.373632 
0.003861  3.373730 
0.004826  3.373858 
0.005791  3.374016 
0.006757  3.374204 
0.007722  3.374425 
0.008687  3.374679 
0.009652  3.374967 
0.010617  3.375292 
0.011583  3.375655 
0.012548  3.376058 
0.013513  3.376502 
0.014478  3.376990 
0.015444  3.377524 
0.016409  3.378105 
0.017374  3.378737 
0.018339  3.379422 
0.019304  3.380161 
0.020270  3.380958 
0.021235  3.381814 
0.022200  3.382732 
0.023165  3.383715 
0.024130  3.384764 
0.025096  3.385882 
0.026061  3.387072 
0.027026  3.388335 
0.027991  3.389674 
0.028957  3.391090 
0.029922  3.392585 
0.030887  3.394162 
0.031852  3.395822 
0.032817  3.397567 
0.033783  3.399398 
0.034748  3.401315 
0.035713  3.403322 
0.036678  3.405417 
0.037644  3.407603 
0.038609  3.409879 
0.039574  3.412246 
0.040539  3.414704 
0.041504  3.417253 
0.042470  3.419893 
0.043435  3.422623 
0.044400  3.425442 
0.045365  3.428350 
0.046330  3.431346 
0.047296  3.434427 
0.048261  3.437592 
0.049226  3.440839 
0.050191  3.444166 
0.051157  3.447570 
0.052122  3.451050 
0.053087  3.454600 
0.054052  3.458220 
0.055017  3.466368 
0.055983  3.476200 
0.056948  3.485489 
0.057913  3.494210 
0.058878  3.502341 
0.059844  3.509862 
0.060809  3.516758 
0.061774  3.523020 
0.062739  3.528641 
0.063704  3.533620 
0.064670  3.537962 
0.065635  3.541677 
0.066600  3.544780 
0.067565  3.547292 
0.068530  3.549239 
0.069496  3.550649 
0.070461  3.551556 
0.071426  3.551996 
0.072391  3.552007 
0.073357  3.551630 
0.074322  3.550907 
0.075287  3.549877 
0.076252  3.549043 
0.077217  3.552677 
0.078183  3.556220 
0.079148  3.559663 
0.080113  3.562998 
0.081078  3.566215 
0.082044  3.569306 
0.083009  3.572261 
0.083974  3.575072 
0.084939  3.577729 
0.085904  3.580223 
0.086870  3.582546 
0.087835  3.584689 
0.088800  3.586641 
0.089765  3.588396 
0.090731  3.589943 
0.091696  3.591275 
0.092661  3.592382 
0.093626  3.593258 
0.094591  3.593893 
0.095557  3.594279 
0.096522  3.594410 


0.000000  4.664792 
0.000965  4.664606 
0.001930  4.664045 
0.002896  4.663112 
0.003861  4.661807 
0.004826  4.660131 
0.005791  4.658087 
0.006757  4.655677 
0.007722  4.652904 
0.008687  4.649771 
0.009652  4.646281 
0.010617  4.642438 
0.011583  4.638248 
0.012548  4.633714 
0.013513  4.628842 
0.014478  4.623639 
0.015444  4.618110 
0.016409  4.612262 
0.017374  4.606102 
0.018339  4.599637 
0.019304  4.592877 
0.020270  4.585829 
0.021235  4.578502 
0.022200  4.570905 
0.023165  4.563050 
0.024130  4.554946 
0.025096  4.546604 
0.026061  4.538037 
0.027026  4.529255 
0.027991  4.520272 
0.028957  4.511101 
0.029922  4.501756 
0.030887  4.492251 
0.031852  4.482602 
0.032817  4.472824 
0.033783  4.462934 
0.034748  4.452949 
0.035713  4.442887 
0.036678  4.432767 
0.037644  4.422608 
0.038609  4.412432 
0.039574  4.402258 
0.040539  4.392109 
0.041504  4.382009 
0.042470  4.371982 
0.043435  4.362051 
0.044400  4.352245 
0.045365  4.342589 
0.046330  4.333111 
0.047296  4.323841 
0.048261  4.314807 
0.049226  4.306041 
0.050191  4.297574 
0.051157  4.289436 
0.052122  4.281659 
0.053087  4.274276 
0.054052  4.267318 
0.055017  4.260815 
0.055983  4.254796 
0.056948  4.249290 
0.057913  4.244323 
0.058878  4.239915 
0.059844  4.236088 
0.060809  4.232857 
0.061774  4.230233 
0.062739  4.228220 
0.063704  4.226822 
0.064670  4.226031 
0.065635  4.225838 
0.066600  4.226227 
0.067565  4.227176 
0.068530  4.228658 
0.069496  4.230642 
0.070461  4.233092 
0.071426  4.235970 
0.072391  4.239233 
0.073357  4.242838 
0.074322  4.246740 
0.075287  4.250892 
0.076252  4.255248 
0.077217  4.259761 
0.078183  4.264386 
0.079148  4.269077 
0.080113  4.273792 
0.081078  4.278487 
0.082044  4.283123 
0.083009  4.287659 
0.083974  4.292060 
0.084939  4.296290 
0.085904  4.300316 
0.086870  4.304108 
0.087835  4.307635 
0.088800  4.310872 
0.089765  4.313794 
0.090731  4.316378 
0.091696  4.318605 
0.092661  4.320457 
0.093626  4.321917 
0.094591  4.322973 
0.095557  4.323613 
0.096522  4.323828 


0.000000  4.907595 
0.000965  4.907730 
0.001930  4.908137 
0.002896  4.908813 
0.003861  4.909760 
0.004826  4.910974 
0.005791  4.912455 
0.006757  4.914202 
0.007722  4.916211 
0.008687  4.918480 
0.009652  4.921007 
0.010617  4.923789 
0.011583  4.926821 
0.012548  4.930101 
0.013513  4.933624 
0.014478  4.937386 
0.015444  4.941383 
0.016409  4.945609 
0.017374  4.950061 
0.018339  4.954731 
0.019304  4.959615 
0.020270  4.964708 
0.021235  4.970002 
0.022200  4.975492 
0.023165  4.981172 
0.024130  4.987035 
0.025096  4.993074 
0.026061  4.999281 
0.027026  5.005651 
0.027991  5.012176 
0.028957  5.018848 
0.029922  5.025660 
0.030887  5.032604 
0.031852  5.039672 
0.032817  5.046857 
0.033783  5.054150 
0.034748  5.061543 
0.035713  5.069028 
0.036678  5.076596 
0.037644  5.084240 
0.038609  5.091950 
0.039574  5.099718 
0.040539  5.107535 
0.041504  5.115392 
0.042470  5.123280 
0.043435  5.131191 
0.044400  5.139115 
0.045365  5.147043 
0.046330  5.154965 
0.047296  5.162871 
0.048261  5.170753 
0.049226  5.178599 
0.050191  5.186399 
0.051157  5.194143 
0.052122  5.201819 
0.053087  5.209415 
0.054052  5.216918 
0.055017  5.224314 
0.055983  5.231588 
0.056948  5.238723 
0.057913  5.245700 
0.058878  5.252496 
0.059844  5.259084 
0.060809  5.265434 
0.061774  5.271505 
0.062739  5.277252 
0.063704  5.282618 
0.064670  5.287535 
0.065635  5.291928 
0.066600  5.295718 
0.067565  5.298836 
0.068530  5.301240 
0.069496  5.302928 
0.070461  5.303946 
0.071426  5.304373 
0.072391  5.304309 
0.073357  5.303855 
0.074322  5.303100 
0.075287  5.302122 
0.076252  5.300984 
0.077217  5.299735 
0.078183  5.298414 
0.079148  5.297052 
0.080113  5.295676 
0.081078  5.294305 
0.082044  5.292956 
0.083009  5.291643 
0.083974  5.290379 
0.084939  5.289174 
0.085904  5.288036 
0.086870  5.286973 
0.087835  5.285991 
0.088800  5.285098 
0.089765  5.284298 
0.090731  5.283595 
0.091696  5.282994 
0.092661  5.282498 
0.093626  5.282109 
0.094591  5.281830 
0.095557  5.281662 
0.096522  5.281606 


0.000000  5.458644 
0.000965  5.458614 
0.001930  5.458526 
0.002896  5.458379 
0.003861  5.458173 
0.004826  5.457908 
0.005791  5.457584 
0.006757  5.457202 
0.007722  5.456761 
0.008687  5.456262 
0.009652  5.455705 
0.010617  5.455090 
0.011583  5.454417 
0.012548  5.453686 
0.013513  5.452897 
0.014478  5.452052 
0.015444  5.451149 
0.016409  5.450190 
0.017374  5.449175 
0.018339  5.448104 
0.019304  5.446977 
0.020270  5.445795 
0.021235  5.444558 
0.022200  5.443267 
0.023165  5.441922 
0.024130  5.440524 
0.025096  5.439074 
0.026061  5.437571 
0.027026  5.436017 
0.027991  5.434413 
0.028957  5.432759 
0.029922  5.431055 
0.030887  5.429304 
0.031852  5.427505 
0.032817  5.425661 
0.033783  5.423771 
0.034748  5.421837 
0.035713  5.419860 
0.036678  5.417842 
0.037644  5.415784 
0.038609  5.413688 
0.039574  5.411555 
0.040539  5.409386 
0.041504  5.407185 
0.042470  5.404952 
0.043435  5.402691 
0.044400  5.400403 
0.045365  5.398091 
0.046330  5.395759 
0.047296  5.393408 
0.048261  5.391044 
0.049226  5.388669 
0.050191  5.386288 
0.051157  5.383906 
0.052122  5.381529 
0.053087  5.379162 
0.054052  5.376814 
0.055017  5.374492 
0.055983  5.372208 
0.056948  5.369972 
0.057913  5.367801 
0.058878  5.365712 
0.059844  5.363726 
0.060809  5.361873 
0.061774  5.360186 
0.062739  5.358709 
0.063704  5.357496 
0.064670  5.356610 
0.065635  5.356125 
0.066600  5.356117 
0.067565  5.356653 
0.068530  5.357772 
0.069496  5.359475 
0.070461  5.361715 
0.071426  5.364412 
0.072391  5.367464 
0.073357  5.370772 
0.074322  5.374243 
0.075287  5.377801 
0.076252  5.381385 
0.077217  5.384944 
0.078183  5.388441 
0.079148  5.391845 
0.080113  5.395131 
0.081078  5.398282 
0.082044  5.401283 
0.083009  5.404120 
0.083974  5.406784 
0.084939  5.409267 
0.085904  5.411564 
0.086870  5.413668 
0.087835  5.415577 
0.088800  5.417286 
0.089765  5.418794 
0.090731  5.420100 
0.091696  5.421203 
0.092661  5.422102 
0.093626  5.422799 
0.094591  5.423294 
0.095557  5.423589 
0.096522  5.423687 


0.000000  5.790852 
0.000965  5.790804 
0.001930  5.790662 
0.002896  5.790425 
0.003861  5.790092 
0.004826  5.789665 
0.005791  5.789142 
0.006757  5.788524 
0.007722  5.787810 
0.008687  5.786999 
0.009652  5.786093 
0.010617  5.785090 
0.011583  5.783989 
0.012548  5.782792 
0.013513  5.781496 
0.014478  5.780103 
0.015444  5.778610 
0.016409  5.777019 
0.017374  5.775328 
0.018339  5.773538 
0.019304  5.771646 
0.020270  5.769654 
0.021235  5.767561 
0.022200  5.765366 
0.023165  5.763069 
0.024130  5.760669 
0.025096  5.758167 
0.026061  5.755561 
0.027026  5.752852 
0.027991  5.750040 
0.028957  5.747124 
0.029922  5.744103 
0.030887  5.740979 
0.031852  5.737751 
0.032817  5.734419 
0.033783  5.730984 
0.034748  5.727445 
0.035713  5.723803 
0.036678  5.720059 
0.037644  5.716212 
0.038609  5.712265 
0.039574  5.708218 
0.040539  5.704071 
0.041504  5.699826 
0.042470  5.695484 
0.043435  5.691047 
0.044400  5.686516 
0.045365  5.681893 
0.046330  5.677181 
0.047296  5.672381 
0.048261  5.667495 
0.049226  5.662527 
0.050191  5.657480 
0.051157  5.652356 
0.052122  5.647158 
0.053087  5.641891 
0.054052  5.636559 
0.055017  5.631165 
0.055983  5.625714 
0.056948  5.620211 
0.057913  5.614660 
0.058878  5.609068 
0.059844  5.603440 
0.060809  5.597782 
0.061774  5.592101 
0.062739  5.586403 
0.063704  5.580695 
0.064670  5.574986 
0.065635  5.569282 
0.066600  5.563592 
0.067565  5.557924 
0.068530  5.552289 
0.069496  5.546694 
0.070461  5.541150 
0.071426  5.535666 
0.072391  5.530254 
0.073357  5.524923 
0.074322  5.519685 
0.075287  5.514551 
0.076252  5.509532 
0.077217  5.504641 
0.078183  5.499889 
0.079148  5.495287 
0.080113  5.490849 
0.081078  5.486585 
0.082044  5.482508 
0.083009  5.478630 
0.083974  5.474963 
0.084939  5.471516 
0.085904  5.468302 
0.086870  5.465330 
0.087835  5.462611 
0.088800  5.460153 
0.089765  5.457964 
0.090731  5.456053 
0.091696  5.454425 
0.092661  5.453086 
0.093626  5.452041 
0.094591  5.451293 
0.095557  5.450843 
0.096522  5.450693 


0.000000  7.543706 
0.000965  7.543747 
0.001930  7.543870 
0.002896  7.544076 
0.003861  7.544363 
0.004826  7.544731 
0.005791  7.545180 
0.006757  7.545709 
0.007722  7.546317 
0.008687  7.547002 
0.009652  7.547764 
0.010617  7.548602 
0.011583  7.549513 
0.012548  7.550496 
0.013513  7.551550 
0.014478  7.552672 
0.015444  7.553861 
0.016409  7.555115 
0.017374  7.556430 
0.018339  7.557806 
0.019304  7.559239 
0.020270  7.560727 
0.021235  7.562267 
0.022200  7.563856 
0.023165  7.565491 
0.024130  7.567170 
0.025096  7.568889 
0.026061  7.570645 
0.027026  7.572434 
0.027991  7.574253 
0.028957  7.576099 
0.029922  7.577967 
0.030887  7.579855 
0.031852  7.581758 
0.032817  7.583673 
0.033783  7.585595 
0.034748  7.587521 
0.035713  7.589447 
0.036678  7.591368 
0.037644  7.593281 
0.038609  7.595180 
0.039574  7.597063 
0.040539  7.598925 
0.041504  7.600762 
0.042470  7.602570 
0.043435  7.604344 
0.044400  7.606081 
0.045365  7.607776 
0.046330  7.609427 
0.047296  7.611028 
0.048261  7.612577 
0.049226  7.614070 
0.050191  7.615504 
0.051157  7.616876 
0.052122  7.618182 
0.053087  7.619421 
0.054052  7.620590 
0.055017  7.621687 
0.055983  7.622710 
0.056948  7.623658 
0.057913  7.624530 
0.058878  7.625326 
0.059844  7.626044 
0.060809  7.626685 
0.061774  7.627250 
0.062739  7.627739 
0.063704  7.628154 
0.064670  7.628496 
0.065635  7.628767 
0.066600  7.628969 
0.067565  7.629105 
0.068530  7.629178 
0.069496  7.629192 
0.070461  7.629148 
0.071426  7.629052 
0.072391  7.628907 
0.073357  7.628717 
0.074322  7.628486 
0.075287  7.628218 
0.076252  7.627919 
0.077217  7.627591 
0.078183  7.627241 
0.079148  7.626872 
0.080113  7.626488 
0.081078  7.626095 
0.082044  7.625696 
0.083009  7.625296 
0.083974  7.624900 
0.084939  7.624511 
0.085904  7.624133 
0.086870  7.623770 
0.087835  7.623427 
0.088800  7.623106 
0.089765  7.622812 
0.090731  7.622547 
0.091696  7.622315 
0.092661  7.622120 
0.093626  7.621963 
0.094591  7.621848 
0.095557  7.621777 
0.096522  7.621753 


0.000000  7.948871 
0.000965  7.948795 
0.001930  7.948566 
0.002896  7.948185 
0.003861  7.947652 
0.004826  7.946968 
0.005791  7.946133 
0.006757  7.945150 
0.007722  7.944017 
0.008687  7.942738 
0.009652  7.941313 
0.010617  7.939744 
0.011583  7.938033 
0.012548  7.936182 
0.013513  7.934192 
0.014478  7.932066 
0.015444  7.929807 
0.016409  7.927417 
0.017374  7.924898 
0.018339  7.922254 
0.019304  7.919487 
0.020270  7.916601 
0.021235  7.913598 
0.022200  7.910483 
0.023165  7.907257 
0.024130  7.903926 
0.025096  7.900492 
0.026061  7.896960 
0.027026  7.893332 
0.027991  7.889614 
0.028957  7.885809 
0.029922  7.881921 
0.030887  7.877954 
0.031852  7.873912 
0.032817  7.869801 
0.033783  7.865623 
0.034748  7.861384 
0.035713  7.857088 
0.036678  7.852740 
0.037644  7.848343 
0.038609  7.843902 
0.039574  7.839423 
0.040539  7.834909 
0.041504  7.830364 
0.042470  7.825795 
0.043435  7.821204 
0.044400  7.816597 
0.045365  7.811978 
0.046330  7.807352 
0.047296  7.802723 
0.048261  7.798096 
0.049226  7.793475 
0.050191  7.788864 
0.051157  7.784268 
0.052122  7.779691 
0.053087  7.775137 
0.054052  7.770611 
0.055017  7.766117 
0.055983  7.761659 
0.056948  7.757240 
0.057913  7.752866 
0.058878  7.748539 
0.059844  7.744264 
0.060809  7.740045 
0.061774  7.735884 
0.062739  7.731787 
0.063704  7.727755 
0.064670  7.723794 
0.065635  7.719906 
0.066600  7.716094 
0.067565  7.712363 
0.068530  7.708715 
0.069496  7.705153 
0.070461  7.701680 
0.071426  7.698300 
0.072391  7.695015 
0.073357  7.691828 
0.074322  7.688742 
0.075287  7.685760 
0.076252  7.682885 
0.077217  7.680118 
0.078183  7.677464 
0.079148  7.674923 
0.080113  7.672500 
0.081078  7.670195 
0.082044  7.668012 
0.083009  7.665954 
0.083974  7.664021 
0.084939  7.662218 
0.085904  7.660545 
0.086870  7.659006 
0.087835  7.657603 
0.088800  7.656337 
0.089765  7.655212 
0.090731  7.654229 
0.091696  7.653391 
0.092661  7.652701 
0.093626  7.652159 
0.094591  7.651770 
0.095557  7.651534 
0.096522  7.651455 


0.000000  7.961861 
0.000965  7.961828 
0.001930  7.961732 
0.002896  7.961571 
0.003861  7.961345 
0.004826  7.961056 
0.005791  7.960704 
0.006757  7.960288 
0.007722  7.959810 
0.008687  7.959270 
0.009652  7.958669 
0.010617  7.958008 
0.011583  7.957288 
0.012548  7.956509 
0.013513  7.955673 
0.014478  7.954781 
0.015444  7.953835 
0.016409  7.952834 
0.017374  7.951782 
0.018339  7.950680 
0.019304  7.949529 
0.020270  7.948331 
0.021235  7.947088 
0.022200  7.945801 
0.023165  7.944474 
0.024130  7.943108 
0.025096  7.941705 
0.026061  7.940268 
0.027026  7.938799 
0.027991  7.937301 
0.028957  7.935776 
0.029922  7.934228 
0.030887  7.932658 
0.031852  7.931070 
0.032817  7.929468 
0.033783  7.927853 
0.034748  7.926230 
0.035713  7.924602 
0.036678  7.922972 
0.037644  7.921343 
0.038609  7.919719 
0.039574  7.918103 
0.040539  7.916500 
0.041504  7.914912 
0.042470  7.913343 
0.043435  7.911797 
0.044400  7.910278 
0.045365  7.908788 
0.046330  7.907332 
0.047296  7.905913 
0.048261  7.904533 
0.049226  7.903198 
0.050191  7.901908 
0.051157  7.900668 
0.052122  7.899480 
0.053087  7.898347 
0.054052  7.897270 
0.055017  7.896253 
0.055983  7.895295 
0.056948  7.894400 
0.057913  7.893568 
0.058878  7.892801 
0.059844  7.892097 
0.060809  7.891459 
0.061774  7.890885 
0.062739  7.890374 
0.063704  7.889927 
0.064670  7.889542 
0.065635  7.889218 
0.066600  7.888952 
0.067565  7.888742 
0.068530  7.888586 
0.069496  7.888482 
0.070461  7.888426 
0.071426  7.888416 
0.072391  7.888448 
0.073357  7.888519 
0.074322  7.888625 
0.075287  7.888763 
0.076252  7.888930 
0.077217  7.889120 
0.078183  7.889332 
0.079148  7.889561 
0.080113  7.889803 
0.081078  7.890055 
0.082044  7.890314 
0.083009  7.890575 
0.083974  7.890837 
0.084939  7.891094 
0.085904  7.891345 
0.086870  7.891586 
0.087835  7.891815 
0.088800  7.892028 
0.089765  7.892224 
0.090731  7.892400 
0.091696  7.892554 
0.092661  7.892683 
0.093626  7.892786 
0.094591  7.892862 
0.095557  7.892908 
0.096522  7.892924 


