# distance  frequency (bands are separated by blank lines)
# End points of segments: 
#   0.00000000 0.16367380 
0.000000  -0.001137 
0.001637  -0.038164 
0.003273  -0.041324 
0.004910  -0.035590 
0.006547  -0.016771 
0.008184  0.034948 
0.009820  0.057209 
0.011457  0.077054 
0.013094  0.096435 
0.014731  0.116016 
0.016367  0.136116 
0.018004  0.156915 
0.019641  0.178516 
0.021278  0.200981 
0.022914  0.224339 
0.024551  0.248602 
0.026188  0.273762 
0.027825  0.299802 
0.029461  0.326695 
0.031098  0.354405 
0.032735  0.382890 
0.034371  0.412101 
0.036008  0.441986 
0.037645  0.472485 
0.039282  0.503535 
0.040918  0.535070 
0.042555  0.567017 
0.044192  0.599303 
0.045829  0.631849 
0.047465  0.664577 
0.049102  0.697408 
0.050739  0.730263 
0.052376  0.763071 
0.054012  0.795766 
0.055649  0.828291 
0.057286  0.860606 
0.058923  0.892683 
0.060559  0.924512 
0.062196  0.956098 
0.063833  0.987461 
0.065469  1.018634 
0.067106  1.049655 
0.068743  1.080571 
0.070380  1.111428 
0.072016  1.142271 
0.073653  1.173142 
0.075290  1.204075 
0.076927  1.235098 
0.078563  1.266231 
0.080200  1.297484 
0.081837  1.328859 
0.083474  1.360349 
0.085110  1.391939 
0.086747  1.423605 
0.088384  1.455314 
0.090021  1.487028 
0.091657  1.518698 
0.093294  1.550271 
0.094931  1.581686 
0.096568  1.612877 
0.098204  1.643769 
0.099841  1.674288 
0.101478  1.704353 
0.103114  1.733881 
0.104751  1.762792 
0.106388  1.791006 
0.108025  1.818452 
0.109661  1.845067 
0.111298  1.870802 
0.112935  1.895626 
0.114572  1.919524 
0.116208  1.942503 
0.117845  1.964583 
0.119482  1.985801 
0.121119  2.006205 
0.122755  2.025847 
0.124392  2.044781 
0.126029  2.063061 
0.127666  2.080735 
0.129302  2.097845 
0.130939  2.114428 
0.132576  2.130511 
0.134213  2.146113 
0.135849  2.161248 
0.137486  2.175921 
0.139123  2.190130 
0.140760  2.203867 
0.142396  2.217118 
0.144033  2.229863 
0.145670  2.242078 
0.147307  2.253736 
0.148943  2.264804 
0.150580  2.275251 
0.152217  2.285046 
0.153853  2.294164 
0.155490  2.302586 
0.157127  2.310309 
0.158764  2.317348 
0.160400  2.323741 
0.162037  2.329550 
0.163674  2.334617 


0.000000  -0.000839 
0.001637  0.040197 
0.003273  0.073963 
0.004910  0.105988 
0.006547  0.137817 
0.008184  0.169696 
0.009820  0.201613 
0.011457  0.233514 
0.013094  0.265343 
0.014731  0.297054 
0.016367  0.328610 
0.018004  0.359982 
0.019641  0.391144 
0.021278  0.422080 
0.022914  0.452777 
0.024551  0.483225 
0.026188  0.513421 
0.027825  0.543368 
0.029461  0.573071 
0.031098  0.602542 
0.032735  0.631799 
0.034371  0.660864 
0.036008  0.689768 
0.037645  0.718545 
0.039282  0.747236 
0.040918  0.775890 
0.042555  0.804561 
0.044192  0.833307 
0.045829  0.862194 
0.047465  0.891288 
0.049102  0.920659 
0.050739  0.950375 
0.052376  0.980499 
0.054012  1.011090 
0.055649  1.042191 
0.057286  1.073834 
0.058923  1.106034 
0.060559  1.138784 
0.062196  1.172060 
0.063833  1.205818 
0.065469  1.239997 
0.067106  1.274525 
0.068743  1.309315 
0.070380  1.344276 
0.072016  1.379311 
0.073653  1.414321 
0.075290  1.449207 
0.076927  1.483871 
0.078563  1.518217 
0.080200  1.552156 
0.081837  1.585602 
0.083474  1.618475 
0.085110  1.650704 
0.086747  1.682227 
0.088384  1.712992 
0.090021  1.742960 
0.091657  1.772107 
0.093294  1.800422 
0.094931  1.827915 
0.096568  1.854611 
0.098204  1.880554 
0.099841  1.905805 
0.101478  1.930440 
0.103114  1.954543 
0.104751  1.978210 
0.106388  2.001536 
0.108025  2.024611 
0.109661  2.047516 
0.111298  2.070316 
0.112935  2.093056 
0.114572  2.115757 
0.116208  2.138414 
0.117845  2.161002 
0.119482  2.183473 
0.121119  2.205766 
0.122755  2.227807 
0.124392  2.249517 
0.126029  2.270815 
0.127666  2.291619 
0.129302  2.311852 
0.130939  2.331440 
0.132576  2.350311 
0.134213  2.368387 
0.135849  2.385558 
0.137486  2.401511 
0.139123  2.413162 
0.140760  2.410144 
0.142396  2.403537 
0.144033  2.396841 
0.145670  2.390375 
0.147307  2.384213 
0.148943  2.378376 
0.150580  2.372865 
0.152217  2.367661 
0.153853  2.362731 
0.155490  2.358023 
0.157127  2.353471 
0.158764  2.348988 
0.160400  2.344473 
0.162037  2.339814 
0.163674  2.335134 


0.000000  -0.000587 
0.001637  0.069143 
0.003273  0.126509 
0.004910  0.185774 
0.006547  0.245686 
0.008184  0.305828 
0.009820  0.366033 
0.011457  0.426212 
0.013094  0.486309 
0.014731  0.546284 
0.016367  0.606105 
0.018004  0.665740 
0.019641  0.725165 
0.021278  0.784353 
0.022914  0.843279 
0.024551  0.901918 
0.026188  0.960248 
0.027825  1.018245 
0.029461  1.075884 
0.031098  1.133143 
0.032735  1.189999 
0.034371  1.246430 
0.036008  1.302413 
0.037645  1.357926 
0.039282  1.412949 
0.040918  1.467459 
0.042555  1.521438 
0.044192  1.574864 
0.045829  1.627718 
0.047465  1.679981 
0.049102  1.731636 
0.050739  1.782663 
0.052376  1.833045 
0.054012  1.882765 
0.055649  1.931802 
0.057286  1.980136 
0.058923  2.027738 
0.060559  2.074562 
0.062196  2.120498 
0.063833  2.165102 
0.065469  2.202796 
0.067106  2.209247 
0.068743  2.208270 
0.070380  2.207072 
0.072016  2.206203 
0.073653  2.205816 
0.075290  2.205992 
0.076927  2.206792 
0.078563  2.208269 
0.080200  2.210469 
0.081837  2.213436 
0.083474  2.217209 
0.085110  2.221822 
0.086747  2.227301 
0.088384  2.233668 
0.090021  2.240931 
0.091657  2.249089 
0.093294  2.258129 
0.094931  2.268021 
0.096568  2.278720 
0.098204  2.290167 
0.099841  2.302284 
0.101478  2.314981 
0.103114  2.328154 
0.104751  2.341685 
0.106388  2.355451 
0.108025  2.369319 
0.109661  2.383152 
0.111298  2.396805 
0.112935  2.410127 
0.114572  2.422956 
0.116208  2.435105 
0.117845  2.446350 
0.119482  2.456388 
0.121119  2.464788 
0.122755  2.470939 
0.124392  2.474115 
0.126029  2.473884 
0.127666  2.470568 
0.129302  2.465062 
0.130939  2.458251 
0.132576  2.450757 
0.134213  2.442984 
0.135849  2.435226 
0.137486  2.427906 
0.139123  2.424170 
0.140760  2.434423 
0.142396  2.447612 
0.144033  2.460248 
0.145670  2.472021 
0.147307  2.482858 
0.148943  2.492730 
0.150580  2.501628 
0.152217  2.509553 
0.153853  2.516513 
0.155490  2.522532 
0.157127  2.527643 
0.158764  2.531901 
0.160400  2.535377 
0.162037  2.538115 
0.163674  2.539587 


0.000000  2.327208 
0.001637  2.327138 
0.003273  2.326929 
0.004910  2.326578 
0.006547  2.326081 
0.008184  2.325433 
0.009820  2.324628 
0.011457  2.323659 
0.013094  2.322518 
0.014731  2.321200 
0.016367  2.319697 
0.018004  2.318003 
0.019641  2.316114 
0.021278  2.314024 
0.022914  2.311733 
0.024551  2.309239 
0.026188  2.306543 
0.027825  2.303647 
0.029461  2.300557 
0.031098  2.297279 
0.032735  2.293821 
0.034371  2.290192 
0.036008  2.286404 
0.037645  2.282472 
0.039282  2.278409 
0.040918  2.274232 
0.042555  2.269960 
0.044192  2.265613 
0.045829  2.261212 
0.047465  2.256782 
0.049102  2.252346 
0.050739  2.247933 
0.052376  2.243573 
0.054012  2.239296 
0.055649  2.235140 
0.057286  2.231143 
0.058923  2.227356 
0.060559  2.223848 
0.062196  2.220753 
0.063833  2.218543 
0.065469  2.222821 
0.067106  2.257947 
0.068743  2.300131 
0.070380  2.342186 
0.072016  2.383577 
0.073653  2.424152 
0.075290  2.463812 
0.076927  2.502440 
0.078563  2.539863 
0.080200  2.575791 
0.081837  2.609697 
0.083474  2.640580 
0.085110  2.666607 
0.086747  2.685203 
0.088384  2.694995 
0.090021  2.697625 
0.091657  2.695833 
0.093294  2.691520 
0.094931  2.685714 
0.096568  2.678949 
0.098204  2.671516 
0.099841  2.663585 
0.101478  2.655259 
0.103114  2.646611 
0.104751  2.637695 
0.106388  2.628555 
0.108025  2.619235 
0.109661  2.609779 
0.111298  2.600238 
0.112935  2.590675 
0.114572  2.581171 
0.116208  2.571839 
0.117845  2.562841 
0.119482  2.554425 
0.121119  2.546980 
0.122755  2.541088 
0.124392  2.537456 
0.126029  2.536510 
0.127666  2.537933 
0.129302  2.540848 
0.130939  2.544400 
0.132576  2.548012 
0.134213  2.551345 
0.135849  2.554217 
0.137486  2.556537 
0.139123  2.558266 
0.140760  2.559405 
0.142396  2.559975 
0.144033  2.560016 
0.145670  2.559577 
0.147307  2.558720 
0.148943  2.557513 
0.150580  2.556028 
0.152217  2.554342 
0.153853  2.552528 
0.155490  2.550656 
0.157127  2.548780 
0.158764  2.546932 
0.160400  2.545116 
0.162037  2.543348 
0.163674  2.542196 


0.000000  2.613452 
0.001637  2.613825 
0.003273  2.614943 
0.004910  2.616797 
0.006547  2.619375 
0.008184  2.622659 
0.009820  2.626627 
0.011457  2.631253 
0.013094  2.636505 
0.014731  2.642348 
0.016367  2.648745 
0.018004  2.655652 
0.019641  2.663025 
0.021278  2.670816 
0.022914  2.678974 
0.024551  2.687445 
0.026188  2.696173 
0.027825  2.705099 
0.029461  2.714162 
0.031098  2.723298 
0.032735  2.732440 
0.034371  2.741520 
0.036008  2.750467 
0.037645  2.759207 
0.039282  2.767667 
0.040918  2.775772 
0.042555  2.783449 
0.044192  2.790626 
0.045829  2.797235 
0.047465  2.803213 
0.049102  2.808506 
0.050739  2.813066 
0.052376  2.816859 
0.054012  2.819860 
0.055649  2.822058 
0.057286  2.823454 
0.058923  2.824061 
0.060559  2.823903 
0.062196  2.823015 
0.063833  2.821440 
0.065469  2.819229 
0.067106  2.816438 
0.068743  2.813131 
0.070380  2.809377 
0.072016  2.805251 
0.073653  2.800843 
0.075290  2.796259 
0.076927  2.791638 
0.078563  2.787180 
0.080200  2.783200 
0.081837  2.780247 
0.083474  2.779337 
0.085110  2.782311 
0.086747  2.791747 
0.088384  2.809010 
0.090021  2.832442 
0.091657  2.859276 
0.093294  2.887564 
0.094931  2.916217 
0.096568  2.944610 
0.098204  2.972322 
0.099841  2.998993 
0.101478  3.024237 
0.103114  3.047567 
0.104751  3.068362 
0.106388  3.085915 
0.108025  3.099716 
0.109661  3.109840 
0.111298  3.117015 
0.112935  3.122238 
0.114572  3.126383 
0.116208  3.130083 
0.117845  3.133758 
0.119482  3.137681 
0.121119  3.142031 
0.122755  3.146924 
0.124392  3.152436 
0.126029  3.158608 
0.127666  3.165462 
0.129302  3.172998 
0.130939  3.181202 
0.132576  3.190045 
0.134213  3.199488 
0.135849  3.209479 
0.137486  3.219962 
0.139123  3.230869 
0.140760  3.242131 
0.142396  3.253672 
0.144033  3.265415 
0.145670  3.277282 
0.147307  3.289193 
0.148943  3.301070 
0.150580  3.312837 
0.152217  3.324421 
0.153853  3.335752 
0.155490  3.346763 
0.157127  3.357393 
0.158764  3.367585 
0.160400  3.377285 
0.162037  3.386428 
0.163674  3.393975 


0.000000  3.068708 
0.001637  3.069011 
0.003273  3.069921 
0.004910  3.071437 
0.006547  3.073561 
0.008184  3.076294 
0.009820  3.079633 
0.011457  3.083577 
0.013094  3.088120 
0.014731  3.093252 
0.016367  3.098956 
0.018004  3.105206 
0.019641  3.111966 
0.021278  3.119182 
0.022914  3.126777 
0.024551  3.134642 
0.026188  3.142628 
0.027825  3.150531 
0.029461  3.158094 
0.031098  3.165023 
0.032735  3.171058 
0.034371  3.176061 
0.036008  3.180078 
0.037645  3.183304 
0.039282  3.185997 
0.040918  3.188407 
0.042555  3.190738 
0.044192  3.193149 
0.045829  3.195760 
0.047465  3.198656 
0.049102  3.201897 
0.050739  3.205522 
0.052376  3.209549 
0.054012  3.213976 
0.055649  3.218788 
0.057286  3.223949 
0.058923  3.229407 
0.060559  3.235091 
0.062196  3.240906 
0.063833  3.246733 
0.065469  3.252415 
0.067106  3.257744 
0.068743  3.262452 
0.070380  3.266206 
0.072016  3.268644 
0.073653  3.269477 
0.075290  3.268603 
0.076927  3.266155 
0.078563  3.262422 
0.080200  3.257726 
0.081837  3.252354 
0.083474  3.246531 
0.085110  3.240435 
0.086747  3.234207 
0.088384  3.227967 
0.090021  3.221820 
0.091657  3.215869 
0.093294  3.210221 
0.094931  3.204993 
0.096568  3.200322 
0.098204  3.196380 
0.099841  3.193397 
0.101478  3.191691 
0.103114  3.191710 
0.104751  3.194060 
0.106388  3.199433 
0.108025  3.208336 
0.109661  3.220690 
0.111298  3.235759 
0.112935  3.252541 
0.114572  3.270147 
0.116208  3.287929 
0.117845  3.305444 
0.119482  3.322389 
0.121119  3.338549 
0.122755  3.353766 
0.124392  3.367920 
0.126029  3.380923 
0.127666  3.392713 
0.129302  3.403252 
0.130939  3.412530 
0.132576  3.420558 
0.134213  3.427372 
0.135849  3.433020 
0.137486  3.437559 
0.139123  3.441052 
0.140760  3.443559 
0.142396  3.445136 
0.144033  3.445832 
0.145670  3.445688 
0.147307  3.444738 
0.148943  3.443009 
0.150580  3.440523 
0.152217  3.437297 
0.153853  3.433345 
0.155490  3.428681 
0.157127  3.423316 
0.158764  3.417267 
0.160400  3.410552 
0.162037  3.403210 
0.163674  3.396265 


0.000000  3.262909 
0.001637  3.262537 
0.003273  3.261456 
0.004910  3.259759 
0.006547  3.257572 
0.008184  3.255030 
0.009820  3.252259 
0.011457  3.249366 
0.013094  3.246445 
0.014731  3.243575 
0.016367  3.240825 
0.018004  3.238262 
0.019641  3.235953 
0.021278  3.233974 
0.022914  3.232416 
0.024551  3.231394 
0.026188  3.231062 
0.027825  3.231619 
0.029461  3.233319 
0.031098  3.236444 
0.032735  3.241242 
0.034371  3.247834 
0.036008  3.256157 
0.037645  3.265994 
0.039282  3.277060 
0.040918  3.289077 
0.042555  3.301800 
0.044192  3.315019 
0.045829  3.328542 
0.047465  3.342170 
0.049102  3.355638 
0.050739  3.368486 
0.052376  3.379678 
0.054012  3.386925 
0.055649  3.388148 
0.057286  3.385080 
0.058923  3.380219 
0.060559  3.374726 
0.062196  3.369081 
0.063833  3.363540 
0.065469  3.358297 
0.067106  3.353556 
0.068743  3.349570 
0.070380  3.346647 
0.072016  3.345125 
0.073653  3.345280 
0.075290  3.347198 
0.076927  3.350739 
0.078563  3.355617 
0.080200  3.361514 
0.081837  3.368158 
0.083474  3.375343 
0.085110  3.382915 
0.086747  3.390763 
0.088384  3.398808 
0.090021  3.406985 
0.091657  3.415248 
0.093294  3.423554 
0.094931  3.431871 
0.096568  3.440170 
0.098204  3.448423 
0.099841  3.456607 
0.101478  3.464700 
0.103114  3.472686 
0.104751  3.480548 
0.106388  3.488275 
0.108025  3.495862 
0.109661  3.503310 
0.111298  3.510628 
0.112935  3.517837 
0.114572  3.524967 
0.116208  3.532061 
0.117845  3.539174 
0.119482  3.546370 
0.121119  3.553724 
0.122755  3.561314 
0.124392  3.569220 
0.126029  3.577517 
0.127666  3.586266 
0.129302  3.595511 
0.130939  3.605277 
0.132576  3.615563 
0.134213  3.626343 
0.135849  3.637573 
0.137486  3.649195 
0.139123  3.661136 
0.140760  3.673317 
0.142396  3.685654 
0.144033  3.698059 
0.145670  3.710441 
0.147307  3.722701 
0.148943  3.734739 
0.150580  3.746449 
0.152217  3.757717 
0.153853  3.768427 
0.155490  3.778462 
0.157127  3.787703 
0.158764  3.796038 
0.160400  3.803356 
0.162037  3.809552 
0.163674  3.814026 


0.000000  3.339564 
0.001637  3.340114 
0.003273  3.341731 
0.004910  3.344323 
0.006547  3.347766 
0.008184  3.351930 
0.009820  3.356696 
0.011457  3.361960 
0.013094  3.367642 
0.014731  3.373674 
0.016367  3.380004 
0.018004  3.386589 
0.019641  3.393394 
0.021278  3.400388 
0.022914  3.407545 
0.024551  3.414840 
0.026188  3.422250 
0.027825  3.429753 
0.029461  3.437326 
0.031098  3.444944 
0.032735  3.452582 
0.034371  3.460208 
0.036008  3.467773 
0.037645  3.475071 
0.039282  3.476675 
0.040918  3.469280 
0.042555  3.461544 
0.044192  3.453915 
0.045829  3.446487 
0.047465  3.439358 
0.049102  3.432704 
0.050739  3.426908 
0.052376  3.422939 
0.054012  3.423030 
0.055649  3.429208 
0.057286  3.439702 
0.058923  3.451980 
0.060559  3.464858 
0.062196  3.477843 
0.063833  3.490681 
0.065469  3.503199 
0.067106  3.515245 
0.068743  3.526661 
0.070380  3.537288 
0.072016  3.546976 
0.073653  3.555619 
0.075290  3.563183 
0.076927  3.569713 
0.078563  3.575316 
0.080200  3.580124 
0.081837  3.584270 
0.083474  3.587878 
0.085110  3.591052 
0.086747  3.593882 
0.088384  3.596445 
0.090021  3.598813 
0.091657  3.601046 
0.093294  3.603203 
0.094931  3.605342 
0.096568  3.607515 
0.098204  3.609775 
0.099841  3.612173 
0.101478  3.614759 
0.103114  3.617582 
0.104751  3.620688 
0.106388  3.624119 
0.108025  3.627914 
0.109661  3.632105 
0.111298  3.636718 
0.112935  3.641768 
0.114572  3.647263 
0.116208  3.653197 
0.117845  3.659557 
0.119482  3.666318 
0.121119  3.673447 
0.122755  3.680904 
0.124392  3.688643 
0.126029  3.696614 
0.127666  3.704765 
0.129302  3.713043 
0.130939  3.721396 
0.132576  3.729773 
0.134213  3.738123 
0.135849  3.746399 
0.137486  3.754554 
0.139123  3.762543 
0.140760  3.770319 
0.142396  3.777835 
0.144033  3.785040 
0.145670  3.791874 
0.147307  3.798269 
0.148943  3.804141 
0.150580  3.809391 
0.152217  3.813900 
0.153853  3.817537 
0.155490  3.820161 
0.157127  3.821643 
0.158764  3.821877 
0.160400  3.820798 
0.162037  3.818391 
0.163674  3.815188 


0.000000  3.637847 
0.001637  3.637206 
0.003273  3.635321 
0.004910  3.632295 
0.006547  3.628271 
0.008184  3.623403 
0.009820  3.617837 
0.011457  3.611702 
0.013094  3.605105 
0.014731  3.598131 
0.016367  3.590854 
0.018004  3.583328 
0.019641  3.575602 
0.021278  3.567714 
0.022914  3.559697 
0.024551  3.551580 
0.026188  3.543388 
0.027825  3.535144 
0.029461  3.526870 
0.031098  3.518587 
0.032735  3.510317 
0.034371  3.502087 
0.036008  3.493943 
0.037645  3.486085 
0.039282  3.483937 
0.040918  3.490805 
0.042555  3.498037 
0.044192  3.505203 
0.045829  3.512245 
0.047465  3.519141 
0.049102  3.525878 
0.050739  3.532452 
0.052376  3.538865 
0.054012  3.545128 
0.055649  3.551254 
0.057286  3.557270 
0.058923  3.563207 
0.060559  3.569109 
0.062196  3.575032 
0.063833  3.581048 
0.065469  3.587251 
0.067106  3.593758 
0.068743  3.600713 
0.070380  3.608273 
0.072016  3.616592 
0.073653  3.625781 
0.075290  3.635880 
0.076927  3.646849 
0.078563  3.658588 
0.080200  3.670967 
0.081837  3.683857 
0.083474  3.697138 
0.085110  3.710705 
0.086747  3.724471 
0.088384  3.738358 
0.090021  3.752298 
0.091657  3.766227 
0.093294  3.780089 
0.094931  3.793827 
0.096568  3.807387 
0.098204  3.820719 
0.099841  3.833770 
0.101478  3.846490 
0.103114  3.858832 
0.104751  3.870747 
0.106388  3.882191 
0.108025  3.893121 
0.109661  3.903496 
0.111298  3.913282 
0.112935  3.922447 
0.114572  3.930965 
0.116208  3.938816 
0.117845  3.945984 
0.119482  3.952461 
0.121119  3.958244 
0.122755  3.963337 
0.124392  3.967747 
0.126029  3.971489 
0.127666  3.974581 
0.129302  3.977049 
0.130939  3.978919 
0.132576  3.980226 
0.134213  3.981007 
0.135849  3.981307 
0.137486  3.981175 
0.139123  3.980670 
0.140760  3.979857 
0.142396  3.978812 
0.144033  3.977625 
0.145670  3.976400 
0.147307  3.975259 
0.148943  3.974342 
0.150580  3.973812 
0.152217  3.973847 
0.153853  3.974637 
0.155490  3.976367 
0.157127  3.979198 
0.158764  3.983245 
0.160400  3.988556 
0.162037  3.995111 
0.163674  4.002669 


0.000000  3.746755 
0.001637  3.747248 
0.003273  3.748685 
0.004910  3.750957 
0.006547  3.753908 
0.008184  3.757366 
0.009820  3.761158 
0.011457  3.765123 
0.013094  3.769108 
0.014731  3.772974 
0.016367  3.776590 
0.018004  3.779842 
0.019641  3.782645 
0.021278  3.784955 
0.022914  3.786784 
0.024551  3.788194 
0.026188  3.789282 
0.027825  3.790159 
0.029461  3.790936 
0.031098  3.791710 
0.032735  3.792571 
0.034371  3.793595 
0.036008  3.794850 
0.037645  3.796398 
0.039282  3.798293 
0.040918  3.800586 
0.042555  3.803325 
0.044192  3.806552 
0.045829  3.810306 
0.047465  3.814622 
0.049102  3.819526 
0.050739  3.825039 
0.052376  3.831173 
0.054012  3.837931 
0.055649  3.845305 
0.057286  3.853275 
0.058923  3.861811 
0.060559  3.870868 
0.062196  3.880389 
0.063833  3.890304 
0.065469  3.900531 
0.067106  3.910979 
0.068743  3.921549 
0.070380  3.932142 
0.072016  3.942667 
0.073653  3.953049 
0.075290  3.963236 
0.076927  3.973200 
0.078563  3.982938 
0.080200  3.992460 
0.081837  4.001788 
0.083474  4.010945 
0.085110  4.019953 
0.086747  4.028831 
0.088384  4.037592 
0.090021  4.046248 
0.091657  4.054806 
0.093294  4.063271 
0.094931  4.071647 
0.096568  4.079937 
0.098204  4.088144 
0.099841  4.096270 
0.101478  4.104316 
0.103114  4.112283 
0.104751  4.120168 
0.106388  4.127964 
0.108025  4.135661 
0.109661  4.143239 
0.111298  4.150667 
0.112935  4.157901 
0.114572  4.164876 
0.116208  4.171504 
0.117845  4.177670 
0.119482  4.183227 
0.121119  4.188000 
0.122755  4.191798 
0.124392  4.194439 
0.126029  4.195777 
0.127666  4.195731 
0.129302  4.194288 
0.130939  4.191499 
0.132576  4.187450 
0.134213  4.182245 
0.135849  4.175992 
0.137486  4.168796 
0.139123  4.160755 
0.140760  4.151962 
0.142396  4.142505 
0.144033  4.132470 
0.145670  4.121944 
0.147307  4.111012 
0.148943  4.099765 
0.150580  4.088298 
0.152217  4.076710 
0.153853  4.065113 
0.155490  4.053625 
0.157127  4.042378 
0.158764  4.031515 
0.160400  4.021192 
0.162037  4.011575 
0.163674  4.002988 


0.000000  3.827553 
0.001637  3.827494 
0.003273  3.827322 
0.004910  3.827052 
0.006547  3.826710 
0.008184  3.826335 
0.009820  3.825975 
0.011457  3.825691 
0.013094  3.825558 
0.014731  3.825663 
0.016367  3.826100 
0.018004  3.826965 
0.019641  3.828337 
0.021278  3.830260 
0.022914  3.832733 
0.024551  3.835709 
0.026188  3.839113 
0.027825  3.842859 
0.029461  3.846867 
0.031098  3.851070 
0.032735  3.855417 
0.034371  3.859870 
0.036008  3.864403 
0.037645  3.869000 
0.039282  3.873654 
0.040918  3.878362 
0.042555  3.883127 
0.044192  3.887957 
0.045829  3.892862 
0.047465  3.897856 
0.049102  3.902957 
0.050739  3.908182 
0.052376  3.913553 
0.054012  3.919094 
0.055649  3.924831 
0.057286  3.930793 
0.058923  3.937010 
0.060559  3.943518 
0.062196  3.950354 
0.063833  3.957558 
0.065469  3.965177 
0.067106  3.973255 
0.068743  3.981838 
0.070380  3.990965 
0.072016  4.000663 
0.073653  4.010936 
0.075290  4.021764 
0.076927  4.033099 
0.078563  4.044867 
0.080200  4.056979 
0.081837  4.069335 
0.083474  4.081835 
0.085110  4.094382 
0.086747  4.106884 
0.088384  4.119259 
0.090021  4.131429 
0.091657  4.143325 
0.093294  4.154885 
0.094931  4.166053 
0.096568  4.176778 
0.098204  4.187016 
0.099841  4.196729 
0.101478  4.205883 
0.103114  4.214452 
0.104751  4.222416 
0.106388  4.229763 
0.108025  4.236489 
0.109661  4.242603 
0.111298  4.248123 
0.112935  4.253087 
0.114572  4.257550 
0.116208  4.261592 
0.117845  4.265322 
0.119482  4.268879 
0.121119  4.272430 
0.122755  4.276161 
0.124392  4.280247 
0.126029  4.284830 
0.127666  4.289991 
0.129302  4.295741 
0.130939  4.302036 
0.132576  4.308798 
0.134213  4.315933 
0.135849  4.323350 
0.137486  4.330966 
0.139123  4.338709 
0.140760  4.346517 
0.142396  4.354338 
0.144033  4.362127 
0.145670  4.369848 
0.147307  4.377468 
0.148943  4.384958 
0.150580  4.392295 
0.152217  4.399457 
0.153853  4.406423 
0.155490  4.413178 
0.157127  4.419704 
0.158764  4.425988 
0.160400  4.432016 
0.162037  4.437775 
0.163674  4.443180 


0.000000  4.424347 
0.001637  4.424730 
0.003273  4.425868 
0.004910  4.427732 
0.006547  4.430274 
0.008184  4.433431 
0.009820  4.437121 
0.011457  4.441252 
0.013094  4.445718 
0.014731  4.450407 
0.016367  4.455201 
0.018004  4.459979 
0.019641  4.464621 
0.021278  4.469013 
0.022914  4.473044 
0.024551  4.476616 
0.026188  4.479643 
0.027825  4.482054 
0.029461  4.483794 
0.031098  4.484826 
0.032735  4.485132 
0.034371  4.484711 
0.036008  4.483582 
0.037645  4.481776 
0.039282  4.479340 
0.040918  4.476332 
0.042555  4.472821 
0.044192  4.468878 
0.045829  4.464582 
0.047465  4.460012 
0.049102  4.455246 
0.050739  4.450363 
0.052376  4.445434 
0.054012  4.440529 
0.055649  4.435712 
0.057286  4.431039 
0.058923  4.426563 
0.060559  4.422329 
0.062196  4.418374 
0.063833  4.414732 
0.065469  4.411430 
0.067106  4.408488 
0.068743  4.405922 
0.070380  4.403745 
0.072016  4.401962 
0.073653  4.400578 
0.075290  4.399591 
0.076927  4.398999 
0.078563  4.398795 
0.080200  4.398971 
0.081837  4.399517 
0.083474  4.400419 
0.085110  4.401663 
0.086747  4.403235 
0.088384  4.405115 
0.090021  4.407286 
0.091657  4.409727 
0.093294  4.412417 
0.094931  4.415333 
0.096568  4.418452 
0.098204  4.421749 
0.099841  4.425198 
0.101478  4.428773 
0.103114  4.432446 
0.104751  4.436190 
0.106388  4.439977 
0.108025  4.443778 
0.109661  4.447566 
0.111298  4.451313 
0.112935  4.454993 
0.114572  4.458577 
0.116208  4.462042 
0.117845  4.465363 
0.119482  4.468517 
0.121119  4.471481 
0.122755  4.474236 
0.124392  4.476762 
0.126029  4.479041 
0.127666  4.481057 
0.129302  4.482796 
0.130939  4.484245 
0.132576  4.485390 
0.134213  4.486222 
0.135849  4.486732 
0.137486  4.486911 
0.139123  4.486754 
0.140760  4.486255 
0.142396  4.485411 
0.144033  4.484217 
0.145670  4.482675 
0.147307  4.480781 
0.148943  4.478539 
0.150580  4.475949 
0.152217  4.473014 
0.153853  4.469739 
0.155490  4.466127 
0.157127  4.462185 
0.158764  4.457920 
0.160400  4.453337 
0.162037  4.448447 
0.163674  4.443332 


0.000000  5.443261 
0.001637  5.442599 
0.003273  5.440649 
0.004910  5.437519 
0.006547  5.433369 
0.008184  5.428389 
0.009820  5.422780 
0.011457  5.416742 
0.013094  5.410465 
0.014731  5.404127 
0.016367  5.397890 
0.018004  5.391903 
0.019641  5.386301 
0.021278  5.381206 
0.022914  5.376728 
0.024551  5.372961 
0.026188  5.369986 
0.027825  5.367870 
0.029461  5.366664 
0.031098  5.366401 
0.032735  5.367102 
0.034371  5.368769 
0.036008  5.371392 
0.037645  5.374947 
0.039282  5.379397 
0.040918  5.384697 
0.042555  5.390792 
0.044192  5.397621 
0.045829  5.405119 
0.047465  5.413217 
0.049102  5.421845 
0.050739  5.430931 
0.052376  5.440400 
0.054012  5.450180 
0.055649  5.460197 
0.057286  5.470377 
0.058923  5.480643 
0.060559  5.490921 
0.062196  5.501132 
0.063833  5.511201 
0.065469  5.521049 
0.067106  5.530602 
0.068743  5.539790 
0.070380  5.548550 
0.072016  5.556834 
0.073653  5.564606 
0.075290  5.571854 
0.076927  5.578585 
0.078563  5.584827 
0.080200  5.590626 
0.081837  5.596038 
0.083474  5.601127 
0.085110  5.605958 
0.086747  5.610589 
0.088384  5.615072 
0.090021  5.619452 
0.091657  5.623759 
0.093294  5.628018 
0.094931  5.632241 
0.096568  5.636432 
0.098204  5.640590 
0.099841  5.644705 
0.101478  5.648765 
0.103114  5.652752 
0.104751  5.656649 
0.106388  5.660436 
0.108025  5.664094 
0.109661  5.667603 
0.111298  5.670949 
0.112935  5.674116 
0.114572  5.677096 
0.116208  5.679880 
0.117845  5.682467 
0.119482  5.684857 
0.121119  5.687055 
0.122755  5.689071 
0.124392  5.690918 
0.126029  5.692611 
0.127666  5.694171 
0.129302  5.695619 
0.130939  5.696979 
0.132576  5.698277 
0.134213  5.699541 
0.135849  5.700797 
0.137486  5.702075 
0.139123  5.703401 
0.140760  5.704802 
0.142396  5.706306 
0.144033  5.707937 
0.145670  5.709719 
0.147307  5.711673 
0.148943  5.713819 
0.150580  5.716174 
0.152217  5.718752 
0.153853  5.721566 
0.155490  5.724625 
0.157127  5.727935 
0.158764  5.731498 
0.160400  5.735310 
0.162037  5.739341 
0.163674  5.742776 


0.000000  5.630705 
0.001637  5.631311 
0.003273  5.633094 
0.004910  5.635956 
0.006547  5.639755 
0.008184  5.644323 
0.009820  5.649486 
0.011457  5.655078 
0.013094  5.660947 
0.014731  5.666959 
0.016367  5.672997 
0.018004  5.678962 
0.019641  5.684770 
0.021278  5.690350 
0.022914  5.695645 
0.024551  5.700610 
0.026188  5.705208 
0.027825  5.709412 
0.029461  5.713205 
0.031098  5.716574 
0.032735  5.719516 
0.034371  5.722032 
0.036008  5.724126 
0.037645  5.725811 
0.039282  5.727100 
0.040918  5.728013 
0.042555  5.728572 
0.044192  5.728804 
0.045829  5.728741 
0.047465  5.728418 
0.049102  5.727876 
0.050739  5.727159 
0.052376  5.726316 
0.054012  5.725402 
0.055649  5.724476 
0.057286  5.723602 
0.058923  5.722848 
0.060559  5.722287 
0.062196  5.721994 
0.063833  5.722048 
0.065469  5.722527 
0.067106  5.723507 
0.068743  5.725061 
0.070380  5.727250 
0.072016  5.730121 
0.073653  5.733702 
0.075290  5.737997 
0.076927  5.742986 
0.078563  5.748623 
0.080200  5.754841 
0.081837  5.761555 
0.083474  5.768668 
0.085110  5.776081 
0.086747  5.783691 
0.088384  5.791399 
0.090021  5.799113 
0.091657  5.806745 
0.093294  5.814217 
0.094931  5.821457 
0.096568  5.828399 
0.098204  5.834986 
0.099841  5.841167 
0.101478  5.846896 
0.103114  5.852133 
0.104751  5.856846 
0.106388  5.861006 
0.108025  5.864590 
0.109661  5.867580 
0.111298  5.869963 
0.112935  5.871733 
0.114572  5.872885 
0.116208  5.873424 
0.117845  5.873355 
0.119482  5.872691 
0.121119  5.871448 
0.122755  5.869646 
0.124392  5.867310 
0.126029  5.864467 
0.127666  5.861149 
0.129302  5.857390 
0.130939  5.853226 
0.132576  5.848695 
0.134213  5.843837 
0.135849  5.838692 
0.137486  5.833302 
0.139123  5.827707 
0.140760  5.821948 
0.142396  5.816065 
0.144033  5.810098 
0.145670  5.804085 
0.147307  5.798061 
0.148943  5.792062 
0.150580  5.786120 
0.152217  5.780267 
0.153853  5.774530 
0.155490  5.768936 
0.157127  5.763511 
0.158764  5.758276 
0.160400  5.753255 
0.162037  5.748494 
0.163674  5.744814 


0.000000  5.876700 
0.001637  5.876878 
0.003273  5.877411 
0.004910  5.878302 
0.006547  5.879557 
0.008184  5.881180 
0.009820  5.883178 
0.011457  5.885557 
0.013094  5.888324 
0.014731  5.891481 
0.016367  5.895030 
0.018004  5.898970 
0.019641  5.903296 
0.021278  5.907997 
0.022914  5.913059 
0.024551  5.918464 
0.026188  5.924189 
0.027825  5.930208 
0.029461  5.936491 
0.031098  5.943009 
0.032735  5.949729 
0.034371  5.956620 
0.036008  5.963652 
0.037645  5.970796 
0.039282  5.978026 
0.040918  5.985317 
0.042555  5.992647 
0.044192  5.999999 
0.045829  6.007355 
0.047465  6.014700 
0.049102  6.022024 
0.050739  6.029315 
0.052376  6.036564 
0.054012  6.043764 
0.055649  6.050909 
0.057286  6.057991 
0.058923  6.065007 
0.060559  6.071952 
0.062196  6.078823 
0.063833  6.085616 
0.065469  6.092329 
0.067106  6.098960 
0.068743  6.105508 
0.070380  6.111972 
0.072016  6.118352 
0.073653  6.124650 
0.075290  6.130868 
0.076927  6.137010 
0.078563  6.143078 
0.080200  6.149081 
0.081837  6.155023 
0.083474  6.160914 
0.085110  6.166762 
0.086747  6.172580 
0.088384  6.178379 
0.090021  6.184172 
0.091657  6.189974 
0.093294  6.195801 
0.094931  6.201669 
0.096568  6.207595 
0.098204  6.213595 
0.099841  6.219688 
0.101478  6.225890 
0.103114  6.232219 
0.104751  6.238688 
0.106388  6.245314 
0.108025  6.252108 
0.109661  6.259082 
0.111298  6.266245 
0.112935  6.273602 
0.114572  6.281157 
0.116208  6.288912 
0.117845  6.296865 
0.119482  6.305011 
0.121119  6.313342 
0.122755  6.321850 
0.124392  6.330522 
0.126029  6.339344 
0.127666  6.348300 
0.129302  6.357374 
0.130939  6.366548 
0.132576  6.375802 
0.134213  6.385117 
0.135849  6.394476 
0.137486  6.403858 
0.139123  6.413247 
0.140760  6.422624 
0.142396  6.431975 
0.144033  6.441283 
0.145670  6.450536 
0.147307  6.459721 
0.148943  6.468828 
0.150580  6.477848 
0.152217  6.486775 
0.153853  6.495603 
0.155490  6.504329 
0.157127  6.512950 
0.158764  6.521467 
0.160400  6.529881 
0.162037  6.538189 
0.163674  6.545818 


0.000000  6.505806 
0.001637  6.506522 
0.003273  6.508663 
0.004910  6.512216 
0.006547  6.517156 
0.008184  6.523450 
0.009820  6.531058 
0.011457  6.539930 
0.013094  6.550012 
0.014731  6.561242 
0.016367  6.573553 
0.018004  6.586876 
0.019641  6.601135 
0.021278  6.616252 
0.022914  6.632147 
0.024551  6.648735 
0.026188  6.665931 
0.027825  6.683647 
0.029461  6.701792 
0.031098  6.720276 
0.032735  6.739005 
0.034371  6.757887 
0.036008  6.776828 
0.037645  6.795734 
0.039282  6.814511 
0.040918  6.833067 
0.042555  6.851311 
0.044192  6.869154 
0.045829  6.886511 
0.047465  6.903298 
0.049102  6.919437 
0.050739  6.934853 
0.052376  6.949477 
0.054012  6.963243 
0.055649  6.976093 
0.057286  6.987975 
0.058923  6.998840 
0.060559  7.008650 
0.062196  7.017371 
0.063833  7.024976 
0.065469  7.031444 
0.067106  7.036764 
0.068743  7.040929 
0.070380  7.043939 
0.072016  7.045801 
0.073653  7.046529 
0.075290  7.046142 
0.076927  7.044665 
0.078563  7.042128 
0.080200  7.038569 
0.081837  7.034028 
0.083474  7.028549 
0.085110  7.022181 
0.086747  7.014978 
0.088384  7.006994 
0.090021  6.998289 
0.091657  6.988922 
0.093294  6.978956 
0.094931  6.968453 
0.096568  6.957479 
0.098204  6.946096 
0.099841  6.934368 
0.101478  6.922359 
0.103114  6.910130 
0.104751  6.897741 
0.106388  6.885249 
0.108025  6.872709 
0.109661  6.860171 
0.111298  6.847684 
0.112935  6.835291 
0.114572  6.823030 
0.116208  6.810937 
0.117845  6.799041 
0.119482  6.787367 
0.121119  6.775934 
0.122755  6.764758 
0.124392  6.753849 
0.126029  6.743212 
0.127666  6.732849 
0.129302  6.722757 
0.130939  6.712930 
0.132576  6.703359 
0.134213  6.694030 
0.135849  6.684929 
0.137486  6.676041 
0.139123  6.667345 
0.140760  6.658823 
0.142396  6.650454 
0.144033  6.642218 
0.145670  6.634092 
0.147307  6.626056 
0.148943  6.618090 
0.150580  6.610172 
0.152217  6.602283 
0.153853  6.594404 
0.155490  6.586518 
0.157127  6.578609 
0.158764  6.570661 
0.160400  6.562663 
0.162037  6.554607 
0.163674  6.547063 


0.000000  8.073748 
0.001637  8.073578 
0.003273  8.073069 
0.004910  8.072222 
0.006547  8.071041 
0.008184  8.069531 
0.009820  8.067697 
0.011457  8.065546 
0.013094  8.063087 
0.014731  8.060328 
0.016367  8.057280 
0.018004  8.053955 
0.019641  8.050365 
0.021278  8.046523 
0.022914  8.042443 
0.024551  8.038140 
0.026188  8.033631 
0.027825  8.028930 
0.029461  8.024055 
0.031098  8.019023 
0.032735  8.013852 
0.034371  8.008558 
0.036008  8.003160 
0.037645  7.997675 
0.039282  7.992122 
0.040918  7.986517 
0.042555  7.980879 
0.044192  7.975223 
0.045829  7.969566 
0.047465  7.963923 
0.049102  7.958311 
0.050739  7.952742 
0.052376  7.947229 
0.054012  7.941785 
0.055649  7.936420 
0.057286  7.931143 
0.058923  7.925963 
0.060559  7.920885 
0.062196  7.915914 
0.063833  7.911053 
0.065469  7.906302 
0.067106  7.901659 
0.068743  7.897122 
0.070380  7.892684 
0.072016  7.888337 
0.073653  7.884073 
0.075290  7.879879 
0.076927  7.875742 
0.078563  7.871648 
0.080200  7.867582 
0.081837  7.863529 
0.083474  7.859475 
0.085110  7.855408 
0.086747  7.851318 
0.088384  7.847199 
0.090021  7.843050 
0.091657  7.838873 
0.093294  7.834675 
0.094931  7.830471 
0.096568  7.826274 
0.098204  7.822105 
0.099841  7.817986 
0.101478  7.813938 
0.103114  7.809985 
0.104751  7.806148 
0.106388  7.802450 
0.108025  7.798909 
0.109661  7.795543 
0.111298  7.792368 
0.112935  7.789396 
0.114572  7.786639 
0.116208  7.784106 
0.117845  7.781805 
0.119482  7.779740 
0.121119  7.777917 
0.122755  7.776337 
0.124392  7.775002 
0.126029  7.773912 
0.127666  7.773066 
0.129302  7.772462 
0.130939  7.772099 
0.132576  7.771972 
0.134213  7.772079 
0.135849  7.772415 
0.137486  7.772976 
0.139123  7.773757 
0.140760  7.774753 
0.142396  7.775957 
0.144033  7.777364 
0.145670  7.778968 
0.147307  7.780760 
0.148943  7.782735 
0.150580  7.784884 
0.152217  7.787198 
0.153853  7.789665 
0.155490  7.792274 
0.157127  7.795006 
0.158764  7.797831 
0.160400  7.800682 
0.162037  7.803335 
0.163674  7.804748 


0.000000  8.290675 
0.001637  8.290503 
0.003273  8.289985 
0.004910  8.289122 
0.006547  8.287917 
0.008184  8.286369 
0.009820  8.284481 
0.011457  8.282254 
0.013094  8.279693 
0.014731  8.276799 
0.016367  8.273576 
0.018004  8.270029 
0.019641  8.266161 
0.021278  8.261978 
0.022914  8.257486 
0.024551  8.252689 
0.026188  8.247595 
0.027825  8.242211 
0.029461  8.236544 
0.031098  8.230602 
0.032735  8.224394 
0.034371  8.217928 
0.036008  8.211215 
0.037645  8.204264 
0.039282  8.197086 
0.040918  8.189693 
0.042555  8.182095 
0.044192  8.174306 
0.045829  8.166338 
0.047465  8.158204 
0.049102  8.149920 
0.050739  8.141499 
0.052376  8.132957 
0.054012  8.124311 
0.055649  8.115576 
0.057286  8.106771 
0.058923  8.097915 
0.060559  8.089026 
0.062196  8.080125 
0.063833  8.071234 
0.065469  8.062375 
0.067106  8.053570 
0.068743  8.044845 
0.070380  8.036224 
0.072016  8.027734 
0.073653  8.019402 
0.075290  8.011256 
0.076927  8.003323 
0.078563  7.995631 
0.080200  7.988206 
0.081837  7.981075 
0.083474  7.974261 
0.085110  7.967783 
0.086747  7.961658 
0.088384  7.955896 
0.090021  7.950503 
0.091657  7.945478 
0.093294  7.940813 
0.094931  7.936496 
0.096568  7.932507 
0.098204  7.928824 
0.099841  7.925420 
0.101478  7.922266 
0.103114  7.919331 
0.104751  7.916584 
0.106388  7.913994 
0.108025  7.911531 
0.109661  7.909165 
0.111298  7.906870 
0.112935  7.904619 
0.114572  7.902389 
0.116208  7.900158 
0.117845  7.897907 
0.119482  7.895618 
0.121119  7.893276 
0.122755  7.890868 
0.124392  7.888382 
0.126029  7.885811 
0.127666  7.883146 
0.129302  7.880385 
0.130939  7.877523 
0.132576  7.874560 
0.134213  7.871497 
0.135849  7.868337 
0.137486  7.865085 
0.139123  7.861745 
0.140760  7.858326 
0.142396  7.854836 
0.144033  7.851284 
0.145670  7.847682 
0.147307  7.844041 
0.148943  7.840373 
0.150580  7.836692 
0.152217  7.833012 
0.153853  7.829348 
0.155490  7.825718 
0.157127  7.822145 
0.158764  7.818662 
0.160400  7.815339 
0.162037  7.812401 
0.163674  7.810894 


