# distance  frequency (bands are separated by blank lines)
# End points of segments: 
#   0.00000000 0.07872240 
0.000000  2.334617 
0.000787  2.334600 
0.001574  2.334547 
0.002362  2.334460 
0.003149  2.334336 
0.003936  2.334175 
0.004723  2.333975 
0.005511  2.333735 
0.006298  2.333453 
0.007085  2.333127 
0.007872  2.332755 
0.008660  2.332335 
0.009447  2.331866 
0.010234  2.331344 
0.011021  2.330769 
0.011808  2.330139 
0.012596  2.329452 
0.013383  2.328708 
0.014170  2.327905 
0.014957  2.327042 
0.015745  2.326119 
0.016532  2.325135 
0.017319  2.324091 
0.018106  2.322986 
0.018893  2.321821 
0.019681  2.320596 
0.020468  2.319312 
0.021255  2.317969 
0.022042  2.316569 
0.022829  2.315111 
0.023617  2.313598 
0.024404  2.312030 
0.025191  2.310409 
0.025978  2.308736 
0.026766  2.307013 
0.027553  2.305241 
0.028340  2.303422 
0.029127  2.301557 
0.029915  2.299649 
0.030702  2.297698 
0.031489  2.295707 
0.032276  2.293678 
0.033063  2.291612 
0.033851  2.289512 
0.034638  2.287379 
0.035425  2.285216 
0.036212  2.283025 
0.036999  2.280808 
0.037787  2.278567 
0.038574  2.276304 
0.039361  2.274022 
0.040148  2.271723 
0.040936  2.269409 
0.041723  2.267083 
0.042510  2.264746 
0.043297  2.262403 
0.044084  2.260054 
0.044872  2.257702 
0.045659  2.255351 
0.046446  2.253002 
0.047233  2.250657 
0.048021  2.248320 
0.048808  2.245993 
0.049595  2.243678 
0.050382  2.241378 
0.051169  2.239095 
0.051957  2.236831 
0.052744  2.234590 
0.053531  2.232373 
0.054318  2.230182 
0.055106  2.228020 
0.055893  2.225890 
0.056680  2.223792 
0.057467  2.221729 
0.058255  2.219703 
0.059042  2.217715 
0.059829  2.215768 
0.060616  2.213862 
0.061403  2.211999 
0.062191  2.210181 
0.062978  2.208408 
0.063765  2.206682 
0.064552  2.205003 
0.065340  2.203373 
0.066127  2.201792 
0.066914  2.200262 
0.067701  2.198784 
0.068488  2.197360 
0.069276  2.195993 
0.070063  2.194686 
0.070850  2.193443 
0.071637  2.192272 
0.072425  2.191178 
0.073212  2.190172 
0.073999  2.189264 
0.074786  2.188466 
0.075574  2.187790 
0.076361  2.187248 
0.077148  2.186852 
0.077935  2.186611 
0.078722  2.186530 


0.000000  2.335134 
0.000787  2.335120 
0.001574  2.335078 
0.002362  2.335007 
0.003149  2.334906 
0.003936  2.334774 
0.004723  2.334608 
0.005511  2.334407 
0.006298  2.334168 
0.007085  2.333889 
0.007872  2.333568 
0.008660  2.333201 
0.009447  2.332787 
0.010234  2.332322 
0.011021  2.331806 
0.011808  2.331236 
0.012596  2.330609 
0.013383  2.329926 
0.014170  2.329183 
0.014957  2.328381 
0.015745  2.327519 
0.016532  2.326595 
0.017319  2.325610 
0.018106  2.324563 
0.018893  2.323455 
0.019681  2.322286 
0.020468  2.321056 
0.021255  2.319766 
0.022042  2.318417 
0.022829  2.317009 
0.023617  2.315545 
0.024404  2.314025 
0.025191  2.312450 
0.025978  2.310821 
0.026766  2.309141 
0.027553  2.307411 
0.028340  2.305632 
0.029127  2.303807 
0.029915  2.301936 
0.030702  2.300022 
0.031489  2.298066 
0.032276  2.296071 
0.033063  2.294038 
0.033851  2.291970 
0.034638  2.289868 
0.035425  2.287735 
0.036212  2.285573 
0.036999  2.283383 
0.037787  2.281169 
0.038574  2.278932 
0.039361  2.276675 
0.040148  2.274400 
0.040936  2.272110 
0.041723  2.269806 
0.042510  2.267491 
0.043297  2.265168 
0.044084  2.262839 
0.044872  2.260506 
0.045659  2.258173 
0.046446  2.255841 
0.047233  2.253513 
0.048021  2.251191 
0.048808  2.248879 
0.049595  2.246578 
0.050382  2.244290 
0.051169  2.242019 
0.051957  2.239767 
0.052744  2.237535 
0.053531  2.235327 
0.054318  2.233144 
0.055106  2.230989 
0.055893  2.228863 
0.056680  2.226769 
0.057467  2.224708 
0.058255  2.222683 
0.059042  2.220694 
0.059829  2.218743 
0.060616  2.216833 
0.061403  2.214963 
0.062191  2.213135 
0.062978  2.211349 
0.063765  2.209608 
0.064552  2.207911 
0.065340  2.206259 
0.066127  2.204653 
0.066914  2.203093 
0.067701  2.201582 
0.068488  2.200121 
0.069276  2.198713 
0.070063  2.197361 
0.070850  2.196070 
0.071637  2.194847 
0.072425  2.193700 
0.073212  2.192640 
0.073999  2.191679 
0.074786  2.190830 
0.075574  2.190109 
0.076361  2.189530 
0.077148  2.189106 
0.077935  2.188847 
0.078722  2.188760 


0.000000  2.539587 
0.000787  2.539723 
0.001574  2.540132 
0.002362  2.540812 
0.003149  2.541761 
0.003936  2.542976 
0.004723  2.544452 
0.005511  2.546185 
0.006298  2.548169 
0.007085  2.550397 
0.007872  2.552861 
0.008660  2.555553 
0.009447  2.558464 
0.010234  2.561582 
0.011021  2.564897 
0.011808  2.568397 
0.012596  2.572069 
0.013383  2.575901 
0.014170  2.579878 
0.014957  2.583987 
0.015745  2.588212 
0.016532  2.592539 
0.017319  2.596952 
0.018106  2.601436 
0.018893  2.605975 
0.019681  2.610554 
0.020468  2.615156 
0.021255  2.619765 
0.022042  2.624367 
0.022829  2.628944 
0.023617  2.633481 
0.024404  2.637963 
0.025191  2.642373 
0.025978  2.646696 
0.026766  2.650916 
0.027553  2.655017 
0.028340  2.658984 
0.029127  2.662801 
0.029915  2.666452 
0.030702  2.669921 
0.031489  2.673191 
0.032276  2.676246 
0.033063  2.679069 
0.033851  2.681642 
0.034638  2.683948 
0.035425  2.685968 
0.036212  2.687683 
0.036999  2.689074 
0.037787  2.690121 
0.038574  2.690803 
0.039361  2.691098 
0.040148  2.690987 
0.040936  2.690445 
0.041723  2.689452 
0.042510  2.687986 
0.043297  2.686023 
0.044084  2.683543 
0.044872  2.680526 
0.045659  2.676951 
0.046446  2.672803 
0.047233  2.668066 
0.048021  2.662727 
0.048808  2.656777 
0.049595  2.650211 
0.050382  2.643028 
0.051169  2.635231 
0.051957  2.626829 
0.052744  2.617835 
0.053531  2.608267 
0.054318  2.598152 
0.055106  2.587517 
0.055893  2.576397 
0.056680  2.564833 
0.057467  2.552870 
0.058255  2.540555 
0.059042  2.527943 
0.059829  2.515090 
0.060616  2.502056 
0.061403  2.488905 
0.062191  2.475702 
0.062978  2.462514 
0.063765  2.449411 
0.064552  2.436464 
0.065340  2.423742 
0.066127  2.411316 
0.066914  2.399258 
0.067701  2.387635 
0.068488  2.376517 
0.069276  2.365966 
0.070063  2.356044 
0.070850  2.346810 
0.071637  2.338315 
0.072425  2.330606 
0.073212  2.323723 
0.073999  2.317701 
0.074786  2.312568 
0.075574  2.308344 
0.076361  2.305046 
0.077148  2.302683 
0.077935  2.301263 
0.078722  2.300789 


0.000000  2.542196 
0.000787  2.542332 
0.001574  2.542738 
0.002362  2.543414 
0.003149  2.544358 
0.003936  2.545565 
0.004723  2.547034 
0.005511  2.548757 
0.006298  2.550731 
0.007085  2.552948 
0.007872  2.555400 
0.008660  2.558079 
0.009447  2.560976 
0.010234  2.564081 
0.011021  2.567382 
0.011808  2.570869 
0.012596  2.574527 
0.013383  2.578345 
0.014170  2.582308 
0.014957  2.586403 
0.015745  2.590615 
0.016532  2.594928 
0.017319  2.599327 
0.018106  2.603798 
0.018893  2.608324 
0.019681  2.612890 
0.020468  2.617479 
0.021255  2.622075 
0.022042  2.626664 
0.022829  2.631229 
0.023617  2.635754 
0.024404  2.640224 
0.025191  2.644623 
0.025978  2.648935 
0.026766  2.653144 
0.027553  2.657236 
0.028340  2.661194 
0.029127  2.665003 
0.029915  2.668646 
0.030702  2.672109 
0.031489  2.675374 
0.032276  2.678425 
0.033063  2.681245 
0.033851  2.683818 
0.034638  2.686124 
0.035425  2.688147 
0.036212  2.689867 
0.036999  2.691265 
0.037787  2.692321 
0.038574  2.693015 
0.039361  2.693326 
0.040148  2.693232 
0.040936  2.692711 
0.041723  2.691742 
0.042510  2.690302 
0.043297  2.688369 
0.044084  2.685921 
0.044872  2.682939 
0.045659  2.679403 
0.046446  2.675296 
0.047233  2.670601 
0.048021  2.665307 
0.048808  2.659403 
0.049595  2.652885 
0.050382  2.645750 
0.051169  2.638002 
0.051957  2.629649 
0.052744  2.620703 
0.053531  2.611184 
0.054318  2.601115 
0.055106  2.590526 
0.055893  2.579451 
0.056680  2.567930 
0.057467  2.556008 
0.058255  2.543732 
0.059042  2.531157 
0.059829  2.518339 
0.060616  2.505339 
0.061403  2.492218 
0.062191  2.479043 
0.062978  2.465882 
0.063765  2.452802 
0.064552  2.439875 
0.065340  2.427171 
0.066127  2.414761 
0.066914  2.402715 
0.067701  2.391102 
0.068488  2.379990 
0.069276  2.369442 
0.070063  2.359521 
0.070850  2.350284 
0.071637  2.341784 
0.072425  2.334067 
0.073212  2.327176 
0.073999  2.321144 
0.074786  2.316000 
0.075574  2.311766 
0.076361  2.308459 
0.077148  2.306090 
0.077935  2.304665 
0.078722  2.304190 


0.000000  3.393975 
0.000787  3.393887 
0.001574  3.393625 
0.002362  3.393189 
0.003149  3.392579 
0.003936  3.391796 
0.004723  3.390841 
0.005511  3.389714 
0.006298  3.388418 
0.007085  3.386954 
0.007872  3.385323 
0.008660  3.383526 
0.009447  3.381567 
0.010234  3.379446 
0.011021  3.377166 
0.011808  3.374728 
0.012596  3.372136 
0.013383  3.369392 
0.014170  3.366497 
0.014957  3.363455 
0.015745  3.360266 
0.016532  3.356935 
0.017319  3.353463 
0.018106  3.349853 
0.018893  3.346107 
0.019681  3.342228 
0.020468  3.338217 
0.021255  3.334078 
0.022042  3.329813 
0.022829  3.325424 
0.023617  3.320913 
0.024404  3.316284 
0.025191  3.311538 
0.025978  3.306679 
0.026766  3.301708 
0.027553  3.296629 
0.028340  3.291445 
0.029127  3.286159 
0.029915  3.280774 
0.030702  3.275295 
0.031489  3.269725 
0.032276  3.264068 
0.033063  3.258331 
0.033851  3.252517 
0.034638  3.246635 
0.035425  3.240690 
0.036212  3.234690 
0.036999  3.228644 
0.037787  3.222561 
0.038574  3.216452 
0.039361  3.210329 
0.040148  3.204203 
0.040936  3.198090 
0.041723  3.192002 
0.042510  3.185957 
0.043297  3.179970 
0.044084  3.174059 
0.044872  3.168241 
0.045659  3.162535 
0.046446  3.156959 
0.047233  3.151530 
0.048021  3.146266 
0.048808  3.141182 
0.049595  3.136293 
0.050382  3.131613 
0.051169  3.127152 
0.051957  3.122919 
0.052744  3.118920 
0.053531  3.115160 
0.054318  3.111642 
0.055106  3.108363 
0.055893  3.105322 
0.056680  3.102515 
0.057467  3.099934 
0.058255  3.097572 
0.059042  3.095419 
0.059829  3.093467 
0.060616  3.091704 
0.061403  3.090118 
0.062191  3.088699 
0.062978  3.087434 
0.063765  3.086312 
0.064552  3.085321 
0.065340  3.084451 
0.066127  3.083691 
0.066914  3.083030 
0.067701  3.082458 
0.068488  3.081967 
0.069276  3.081547 
0.070063  3.081191 
0.070850  3.080891 
0.071637  3.080641 
0.072425  3.080433 
0.073212  3.080263 
0.073999  3.080125 
0.074786  3.080016 
0.075574  3.079932 
0.076361  3.079869 
0.077148  3.079826 
0.077935  3.079801 
0.078722  3.079793 


0.000000  3.396265 
0.000787  3.396178 
0.001574  3.395916 
0.002362  3.395479 
0.003149  3.394868 
0.003936  3.394084 
0.004723  3.393128 
0.005511  3.392001 
0.006298  3.390703 
0.007085  3.389237 
0.007872  3.387604 
0.008660  3.385806 
0.009447  3.383844 
0.010234  3.381721 
0.011021  3.379438 
0.011808  3.376999 
0.012596  3.374404 
0.013383  3.371656 
0.014170  3.368758 
0.014957  3.365712 
0.015745  3.362521 
0.016532  3.359186 
0.017319  3.355710 
0.018106  3.352095 
0.018893  3.348345 
0.019681  3.344461 
0.020468  3.340446 
0.021255  3.336302 
0.022042  3.332032 
0.022829  3.327638 
0.023617  3.323123 
0.024404  3.318488 
0.025191  3.313737 
0.025978  3.308873 
0.026766  3.303897 
0.027553  3.298813 
0.028340  3.293624 
0.029127  3.288333 
0.029915  3.282944 
0.030702  3.277461 
0.031489  3.271887 
0.032276  3.266227 
0.033063  3.260487 
0.033851  3.254671 
0.034638  3.248787 
0.035425  3.242841 
0.036212  3.236842 
0.036999  3.230797 
0.037787  3.224716 
0.038574  3.218610 
0.039361  3.212491 
0.040148  3.206371 
0.040936  3.200264 
0.041723  3.194185 
0.042510  3.188149 
0.043297  3.182173 
0.044084  3.176273 
0.044872  3.170469 
0.045659  3.164777 
0.046446  3.159215 
0.047233  3.153801 
0.048021  3.148553 
0.048808  3.143484 
0.049595  3.138611 
0.050382  3.133946 
0.051169  3.129499 
0.051957  3.125280 
0.052744  3.121294 
0.053531  3.117546 
0.054318  3.114038 
0.055106  3.110768 
0.055893  3.107735 
0.056680  3.104933 
0.057467  3.102357 
0.058255  3.099998 
0.059042  3.097848 
0.059829  3.095896 
0.060616  3.094133 
0.061403  3.092546 
0.062191  3.091124 
0.062978  3.089856 
0.063765  3.088731 
0.064552  3.087736 
0.065340  3.086861 
0.066127  3.086096 
0.066914  3.085430 
0.067701  3.084853 
0.068488  3.084357 
0.069276  3.083932 
0.070063  3.083571 
0.070850  3.083266 
0.071637  3.083010 
0.072425  3.082798 
0.073212  3.082624 
0.073999  3.082483 
0.074786  3.082371 
0.075574  3.082284 
0.076361  3.082220 
0.077148  3.082175 
0.077935  3.082149 
0.078722  3.082141 


0.000000  3.814026 
0.000787  3.813892 
0.001574  3.813491 
0.002362  3.812828 
0.003149  3.811907 
0.003936  3.810735 
0.004723  3.809322 
0.005511  3.807677 
0.006298  3.805811 
0.007085  3.803734 
0.007872  3.801458 
0.008660  3.798993 
0.009447  3.796348 
0.010234  3.793533 
0.011021  3.790557 
0.011808  3.787427 
0.012596  3.784150 
0.013383  3.780732 
0.014170  3.777178 
0.014957  3.773491 
0.015745  3.769676 
0.016532  3.765735 
0.017319  3.761671 
0.018106  3.757484 
0.018893  3.753177 
0.019681  3.748749 
0.020468  3.744202 
0.021255  3.739535 
0.022042  3.734749 
0.022829  3.729843 
0.023617  3.724817 
0.024404  3.719671 
0.025191  3.714406 
0.025978  3.709020 
0.026766  3.703514 
0.027553  3.697889 
0.028340  3.692146 
0.029127  3.686284 
0.029915  3.680306 
0.030702  3.674213 
0.031489  3.668008 
0.032276  3.661693 
0.033063  3.655271 
0.033851  3.648746 
0.034638  3.642122 
0.035425  3.635405 
0.036212  3.628599 
0.036999  3.621711 
0.037787  3.614748 
0.038574  3.607716 
0.039361  3.600624 
0.040148  3.593480 
0.040936  3.586294 
0.041723  3.579074 
0.042510  3.571830 
0.043297  3.564574 
0.044084  3.557316 
0.044872  3.550066 
0.045659  3.542837 
0.046446  3.535638 
0.047233  3.528482 
0.048021  3.521379 
0.048808  3.514341 
0.049595  3.507379 
0.050382  3.500503 
0.051169  3.493724 
0.051957  3.487051 
0.052744  3.480493 
0.053531  3.474061 
0.054318  3.467762 
0.055106  3.461605 
0.055893  3.455596 
0.056680  3.449743 
0.057467  3.444052 
0.058255  3.438529 
0.059042  3.433179 
0.059829  3.428007 
0.060616  3.423019 
0.061403  3.418218 
0.062191  3.413607 
0.062978  3.409191 
0.063765  3.404972 
0.064552  3.400953 
0.065340  3.397138 
0.066127  3.393528 
0.066914  3.390126 
0.067701  3.386933 
0.068488  3.383953 
0.069276  3.381185 
0.070063  3.378633 
0.070850  3.376298 
0.071637  3.374181 
0.072425  3.372283 
0.073212  3.370606 
0.073999  3.369150 
0.074786  3.367917 
0.075574  3.366906 
0.076361  3.366120 
0.077148  3.365558 
0.077935  3.365221 
0.078722  3.365108 


0.000000  3.815188 
0.000787  3.815053 
0.001574  3.814652 
0.002362  3.813986 
0.003149  3.813063 
0.003936  3.811888 
0.004723  3.810471 
0.005511  3.808822 
0.006298  3.806951 
0.007085  3.804870 
0.007872  3.802589 
0.008660  3.800118 
0.009447  3.797469 
0.010234  3.794650 
0.011021  3.791669 
0.011808  3.788535 
0.012596  3.785254 
0.013383  3.781832 
0.014170  3.778274 
0.014957  3.774584 
0.015745  3.770766 
0.016532  3.766823 
0.017319  3.762756 
0.018106  3.758568 
0.018893  3.754259 
0.019681  3.749830 
0.020468  3.745282 
0.021255  3.740615 
0.022042  3.735828 
0.022829  3.730923 
0.023617  3.725898 
0.024404  3.720753 
0.025191  3.715489 
0.025978  3.710105 
0.026766  3.704601 
0.027553  3.698979 
0.028340  3.693237 
0.029127  3.687379 
0.029915  3.681404 
0.030702  3.675315 
0.031489  3.669114 
0.032276  3.662803 
0.033063  3.656385 
0.033851  3.649865 
0.034638  3.643247 
0.035425  3.636535 
0.036212  3.629735 
0.036999  3.622854 
0.037787  3.615897 
0.038574  3.608872 
0.039361  3.601787 
0.040148  3.594651 
0.040936  3.587472 
0.041723  3.580261 
0.042510  3.573026 
0.043297  3.565778 
0.044084  3.558529 
0.044872  3.551288 
0.045659  3.544067 
0.046446  3.536878 
0.047233  3.529730 
0.048021  3.522637 
0.048808  3.515607 
0.049595  3.508654 
0.050382  3.501786 
0.051169  3.495014 
0.051957  3.488348 
0.052744  3.481798 
0.053531  3.475372 
0.054318  3.469078 
0.055106  3.462925 
0.055893  3.456920 
0.056680  3.451070 
0.057467  3.445382 
0.058255  3.439860 
0.059042  3.434511 
0.059829  3.429339 
0.060616  3.424350 
0.061403  3.419547 
0.062191  3.414933 
0.062978  3.410514 
0.063765  3.406291 
0.064552  3.402267 
0.065340  3.398447 
0.066127  3.394831 
0.066914  3.391422 
0.067701  3.388223 
0.068488  3.385236 
0.069276  3.382462 
0.070063  3.379903 
0.070850  3.377561 
0.071637  3.375437 
0.072425  3.373533 
0.073212  3.371850 
0.073999  3.370389 
0.074786  3.369151 
0.075574  3.368137 
0.076361  3.367348 
0.077148  3.366783 
0.077935  3.366445 
0.078722  3.366332 


0.000000  4.002669 
0.000787  4.002837 
0.001574  4.003339 
0.002362  4.004171 
0.003149  4.005324 
0.003936  4.006790 
0.004723  4.008556 
0.005511  4.010606 
0.006298  4.012927 
0.007085  4.015501 
0.007872  4.018311 
0.008660  4.021339 
0.009447  4.024567 
0.010234  4.027979 
0.011021  4.031556 
0.011808  4.035281 
0.012596  4.039140 
0.013383  4.043114 
0.014170  4.047190 
0.014957  4.051352 
0.015745  4.055587 
0.016532  4.059881 
0.017319  4.064221 
0.018106  4.068595 
0.018893  4.072991 
0.019681  4.077397 
0.020468  4.081803 
0.021255  4.086199 
0.022042  4.090576 
0.022829  4.094923 
0.023617  4.099232 
0.024404  4.103496 
0.025191  4.107706 
0.025978  4.111856 
0.026766  4.115939 
0.027553  4.119948 
0.028340  4.123879 
0.029127  4.127726 
0.029915  4.131485 
0.030702  4.135151 
0.031489  4.138721 
0.032276  4.142192 
0.033063  4.145561 
0.033851  4.148827 
0.034638  4.151987 
0.035425  4.155040 
0.036212  4.157986 
0.036999  4.160823 
0.037787  4.163553 
0.038574  4.166175 
0.039361  4.168690 
0.040148  4.171098 
0.040936  4.173403 
0.041723  4.175604 
0.042510  4.177703 
0.043297  4.179704 
0.044084  4.181607 
0.044872  4.183416 
0.045659  4.185133 
0.046446  4.186760 
0.047233  4.188301 
0.048021  4.189759 
0.048808  4.191135 
0.049595  4.192435 
0.050382  4.193659 
0.051169  4.194812 
0.051957  4.195897 
0.052744  4.196916 
0.053531  4.197872 
0.054318  4.198769 
0.055106  4.199609 
0.055893  4.200396 
0.056680  4.201130 
0.057467  4.201817 
0.058255  4.202457 
0.059042  4.203054 
0.059829  4.203609 
0.060616  4.204126 
0.061403  4.204606 
0.062191  4.205050 
0.062978  4.205462 
0.063765  4.205843 
0.064552  4.206195 
0.065340  4.206519 
0.066127  4.206817 
0.066914  4.207090 
0.067701  4.207339 
0.068488  4.207566 
0.069276  4.207772 
0.070063  4.207959 
0.070850  4.208125 
0.071637  4.208274 
0.072425  4.208405 
0.073212  4.208519 
0.073999  4.208616 
0.074786  4.208698 
0.075574  4.208764 
0.076361  4.208816 
0.077148  4.208852 
0.077935  4.208874 
0.078722  4.208881 


0.000000  4.002988 
0.000787  4.003156 
0.001574  4.003661 
0.002362  4.004496 
0.003149  4.005655 
0.003936  4.007126 
0.004723  4.008898 
0.005511  4.010957 
0.006298  4.013285 
0.007085  4.015866 
0.007872  4.018684 
0.008660  4.021719 
0.009447  4.024954 
0.010234  4.028372 
0.011021  4.031956 
0.011808  4.035687 
0.012596  4.039550 
0.013383  4.043529 
0.014170  4.047608 
0.014957  4.051774 
0.015745  4.056011 
0.016532  4.060307 
0.017319  4.064648 
0.018106  4.069023 
0.018893  4.073419 
0.019681  4.077825 
0.020468  4.082230 
0.021255  4.086625 
0.022042  4.091000 
0.022829  4.095346 
0.023617  4.099653 
0.024404  4.103914 
0.025191  4.108122 
0.025978  4.112269 
0.026766  4.116349 
0.027553  4.120355 
0.028340  4.124283 
0.029127  4.128126 
0.029915  4.131881 
0.030702  4.135544 
0.031489  4.139111 
0.032276  4.142578 
0.033063  4.145944 
0.033851  4.149207 
0.034638  4.152363 
0.035425  4.155413 
0.036212  4.158356 
0.036999  4.161191 
0.037787  4.163917 
0.038574  4.166536 
0.039361  4.169049 
0.040148  4.171455 
0.040936  4.173757 
0.041723  4.175956 
0.042510  4.178053 
0.043297  4.180052 
0.044084  4.181953 
0.044872  4.183760 
0.045659  4.185475 
0.046446  4.187101 
0.047233  4.188641 
0.048021  4.190097 
0.048808  4.191472 
0.049595  4.192770 
0.050382  4.193993 
0.051169  4.195145 
0.051957  4.196228 
0.052744  4.197246 
0.053531  4.198202 
0.054318  4.199098 
0.055106  4.199937 
0.055893  4.200722 
0.056680  4.201456 
0.057467  4.202141 
0.058255  4.202780 
0.059042  4.203376 
0.059829  4.203931 
0.060616  4.204446 
0.061403  4.204925 
0.062191  4.205369 
0.062978  4.205780 
0.063765  4.206160 
0.064552  4.206511 
0.065340  4.206834 
0.066127  4.207131 
0.066914  4.207403 
0.067701  4.207652 
0.068488  4.207879 
0.069276  4.208084 
0.070063  4.208269 
0.070850  4.208436 
0.071637  4.208584 
0.072425  4.208714 
0.073212  4.208828 
0.073999  4.208925 
0.074786  4.209006 
0.075574  4.209072 
0.076361  4.209123 
0.077148  4.209160 
0.077935  4.209181 
0.078722  4.209188 


0.000000  4.443180 
0.000787  4.443195 
0.001574  4.443240 
0.002362  4.443315 
0.003149  4.443420 
0.003936  4.443554 
0.004723  4.443719 
0.005511  4.443914 
0.006298  4.444138 
0.007085  4.444392 
0.007872  4.444676 
0.008660  4.444990 
0.009447  4.445333 
0.010234  4.445707 
0.011021  4.446109 
0.011808  4.446542 
0.012596  4.447004 
0.013383  4.447495 
0.014170  4.448016 
0.014957  4.448566 
0.015745  4.449146 
0.016532  4.449755 
0.017319  4.450393 
0.018106  4.451059 
0.018893  4.451755 
0.019681  4.452479 
0.020468  4.453232 
0.021255  4.454012 
0.022042  4.454821 
0.022829  4.455657 
0.023617  4.456521 
0.024404  4.457411 
0.025191  4.458327 
0.025978  4.459270 
0.026766  4.460237 
0.027553  4.461229 
0.028340  4.462245 
0.029127  4.463283 
0.029915  4.464344 
0.030702  4.465425 
0.031489  4.466527 
0.032276  4.467647 
0.033063  4.468784 
0.033851  4.469938 
0.034638  4.471106 
0.035425  4.472288 
0.036212  4.473481 
0.036999  4.474684 
0.037787  4.475895 
0.038574  4.477113 
0.039361  4.478335 
0.040148  4.479561 
0.040936  4.480787 
0.041723  4.482012 
0.042510  4.483235 
0.043297  4.484453 
0.044084  4.485664 
0.044872  4.486866 
0.045659  4.488059 
0.046446  4.489239 
0.047233  4.490405 
0.048021  4.491556 
0.048808  4.492689 
0.049595  4.493804 
0.050382  4.494898 
0.051169  4.495971 
0.051957  4.497020 
0.052744  4.498046 
0.053531  4.499046 
0.054318  4.500019 
0.055106  4.500965 
0.055893  4.501883 
0.056680  4.502772 
0.057467  4.503631 
0.058255  4.504460 
0.059042  4.505258 
0.059829  4.506025 
0.060616  4.506760 
0.061403  4.507463 
0.062191  4.508134 
0.062978  4.508773 
0.063765  4.509380 
0.064552  4.509954 
0.065340  4.510496 
0.066127  4.511006 
0.066914  4.511484 
0.067701  4.511930 
0.068488  4.512344 
0.069276  4.512726 
0.070063  4.513076 
0.070850  4.513396 
0.071637  4.513684 
0.072425  4.513941 
0.073212  4.514168 
0.073999  4.514364 
0.074786  4.514529 
0.075574  4.514664 
0.076361  4.514769 
0.077148  4.514844 
0.077935  4.514889 
0.078722  4.514904 


0.000000  4.443332 
0.000787  4.443347 
0.001574  4.443392 
0.002362  4.443467 
0.003149  4.443573 
0.003936  4.443708 
0.004723  4.443874 
0.005511  4.444070 
0.006298  4.444296 
0.007085  4.444552 
0.007872  4.444837 
0.008660  4.445153 
0.009447  4.445499 
0.010234  4.445874 
0.011021  4.446280 
0.011808  4.446715 
0.012596  4.447180 
0.013383  4.447674 
0.014170  4.448199 
0.014957  4.448752 
0.015745  4.449335 
0.016532  4.449948 
0.017319  4.450589 
0.018106  4.451260 
0.018893  4.451959 
0.019681  4.452687 
0.020468  4.453444 
0.021255  4.454229 
0.022042  4.455042 
0.022829  4.455882 
0.023617  4.456750 
0.024404  4.457644 
0.025191  4.458565 
0.025978  4.459512 
0.026766  4.460484 
0.027553  4.461480 
0.028340  4.462500 
0.029127  4.463543 
0.029915  4.464607 
0.030702  4.465693 
0.031489  4.466799 
0.032276  4.467923 
0.033063  4.469065 
0.033851  4.470222 
0.034638  4.471395 
0.035425  4.472580 
0.036212  4.473777 
0.036999  4.474984 
0.037787  4.476199 
0.038574  4.477420 
0.039361  4.478646 
0.040148  4.479875 
0.040936  4.481104 
0.041723  4.482333 
0.042510  4.483558 
0.043297  4.484779 
0.044084  4.485993 
0.044872  4.487199 
0.045659  4.488394 
0.046446  4.489577 
0.047233  4.490746 
0.048021  4.491899 
0.048808  4.493035 
0.049595  4.494152 
0.050382  4.495249 
0.051169  4.496324 
0.051957  4.497376 
0.052744  4.498404 
0.053531  4.499406 
0.054318  4.500382 
0.055106  4.501330 
0.055893  4.502250 
0.056680  4.503141 
0.057467  4.504002 
0.058255  4.504833 
0.059042  4.505633 
0.059829  4.506402 
0.060616  4.507139 
0.061403  4.507844 
0.062191  4.508518 
0.062978  4.509158 
0.063765  4.509767 
0.064552  4.510343 
0.065340  4.510887 
0.066127  4.511399 
0.066914  4.511878 
0.067701  4.512325 
0.068488  4.512741 
0.069276  4.513124 
0.070063  4.513476 
0.070850  4.513797 
0.071637  4.514086 
0.072425  4.514344 
0.073212  4.514572 
0.073999  4.514768 
0.074786  4.514935 
0.075574  4.515070 
0.076361  4.515176 
0.077148  4.515251 
0.077935  4.515296 
0.078722  4.515311 


0.000000  5.742776 
0.000787  5.742882 
0.001574  5.743199 
0.002362  5.743726 
0.003149  5.744461 
0.003936  5.745402 
0.004723  5.746547 
0.005511  5.747891 
0.006298  5.749430 
0.007085  5.751159 
0.007872  5.753074 
0.008660  5.755167 
0.009447  5.757432 
0.010234  5.759861 
0.011021  5.762448 
0.011808  5.765183 
0.012596  5.768058 
0.013383  5.771064 
0.014170  5.774190 
0.014957  5.777427 
0.015745  5.780763 
0.016532  5.784189 
0.017319  5.787693 
0.018106  5.791262 
0.018893  5.794887 
0.019681  5.798553 
0.020468  5.802250 
0.021255  5.805965 
0.022042  5.809685 
0.022829  5.813399 
0.023617  5.817092 
0.024404  5.820753 
0.025191  5.824370 
0.025978  5.827930 
0.026766  5.831420 
0.027553  5.834828 
0.028340  5.838143 
0.029127  5.841353 
0.029915  5.844446 
0.030702  5.847411 
0.031489  5.850237 
0.032276  5.852915 
0.033063  5.855433 
0.033851  5.857782 
0.034638  5.859954 
0.035425  5.861940 
0.036212  5.863731 
0.036999  5.865321 
0.037787  5.866704 
0.038574  5.867873 
0.039361  5.868822 
0.040148  5.869549 
0.040936  5.870050 
0.041723  5.870321 
0.042510  5.870362 
0.043297  5.870172 
0.044084  5.869751 
0.044872  5.869102 
0.045659  5.868226 
0.046446  5.867127 
0.047233  5.865811 
0.048021  5.864283 
0.048808  5.862551 
0.049595  5.860621 
0.050382  5.858504 
0.051169  5.856210 
0.051957  5.853749 
0.052744  5.851134 
0.053531  5.848378 
0.054318  5.845494 
0.055106  5.842496 
0.055893  5.839399 
0.056680  5.836218 
0.057467  5.832969 
0.058255  5.829668 
0.059042  5.826330 
0.059829  5.822972 
0.060616  5.819609 
0.061403  5.816259 
0.062191  5.812935 
0.062978  5.809654 
0.063765  5.806431 
0.064552  5.803280 
0.065340  5.800215 
0.066127  5.797250 
0.066914  5.794398 
0.067701  5.791671 
0.068488  5.789080 
0.069276  5.786638 
0.070063  5.784352 
0.070850  5.782234 
0.071637  5.780292 
0.072425  5.778533 
0.073212  5.776964 
0.073999  5.775592 
0.074786  5.774422 
0.075574  5.773458 
0.076361  5.772705 
0.077148  5.772165 
0.077935  5.771840 
0.078722  5.771732 


0.000000  5.744814 
0.000787  5.744920 
0.001574  5.745236 
0.002362  5.745762 
0.003149  5.746496 
0.003936  5.747435 
0.004723  5.748578 
0.005511  5.749919 
0.006298  5.751455 
0.007085  5.753182 
0.007872  5.755092 
0.008660  5.757181 
0.009447  5.759442 
0.010234  5.761867 
0.011021  5.764448 
0.011808  5.767178 
0.012596  5.770047 
0.013383  5.773047 
0.014170  5.776166 
0.014957  5.779396 
0.015745  5.782726 
0.016532  5.786144 
0.017319  5.789640 
0.018106  5.793202 
0.018893  5.796818 
0.019681  5.800476 
0.020468  5.804165 
0.021255  5.807871 
0.022042  5.811582 
0.022829  5.815286 
0.023617  5.818970 
0.024404  5.822621 
0.025191  5.826228 
0.025978  5.829777 
0.026766  5.833257 
0.027553  5.836655 
0.028340  5.839959 
0.029127  5.843158 
0.029915  5.846240 
0.030702  5.849193 
0.031489  5.852008 
0.032276  5.854674 
0.033063  5.857181 
0.033851  5.859518 
0.034638  5.861678 
0.035425  5.863652 
0.036212  5.865432 
0.036999  5.867010 
0.037787  5.868380 
0.038574  5.869537 
0.039361  5.870474 
0.040148  5.871189 
0.040936  5.871678 
0.041723  5.871937 
0.042510  5.871966 
0.043297  5.871765 
0.044084  5.871333 
0.044872  5.870672 
0.045659  5.869786 
0.046446  5.868677 
0.047233  5.867350 
0.048021  5.865812 
0.048808  5.864070 
0.049595  5.862132 
0.050382  5.860006 
0.051169  5.857704 
0.051957  5.855235 
0.052744  5.852613 
0.053531  5.849850 
0.054318  5.846960 
0.055106  5.843956 
0.055893  5.840854 
0.056680  5.837669 
0.057467  5.834416 
0.058255  5.831111 
0.059042  5.827770 
0.059829  5.824409 
0.060616  5.821044 
0.061403  5.817692 
0.062191  5.814366 
0.062978  5.811084 
0.063765  5.807860 
0.064552  5.804708 
0.065340  5.801643 
0.066127  5.798677 
0.066914  5.795825 
0.067701  5.793098 
0.068488  5.790508 
0.069276  5.788065 
0.070063  5.785780 
0.070850  5.783663 
0.071637  5.781720 
0.072425  5.779962 
0.073212  5.778393 
0.073999  5.777022 
0.074786  5.775852 
0.075574  5.774889 
0.076361  5.774136 
0.077148  5.773596 
0.077935  5.773271 
0.078722  5.773163 


0.000000  6.545818 
0.000787  6.545801 
0.001574  6.545750 
0.002362  6.545665 
0.003149  6.545545 
0.003936  6.545389 
0.004723  6.545197 
0.005511  6.544968 
0.006298  6.544701 
0.007085  6.544394 
0.007872  6.544045 
0.008660  6.543654 
0.009447  6.543218 
0.010234  6.542736 
0.011021  6.542205 
0.011808  6.541623 
0.012596  6.540988 
0.013383  6.540297 
0.014170  6.539549 
0.014957  6.538741 
0.015745  6.537869 
0.016532  6.536933 
0.017319  6.535928 
0.018106  6.534853 
0.018893  6.533705 
0.019681  6.532481 
0.020468  6.531181 
0.021255  6.529800 
0.022042  6.528338 
0.022829  6.526792 
0.023617  6.525161 
0.024404  6.523444 
0.025191  6.521639 
0.025978  6.519746 
0.026766  6.517764 
0.027553  6.515694 
0.028340  6.513535 
0.029127  6.511289 
0.029915  6.508956 
0.030702  6.506539 
0.031489  6.504040 
0.032276  6.501461 
0.033063  6.498806 
0.033851  6.496078 
0.034638  6.493281 
0.035425  6.490421 
0.036212  6.487502 
0.036999  6.484531 
0.037787  6.481512 
0.038574  6.478453 
0.039361  6.475361 
0.040148  6.472243 
0.040936  6.469105 
0.041723  6.465957 
0.042510  6.462805 
0.043297  6.459657 
0.044084  6.456521 
0.044872  6.453405 
0.045659  6.450316 
0.046446  6.447262 
0.047233  6.444250 
0.048021  6.441286 
0.048808  6.438377 
0.049595  6.435528 
0.050382  6.432746 
0.051169  6.430035 
0.051957  6.427399 
0.052744  6.424843 
0.053531  6.422369 
0.054318  6.419981 
0.055106  6.417680 
0.055893  6.415468 
0.056680  6.413347 
0.057467  6.411317 
0.058255  6.409378 
0.059042  6.407531 
0.059829  6.405774 
0.060616  6.404107 
0.061403  6.402530 
0.062191  6.401040 
0.062978  6.399636 
0.063765  6.398317 
0.064552  6.397080 
0.065340  6.395924 
0.066127  6.394848 
0.066914  6.393848 
0.067701  6.392923 
0.068488  6.392072 
0.069276  6.391291 
0.070063  6.390581 
0.070850  6.389938 
0.071637  6.389361 
0.072425  6.388850 
0.073212  6.388401 
0.073999  6.388015 
0.074786  6.387691 
0.075574  6.387426 
0.076361  6.387221 
0.077148  6.387075 
0.077935  6.386988 
0.078722  6.386959 


0.000000  6.547063 
0.000787  6.547046 
0.001574  6.546995 
0.002362  6.546909 
0.003149  6.546789 
0.003936  6.546634 
0.004723  6.546442 
0.005511  6.546213 
0.006298  6.545945 
0.007085  6.545638 
0.007872  6.545289 
0.008660  6.544898 
0.009447  6.544461 
0.010234  6.543979 
0.011021  6.543447 
0.011808  6.542865 
0.012596  6.542229 
0.013383  6.541538 
0.014170  6.540789 
0.014957  6.539980 
0.015745  6.539107 
0.016532  6.538169 
0.017319  6.537163 
0.018106  6.536086 
0.018893  6.534937 
0.019681  6.533712 
0.020468  6.532409 
0.021255  6.531026 
0.022042  6.529561 
0.022829  6.528012 
0.023617  6.526378 
0.024404  6.524658 
0.025191  6.522849 
0.025978  6.520952 
0.026766  6.518966 
0.027553  6.516892 
0.028340  6.514728 
0.029127  6.512477 
0.029915  6.510139 
0.030702  6.507717 
0.031489  6.505211 
0.032276  6.502626 
0.033063  6.499964 
0.033851  6.497230 
0.034638  6.494426 
0.035425  6.491559 
0.036212  6.488633 
0.036999  6.485654 
0.037787  6.482629 
0.038574  6.479563 
0.039361  6.476463 
0.040148  6.473338 
0.040936  6.470194 
0.041723  6.467039 
0.042510  6.463881 
0.043297  6.460727 
0.044084  6.457586 
0.044872  6.454466 
0.045659  6.451373 
0.046446  6.448316 
0.047233  6.445301 
0.048021  6.442335 
0.048808  6.439425 
0.049595  6.436577 
0.050382  6.433795 
0.051169  6.431085 
0.051957  6.428452 
0.052744  6.425899 
0.053531  6.423429 
0.054318  6.421044 
0.055106  6.418749 
0.055893  6.416542 
0.056680  6.414427 
0.057467  6.412404 
0.058255  6.410472 
0.059042  6.408631 
0.059829  6.406882 
0.060616  6.405223 
0.061403  6.403653 
0.062191  6.402171 
0.062978  6.400774 
0.063765  6.399463 
0.064552  6.398233 
0.065340  6.397085 
0.066127  6.396015 
0.066914  6.395022 
0.067701  6.394103 
0.068488  6.393258 
0.069276  6.392483 
0.070063  6.391778 
0.070850  6.391140 
0.071637  6.390568 
0.072425  6.390060 
0.073212  6.389616 
0.073999  6.389233 
0.074786  6.388911 
0.075574  6.388649 
0.076361  6.388445 
0.077148  6.388301 
0.077935  6.388214 
0.078722  6.388185 


0.000000  7.804748 
0.000787  7.804759 
0.001574  7.804793 
0.002362  7.804848 
0.003149  7.804926 
0.003936  7.805024 
0.004723  7.805143 
0.005511  7.805281 
0.006298  7.805437 
0.007085  7.805610 
0.007872  7.805799 
0.008660  7.806003 
0.009447  7.806219 
0.010234  7.806446 
0.011021  7.806682 
0.011808  7.806924 
0.012596  7.807172 
0.013383  7.807423 
0.014170  7.807674 
0.014957  7.807923 
0.015745  7.808168 
0.016532  7.808407 
0.017319  7.808637 
0.018106  7.808856 
0.018893  7.809061 
0.019681  7.809250 
0.020468  7.809421 
0.021255  7.809572 
0.022042  7.809700 
0.022829  7.809803 
0.023617  7.809879 
0.024404  7.809926 
0.025191  7.809943 
0.025978  7.809928 
0.026766  7.809878 
0.027553  7.809794 
0.028340  7.809673 
0.029127  7.809515 
0.029915  7.809318 
0.030702  7.809083 
0.031489  7.808808 
0.032276  7.808493 
0.033063  7.808138 
0.033851  7.807744 
0.034638  7.807310 
0.035425  7.806838 
0.036212  7.806326 
0.036999  7.805778 
0.037787  7.805193 
0.038574  7.804572 
0.039361  7.803918 
0.040148  7.803231 
0.040936  7.802513 
0.041723  7.801766 
0.042510  7.800991 
0.043297  7.800191 
0.044084  7.799368 
0.044872  7.798524 
0.045659  7.797661 
0.046446  7.796780 
0.047233  7.795886 
0.048021  7.794979 
0.048808  7.794062 
0.049595  7.793138 
0.050382  7.792209 
0.051169  7.791276 
0.051957  7.790343 
0.052744  7.789412 
0.053531  7.788485 
0.054318  7.787563 
0.055106  7.786650 
0.055893  7.785747 
0.056680  7.784857 
0.057467  7.783980 
0.058255  7.783120 
0.059042  7.782277 
0.059829  7.781454 
0.060616  7.780653 
0.061403  7.779874 
0.062191  7.779119 
0.062978  7.778391 
0.063765  7.777690 
0.064552  7.777017 
0.065340  7.776373 
0.066127  7.775761 
0.066914  7.775181 
0.067701  7.774633 
0.068488  7.774119 
0.069276  7.773640 
0.070063  7.773197 
0.070850  7.772790 
0.071637  7.772419 
0.072425  7.772086 
0.073212  7.771791 
0.073999  7.771534 
0.074786  7.771317 
0.075574  7.771138 
0.076361  7.770999 
0.077148  7.770899 
0.077935  7.770839 
0.078722  7.770819 


0.000000  7.810894 
0.000787  7.810905 
0.001574  7.810939 
0.002362  7.810995 
0.003149  7.811072 
0.003936  7.811171 
0.004723  7.811290 
0.005511  7.811429 
0.006298  7.811586 
0.007085  7.811761 
0.007872  7.811951 
0.008660  7.812156 
0.009447  7.812373 
0.010234  7.812602 
0.011021  7.812839 
0.011808  7.813084 
0.012596  7.813333 
0.013383  7.813586 
0.014170  7.813840 
0.014957  7.814091 
0.015745  7.814339 
0.016532  7.814581 
0.017319  7.814814 
0.018106  7.815037 
0.018893  7.815245 
0.019681  7.815438 
0.020468  7.815614 
0.021255  7.815768 
0.022042  7.815901 
0.022829  7.816008 
0.023617  7.816089 
0.024404  7.816142 
0.025191  7.816164 
0.025978  7.816154 
0.026766  7.816111 
0.027553  7.816033 
0.028340  7.815918 
0.029127  7.815767 
0.029915  7.815577 
0.030702  7.815349 
0.031489  7.815081 
0.032276  7.814774 
0.033063  7.814427 
0.033851  7.814041 
0.034638  7.813616 
0.035425  7.813151 
0.036212  7.812649 
0.036999  7.812109 
0.037787  7.811533 
0.038574  7.810921 
0.039361  7.810276 
0.040148  7.809598 
0.040936  7.808889 
0.041723  7.808152 
0.042510  7.807387 
0.043297  7.806596 
0.044084  7.805782 
0.044872  7.804948 
0.045659  7.804094 
0.046446  7.803223 
0.047233  7.802338 
0.048021  7.801440 
0.048808  7.800533 
0.049595  7.799617 
0.050382  7.798697 
0.051169  7.797773 
0.051957  7.796849 
0.052744  7.795926 
0.053531  7.795007 
0.054318  7.794094 
0.055106  7.793189 
0.055893  7.792293 
0.056680  7.791410 
0.057467  7.790541 
0.058255  7.789688 
0.059042  7.788852 
0.059829  7.788035 
0.060616  7.787240 
0.061403  7.786467 
0.062191  7.785719 
0.062978  7.784996 
0.063765  7.784300 
0.064552  7.783632 
0.065340  7.782993 
0.066127  7.782386 
0.066914  7.781809 
0.067701  7.781266 
0.068488  7.780756 
0.069276  7.780280 
0.070063  7.779840 
0.070850  7.779435 
0.071637  7.779067 
0.072425  7.778737 
0.073212  7.778444 
0.073999  7.778189 
0.074786  7.777972 
0.075574  7.777795 
0.076361  7.777657 
0.077148  7.777558 
0.077935  7.777498 
0.078722  7.777478 


