# distance  frequency (bands are separated by blank lines)
# End points of segments: 
#   0.00000000 0.14349880 
0.000000  2.186530 
0.001435  2.177754 
0.002870  2.160665 
0.004305  2.137766 
0.005740  2.111072 
0.007175  2.081990 
0.008610  2.051347 
0.010045  2.019626 
0.011480  1.987128 
0.012915  1.954059 
0.014350  1.920569 
0.015785  1.886785 
0.017220  1.852816 
0.018655  1.818763 
0.020090  1.784728 
0.021525  1.750808 
0.022960  1.717104 
0.024395  1.683720 
0.025830  1.650761 
0.027265  1.618336 
0.028700  1.586558 
0.030135  1.555541 
0.031570  1.525402 
0.033005  1.496259 
0.034440  1.468229 
0.035875  1.441430 
0.037310  1.415974 
0.038745  1.391970 
0.040180  1.369520 
0.041615  1.348715 
0.043050  1.329636 
0.044485  1.312349 
0.045920  1.296904 
0.047355  1.283330 
0.048790  1.271638 
0.050225  1.261814 
0.051660  1.253822 
0.053095  1.247598 
0.054530  1.243054 
0.055965  1.240073 
0.057399  1.238507 
0.058834  1.238168 
0.060269  1.238800 
0.061705  1.239996 
0.063140  1.240880 
0.064575  1.238618 
0.066009  1.225376 
0.067444  1.200533 
0.068879  1.171633 
0.070314  1.141453 
0.071749  1.110741 
0.073184  1.079764 
0.074619  1.048648 
0.076054  1.017466 
0.077489  0.986269 
0.078924  0.955097 
0.080359  0.923984 
0.081794  0.892959 
0.083229  0.862050 
0.084664  0.831284 
0.086099  0.800685 
0.087534  0.770280 
0.088969  0.740091 
0.090404  0.710144 
0.091839  0.680463 
0.093274  0.651070 
0.094709  0.621992 
0.096144  0.593251 
0.097579  0.564871 
0.099014  0.536878 
0.100449  0.509295 
0.101884  0.482146 
0.103319  0.455458 
0.104754  0.429253 
0.106189  0.403556 
0.107624  0.378393 
0.109059  0.353785 
0.110494  0.329756 
0.111929  0.306328 
0.113364  0.283522 
0.114799  0.261356 
0.116234  0.239845 
0.117669  0.219002 
0.119104  0.198833 
0.120539  0.179339 
0.121974  0.160508 
0.123409  0.142318 
0.124844  0.124722 
0.126279  0.107642 
0.127714  0.090943 
0.129149  0.074381 
0.130584  0.057463 
0.132019  0.038899 
0.133454  0.010310 
0.134889  -0.031145 
0.136324  -0.041907 
0.137759  -0.047700 
0.139194  -0.050187 
0.140629  -0.049114 
0.142064  -0.041687 
0.143499  -0.001137 


0.000000  2.188760 
0.001435  2.190588 
0.002870  2.188334 
0.004305  2.182833 
0.005740  2.175162 
0.007175  2.165939 
0.008610  2.155511 
0.010045  2.144085 
0.011480  2.131788 
0.012915  2.118699 
0.014350  2.104875 
0.015785  2.090353 
0.017220  2.075162 
0.018655  2.059323 
0.020090  2.042853 
0.021525  2.025764 
0.022960  2.008067 
0.024395  1.989772 
0.025830  1.970885 
0.027265  1.951414 
0.028700  1.931365 
0.030135  1.910743 
0.031570  1.889556 
0.033005  1.867808 
0.034440  1.845507 
0.035875  1.822659 
0.037310  1.799271 
0.038745  1.775353 
0.040180  1.750914 
0.041615  1.725965 
0.043050  1.700518 
0.044485  1.674587 
0.045920  1.648188 
0.047355  1.621338 
0.048790  1.594056 
0.050225  1.566363 
0.051660  1.538284 
0.053095  1.509846 
0.054530  1.481079 
0.055965  1.452023 
0.057399  1.422728 
0.058834  1.393264 
0.060269  1.363757 
0.061705  1.334465 
0.063140  1.306110 
0.064575  1.281358 
0.066009  1.267875 
0.067444  1.266108 
0.068879  1.268341 
0.070314  1.271623 
0.071749  1.275041 
0.073184  1.278165 
0.074619  1.280718 
0.076054  1.282480 
0.077489  1.283265 
0.078924  1.282913 
0.080359  1.281276 
0.081794  1.278228 
0.083229  1.273655 
0.084664  1.267458 
0.086099  1.259555 
0.087534  1.249880 
0.088969  1.238381 
0.090404  1.225026 
0.091839  1.209800 
0.093274  1.192711 
0.094709  1.173787 
0.096144  1.153076 
0.097579  1.130652 
0.099014  1.106604 
0.100449  1.081037 
0.101884  1.054067 
0.103319  1.025811 
0.104754  0.996389 
0.106189  0.965913 
0.107624  0.934490 
0.109059  0.902215 
0.110494  0.869174 
0.111929  0.835443 
0.113364  0.801091 
0.114799  0.766176 
0.116234  0.730752 
0.117669  0.694865 
0.119104  0.658559 
0.120539  0.621871 
0.121974  0.584836 
0.123409  0.547488 
0.124844  0.509859 
0.126279  0.471978 
0.127714  0.433876 
0.129149  0.395584 
0.130584  0.357131 
0.132019  0.318552 
0.133454  0.279881 
0.134889  0.241154 
0.136324  0.202402 
0.137759  0.163617 
0.139194  0.124642 
0.140629  0.084865 
0.142064  0.043243 
0.143499  -0.000839 


0.000000  2.300789 
0.001435  2.289940 
0.002870  2.283786 
0.004305  2.282323 
0.005740  2.283641 
0.007175  2.286400 
0.008610  2.289833 
0.010045  2.293520 
0.011480  2.297224 
0.012915  2.300813 
0.014350  2.304212 
0.015785  2.307378 
0.017220  2.310290 
0.018655  2.312939 
0.020090  2.315325 
0.021525  2.317455 
0.022960  2.319337 
0.024395  2.320983 
0.025830  2.322407 
0.027265  2.323622 
0.028700  2.324643 
0.030135  2.325484 
0.031570  2.326160 
0.033005  2.326683 
0.034440  2.327067 
0.035875  2.327324 
0.037310  2.327465 
0.038745  2.327497 
0.040180  2.327426 
0.041615  2.327249 
0.043050  2.326934 
0.044485  2.326323 
0.045920  2.323250 
0.047355  2.300379 
0.048790  2.271361 
0.050225  2.242114 
0.051660  2.212938 
0.053095  2.183884 
0.054530  2.154961 
0.055965  2.126164 
0.057399  2.097484 
0.058834  2.068908 
0.060269  2.040419 
0.061705  2.012002 
0.063140  1.983638 
0.064575  1.955310 
0.066009  1.927001 
0.067444  1.898691 
0.068879  1.870365 
0.070314  1.842006 
0.071749  1.813600 
0.073184  1.785133 
0.074619  1.756592 
0.076054  1.727969 
0.077489  1.699254 
0.078924  1.670441 
0.080359  1.641526 
0.081794  1.612506 
0.083229  1.583382 
0.084664  1.554154 
0.086099  1.524823 
0.087534  1.495392 
0.088969  1.465859 
0.090404  1.436220 
0.091839  1.406467 
0.093274  1.376581 
0.094709  1.346533 
0.096144  1.316285 
0.097579  1.285783 
0.099014  1.254965 
0.100449  1.223762 
0.101884  1.192100 
0.103319  1.159906 
0.104754  1.127113 
0.106189  1.093663 
0.107624  1.059508 
0.109059  1.024614 
0.110494  0.988957 
0.111929  0.952524 
0.113364  0.915315 
0.114799  0.877334 
0.116234  0.838598 
0.117669  0.799125 
0.119104  0.758943 
0.120539  0.718081 
0.121974  0.676573 
0.123409  0.634455 
0.124844  0.591766 
0.126279  0.548547 
0.127714  0.504843 
0.129149  0.460699 
0.130584  0.416166 
0.132019  0.371297 
0.133454  0.326157 
0.134889  0.280826 
0.136324  0.235419 
0.137759  0.190130 
0.139194  0.145361 
0.140629  0.101963 
0.142064  0.060534 
0.143499  -0.000587 


0.000000  2.304190 
0.001435  2.320890 
0.002870  2.343104 
0.004305  2.367510 
0.005740  2.392948 
0.007175  2.418767 
0.008610  2.444594 
0.010045  2.470211 
0.011480  2.495477 
0.012915  2.520299 
0.014350  2.544604 
0.015785  2.568331 
0.017220  2.591419 
0.018655  2.613784 
0.020090  2.635301 
0.021525  2.655742 
0.022960  2.674628 
0.024395  2.690803 
0.025830  2.701211 
0.027265  2.699657 
0.028700  2.683781 
0.030135  2.659665 
0.031570  2.632107 
0.033005  2.603040 
0.034440  2.573242 
0.035875  2.543078 
0.037310  2.512745 
0.038745  2.482364 
0.040180  2.452018 
0.041615  2.421773 
0.043050  2.391704 
0.044485  2.362008 
0.045920  2.334873 
0.047355  2.327657 
0.048790  2.326720 
0.050225  2.326151 
0.051660  2.325656 
0.053095  2.325181 
0.054530  2.324716 
0.055965  2.324257 
0.057399  2.323808 
0.058834  2.323370 
0.060269  2.322948 
0.061705  2.322546 
0.063140  2.322168 
0.064575  2.321818 
0.066009  2.321500 
0.067444  2.321217 
0.068879  2.320973 
0.070314  2.320771 
0.071749  2.320614 
0.073184  2.320504 
0.074619  2.320442 
0.076054  2.320429 
0.077489  2.320467 
0.078924  2.320554 
0.080359  2.320690 
0.081794  2.320874 
0.083229  2.321102 
0.084664  2.321373 
0.086099  2.321683 
0.087534  2.322029 
0.088969  2.322405 
0.090404  2.322808 
0.091839  2.323231 
0.093274  2.323671 
0.094709  2.324122 
0.096144  2.324578 
0.097579  2.325034 
0.099014  2.325485 
0.100449  2.325926 
0.101884  2.326353 
0.103319  2.326759 
0.104754  2.327142 
0.106189  2.327496 
0.107624  2.327820 
0.109059  2.328109 
0.110494  2.328361 
0.111929  2.328575 
0.113364  2.328748 
0.114799  2.328881 
0.116234  2.328973 
0.117669  2.329026 
0.119104  2.329040 
0.120539  2.329019 
0.121974  2.328964 
0.123409  2.328879 
0.124844  2.328768 
0.126279  2.328636 
0.127714  2.328488 
0.129149  2.328329 
0.130584  2.328164 
0.132019  2.327998 
0.133454  2.327837 
0.134889  2.327686 
0.136324  2.327549 
0.137759  2.327431 
0.139194  2.327336 
0.140629  2.327265 
0.142064  2.327222 
0.143499  2.327208 


0.000000  3.079793 
0.001435  3.077540 
0.002870  3.073938 
0.004305  3.069482 
0.005740  3.063873 
0.007175  3.056706 
0.008610  3.047542 
0.010045  3.035981 
0.011480  3.021753 
0.012915  3.004800 
0.014350  2.985279 
0.015785  2.963509 
0.017220  2.939888 
0.018655  2.914840 
0.020090  2.888802 
0.021525  2.862264 
0.022960  2.835925 
0.024395  2.811119 
0.025830  2.791050 
0.027265  2.782035 
0.028700  2.786539 
0.030135  2.798566 
0.031570  2.813393 
0.033005  2.829150 
0.034440  2.845113 
0.035875  2.860966 
0.037310  2.876550 
0.038745  2.891781 
0.040180  2.906606 
0.041615  2.920992 
0.043050  2.934916 
0.044485  2.948361 
0.045920  2.961309 
0.047355  2.973747 
0.048790  2.985661 
0.050225  2.997035 
0.051660  3.007855 
0.053095  3.018102 
0.054530  3.027759 
0.055965  3.036804 
0.057399  3.045215 
0.058834  3.052968 
0.060269  3.060037 
0.061705  3.066394 
0.063140  3.072011 
0.064575  3.076857 
0.066009  3.080903 
0.067444  3.084118 
0.068879  3.086474 
0.070314  3.087944 
0.071749  3.088503 
0.073184  3.088132 
0.074619  3.086815 
0.076054  3.084544 
0.077489  3.081315 
0.078924  3.077132 
0.080359  3.072007 
0.081794  3.065957 
0.083229  3.059008 
0.084664  3.051190 
0.086099  3.042539 
0.087534  3.033096 
0.088969  3.022907 
0.090404  3.012020 
0.091839  3.000487 
0.093274  2.988360 
0.094709  2.975695 
0.096144  2.962549 
0.097579  2.948980 
0.099014  2.935047 
0.100449  2.920807 
0.101884  2.906321 
0.103319  2.891646 
0.104754  2.876841 
0.106189  2.861965 
0.107624  2.847074 
0.109059  2.832224 
0.110494  2.817472 
0.111929  2.802872 
0.113364  2.788478 
0.114799  2.774342 
0.116234  2.760516 
0.117669  2.747050 
0.119104  2.733993 
0.120539  2.721393 
0.121974  2.709296 
0.123409  2.697747 
0.124844  2.686789 
0.126279  2.676462 
0.127714  2.666805 
0.129149  2.657857 
0.130584  2.649650 
0.132019  2.642217 
0.133454  2.635587 
0.134889  2.629786 
0.136324  2.624837 
0.137759  2.620761 
0.139194  2.617573 
0.140629  2.615287 
0.142064  2.613911 
0.143499  2.613452 


0.000000  3.082141 
0.001435  3.084111 
0.002870  3.086816 
0.004305  3.089603 
0.005740  3.092516 
0.007175  3.095614 
0.008610  3.098941 
0.010045  3.102532 
0.011480  3.106406 
0.012915  3.110577 
0.014350  3.115049 
0.015785  3.119821 
0.017220  3.124889 
0.018655  3.130244 
0.020090  3.135876 
0.021525  3.141772 
0.022960  3.147919 
0.024395  3.154302 
0.025830  3.160907 
0.027265  3.167718 
0.028700  3.174720 
0.030135  3.181897 
0.031570  3.189233 
0.033005  3.196714 
0.034440  3.204324 
0.035875  3.212046 
0.037310  3.219867 
0.038745  3.227770 
0.040180  3.235739 
0.041615  3.243758 
0.043050  3.251810 
0.044485  3.259879 
0.045920  3.267946 
0.047355  3.275992 
0.048790  3.283994 
0.050225  3.291930 
0.051660  3.299773 
0.053095  3.307491 
0.054530  3.315044 
0.055965  3.322386 
0.057399  3.329454 
0.058834  3.336165 
0.060269  3.342406 
0.061705  3.348022 
0.063140  3.352801 
0.064575  3.356468 
0.066009  3.358713 
0.067444  3.359266 
0.068879  3.358017 
0.070314  3.355083 
0.071749  3.350755 
0.073184  3.345376 
0.074619  3.339251 
0.076054  3.332618 
0.077489  3.325655 
0.078924  3.318490 
0.080359  3.311220 
0.081794  3.303921 
0.083229  3.296652 
0.084664  3.289465 
0.086099  3.282404 
0.087534  3.275511 
0.088969  3.268823 
0.090404  3.262374 
0.091839  3.256195 
0.093274  3.250316 
0.094709  3.244759 
0.096144  3.239545 
0.097579  3.234689 
0.099014  3.230198 
0.100449  3.226073 
0.101884  3.222302 
0.103319  3.218858 
0.104754  3.215681 
0.106189  3.212654 
0.107624  3.209536 
0.109059  3.205827 
0.110494  3.200703 
0.111929  3.193584 
0.113364  3.184922 
0.114799  3.175568 
0.116234  3.166076 
0.117669  3.156728 
0.119104  3.147669 
0.120539  3.138982 
0.121974  3.130716 
0.123409  3.122906 
0.124844  3.115576 
0.126279  3.108743 
0.127714  3.102422 
0.129149  3.096623 
0.130584  3.091356 
0.132019  3.086628 
0.133454  3.082444 
0.134889  3.078810 
0.136324  3.075729 
0.137759  3.073204 
0.139194  3.071239 
0.140629  3.069833 
0.142064  3.068989 
0.143499  3.068708 


0.000000  3.365108 
0.001435  3.345783 
0.002870  3.325904 
0.004305  3.306392 
0.005740  3.287647 
0.007175  3.270128 
0.008610  3.254328 
0.010045  3.240699 
0.011480  3.229561 
0.012915  3.221029 
0.014350  3.215004 
0.015785  3.211233 
0.017220  3.209395 
0.018655  3.209167 
0.020090  3.210264 
0.021525  3.212449 
0.022960  3.215527 
0.024395  3.219347 
0.025830  3.223784 
0.027265  3.228738 
0.028700  3.234129 
0.030135  3.239887 
0.031570  3.245955 
0.033005  3.252283 
0.034440  3.258827 
0.035875  3.265550 
0.037310  3.272416 
0.038745  3.279395 
0.040180  3.286460 
0.041615  3.293584 
0.043050  3.300745 
0.044485  3.307920 
0.045920  3.315091 
0.047355  3.322238 
0.048790  3.329345 
0.050225  3.336397 
0.051660  3.343378 
0.053095  3.350277 
0.054530  3.357079 
0.055965  3.363774 
0.057399  3.370349 
0.058834  3.376795 
0.060269  3.383100 
0.061705  3.389251 
0.063140  3.395237 
0.064575  3.401043 
0.066009  3.406652 
0.067444  3.412048 
0.068879  3.417215 
0.070314  3.422142 
0.071749  3.426816 
0.073184  3.431204 
0.074619  3.435234 
0.076054  3.438785 
0.077489  3.441684 
0.078924  3.443706 
0.080359  3.444560 
0.081794  3.443896 
0.083229  3.441350 
0.084664  3.436654 
0.086099  3.429761 
0.087534  3.420880 
0.088969  3.410390 
0.090404  3.398706 
0.091839  3.386189 
0.093274  3.373123 
0.094709  3.359718 
0.096144  3.346134 
0.097579  3.332489 
0.099014  3.318880 
0.100449  3.305389 
0.101884  3.292094 
0.103319  3.279076 
0.104754  3.266441 
0.106189  3.254343 
0.107624  3.243057 
0.109059  3.233106 
0.110494  3.225339 
0.111929  3.220355 
0.113364  3.217714 
0.114799  3.216579 
0.116234  3.216402 
0.117669  3.216907 
0.119104  3.217949 
0.120539  3.219446 
0.121974  3.221341 
0.123409  3.223592 
0.124844  3.226163 
0.126279  3.229017 
0.127714  3.232118 
0.129149  3.235426 
0.130584  3.238894 
0.132019  3.242468 
0.133454  3.246080 
0.134889  3.249650 
0.136324  3.253074 
0.137759  3.256224 
0.139194  3.258949 
0.140629  3.261076 
0.142064  3.262439 
0.143499  3.262909 


0.000000  3.366332 
0.001435  3.385438 
0.002870  3.404713 
0.004305  3.423392 
0.005740  3.441335 
0.007175  3.458430 
0.008610  3.474585 
0.010045  3.489726 
0.011480  3.503791 
0.012915  3.516735 
0.014350  3.528521 
0.015785  3.539127 
0.017220  3.548539 
0.018655  3.556753 
0.020090  3.563777 
0.021525  3.569626 
0.022960  3.574323 
0.024395  3.577901 
0.025830  3.580399 
0.027265  3.581860 
0.028700  3.582336 
0.030135  3.581879 
0.031570  3.580546 
0.033005  3.578397 
0.034440  3.575492 
0.035875  3.571891 
0.037310  3.567654 
0.038745  3.562841 
0.040180  3.557509 
0.041615  3.551716 
0.043050  3.545516 
0.044485  3.538961 
0.045920  3.532103 
0.047355  3.524989 
0.048790  3.517668 
0.050225  3.510186 
0.051660  3.502593 
0.053095  3.494936 
0.054530  3.487269 
0.055965  3.479654 
0.057399  3.472162 
0.058834  3.464885 
0.060269  3.457943 
0.061705  3.451498 
0.063140  3.445767 
0.064575  3.441028 
0.066009  3.437597 
0.067444  3.435744 
0.068879  3.435575 
0.070314  3.436953 
0.071749  3.439562 
0.073184  3.443039 
0.074619  3.447071 
0.076054  3.451434 
0.077489  3.455968 
0.078924  3.460556 
0.080359  3.465105 
0.081794  3.469535 
0.083229  3.473778 
0.084664  3.477769 
0.086099  3.481448 
0.087534  3.484755 
0.088969  3.487637 
0.090404  3.490042 
0.091839  3.491924 
0.093274  3.493244 
0.094709  3.493971 
0.096144  3.494082 
0.097579  3.493567 
0.099014  3.492422 
0.100449  3.490657 
0.101884  3.488291 
0.103319  3.485351 
0.104754  3.481871 
0.106189  3.477893 
0.107624  3.473462 
0.109059  3.468623 
0.110494  3.463425 
0.111929  3.457913 
0.113364  3.452132 
0.114799  3.446125 
0.116234  3.439931 
0.117669  3.433588 
0.119104  3.427129 
0.120539  3.420589 
0.121974  3.413997 
0.123409  3.407385 
0.124844  3.400781 
0.126279  3.394216 
0.127714  3.387725 
0.129149  3.381343 
0.130584  3.375112 
0.132019  3.369083 
0.133454  3.363318 
0.134889  3.357894 
0.136324  3.352911 
0.137759  3.348491 
0.139194  3.344783 
0.140629  3.341955 
0.142064  3.340173 
0.143499  3.339564 


0.000000  4.208881 
0.001435  4.208468 
0.002870  4.207633 
0.004305  4.206491 
0.005740  4.205058 
0.007175  4.203342 
0.008610  4.201334 
0.010045  4.199010 
0.011480  4.196325 
0.012915  4.193215 
0.014350  4.189621 
0.015785  4.185498 
0.017220  4.180825 
0.018655  4.175594 
0.020090  4.169805 
0.021525  4.163456 
0.022960  4.156551 
0.024395  4.149091 
0.025830  4.141078 
0.027265  4.132514 
0.028700  4.123402 
0.030135  4.113747 
0.031570  4.103554 
0.033005  4.092828 
0.034440  4.081578 
0.035875  4.069811 
0.037310  4.057537 
0.038745  4.044768 
0.040180  4.031515 
0.041615  4.017794 
0.043050  4.003620 
0.044485  3.989009 
0.045920  3.973982 
0.047355  3.958558 
0.048790  3.942760 
0.050225  3.926613 
0.051660  3.910141 
0.053095  3.893373 
0.054530  3.876339 
0.055965  3.859069 
0.057399  3.841598 
0.058834  3.823959 
0.060269  3.806189 
0.061705  3.788329 
0.063140  3.770417 
0.064575  3.752497 
0.066009  3.734615 
0.067444  3.716821 
0.068879  3.699167 
0.070314  3.681715 
0.071749  3.664532 
0.073184  3.647703 
0.074619  3.631327 
0.076054  3.615536 
0.077489  3.600499 
0.078924  3.586444 
0.080359  3.573666 
0.081794  3.562521 
0.083229  3.553383 
0.084664  3.546528 
0.086099  3.542013 
0.087534  3.539636 
0.088969  3.539028 
0.090404  3.539782 
0.091839  3.541542 
0.093274  3.544032 
0.094709  3.547046 
0.096144  3.550435 
0.097579  3.554089 
0.099014  3.557925 
0.100449  3.561881 
0.101884  3.565910 
0.103319  3.569973 
0.104754  3.574038 
0.106189  3.578082 
0.107624  3.582082 
0.109059  3.586019 
0.110494  3.589879 
0.111929  3.593647 
0.113364  3.597311 
0.114799  3.600859 
0.116234  3.604282 
0.117669  3.607572 
0.119104  3.610719 
0.120539  3.613717 
0.121974  3.616559 
0.123409  3.619240 
0.124844  3.621755 
0.126279  3.624098 
0.127714  3.626266 
0.129149  3.628255 
0.130584  3.630063 
0.132019  3.631687 
0.133454  3.633124 
0.134889  3.634373 
0.136324  3.635432 
0.137759  3.636300 
0.139194  3.636976 
0.140629  3.637460 
0.142064  3.637750 
0.143499  3.637847 


0.000000  4.209188 
0.001435  4.209272 
0.002870  4.209120 
0.004305  4.208621 
0.005740  4.207761 
0.007175  4.206538 
0.008610  4.204965 
0.010045  4.203073 
0.011480  4.200912 
0.012915  4.198549 
0.014350  4.196047 
0.015785  4.193450 
0.017220  4.190776 
0.018655  4.188026 
0.020090  4.185193 
0.021525  4.182260 
0.022960  4.179208 
0.024395  4.176012 
0.025830  4.172643 
0.027265  4.169069 
0.028700  4.165253 
0.030135  4.161154 
0.031570  4.156730 
0.033005  4.151933 
0.034440  4.146719 
0.035875  4.141042 
0.037310  4.134860 
0.038745  4.128135 
0.040180  4.120838 
0.041615  4.112949 
0.043050  4.104462 
0.044485  4.095386 
0.045920  4.085741 
0.047355  4.075565 
0.048790  4.064904 
0.050225  4.053814 
0.051660  4.042357 
0.053095  4.030597 
0.054530  4.018599 
0.055965  4.006429 
0.057399  3.994148 
0.058834  3.981813 
0.060269  3.969478 
0.061705  3.957193 
0.063140  3.945002 
0.064575  3.932943 
0.066009  3.921053 
0.067444  3.909360 
0.068879  3.897891 
0.070314  3.886667 
0.071749  3.875707 
0.073184  3.865025 
0.074619  3.854636 
0.076054  3.844549 
0.077489  3.834778 
0.078924  3.825333 
0.080359  3.816225 
0.081794  3.807469 
0.083229  3.799081 
0.084664  3.791077 
0.086099  3.783477 
0.087534  3.776304 
0.088969  3.769581 
0.090404  3.763332 
0.091839  3.757580 
0.093274  3.752346 
0.094709  3.747648 
0.096144  3.743497 
0.097579  3.739899 
0.099014  3.736850 
0.100449  3.734337 
0.101884  3.732341 
0.103319  3.730832 
0.104754  3.729775 
0.106189  3.729127 
0.107624  3.728846 
0.109059  3.728886 
0.110494  3.729200 
0.111929  3.729745 
0.113364  3.730477 
0.114799  3.731359 
0.116234  3.732352 
0.117669  3.733426 
0.119104  3.734552 
0.120539  3.735703 
0.121974  3.736857 
0.123409  3.737995 
0.124844  3.739101 
0.126279  3.740162 
0.127714  3.741165 
0.129149  3.742101 
0.130584  3.742963 
0.132019  3.743745 
0.133454  3.744442 
0.134889  3.745051 
0.136324  3.745569 
0.137759  3.745995 
0.139194  3.746327 
0.140629  3.746565 
0.142064  3.746708 
0.143499  3.746755 


0.000000  4.514904 
0.001435  4.510847 
0.002870  4.506095 
0.004305  4.500859 
0.005740  4.495157 
0.007175  4.489004 
0.008610  4.482419 
0.010045  4.475418 
0.011480  4.468017 
0.012915  4.460236 
0.014350  4.452091 
0.015785  4.443601 
0.017220  4.434787 
0.018655  4.425668 
0.020090  4.416268 
0.021525  4.406611 
0.022960  4.396722 
0.024395  4.386630 
0.025830  4.376367 
0.027265  4.365968 
0.028700  4.355471 
0.030135  4.344919 
0.031570  4.334356 
0.033005  4.323834 
0.034440  4.313405 
0.035875  4.303124 
0.037310  4.293048 
0.038745  4.283230 
0.040180  4.273723 
0.041615  4.264573 
0.043050  4.255816 
0.044485  4.247481 
0.045920  4.239588 
0.047355  4.232147 
0.048790  4.225161 
0.050225  4.218630 
0.051660  4.212552 
0.053095  4.206926 
0.054530  4.201751 
0.055965  4.197035 
0.057399  4.192786 
0.058834  4.189020 
0.060269  4.185733 
0.061705  4.171724 
0.063140  4.155808 
0.064575  4.139951 
0.066009  4.124195 
0.067444  4.108582 
0.068879  4.093154 
0.070314  4.077955 
0.071749  4.063026 
0.073184  4.048411 
0.074619  4.034151 
0.076054  4.020283 
0.077489  4.006847 
0.078924  3.993876 
0.080359  3.981401 
0.081794  3.969449 
0.083229  3.958042 
0.084664  3.947199 
0.086099  3.936932 
0.087534  3.927247 
0.088969  3.918148 
0.090404  3.909630 
0.091839  3.901687 
0.093274  3.894306 
0.094709  3.887472 
0.096144  3.881166 
0.097579  3.875366 
0.099014  3.870049 
0.100449  3.865190 
0.101884  3.860764 
0.103319  3.856744 
0.104754  3.853105 
0.106189  3.849821 
0.107624  3.846868 
0.109059  3.844221 
0.110494  3.841858 
0.111929  3.839757 
0.113364  3.837897 
0.114799  3.836258 
0.116234  3.834821 
0.117669  3.833570 
0.119104  3.832488 
0.120539  3.831559 
0.121974  3.830767 
0.123409  3.830100 
0.124844  3.829542 
0.126279  3.829083 
0.127714  3.828709 
0.129149  3.828409 
0.130584  3.828172 
0.132019  3.827990 
0.133454  3.827851 
0.134889  3.827749 
0.136324  3.827675 
0.137759  3.827624 
0.139194  3.827590 
0.140629  3.827569 
0.142064  3.827557 
0.143499  3.827553 


0.000000  4.515311 
0.001435  4.518854 
0.002870  4.522061 
0.004305  4.524725 
0.005740  4.526828 
0.007175  4.528356 
0.008610  4.529296 
0.010045  4.529635 
0.011480  4.529363 
0.012915  4.528468 
0.014350  4.526944 
0.015785  4.524783 
0.017220  4.521980 
0.018655  4.518532 
0.020090  4.514438 
0.021525  4.509698 
0.022960  4.504316 
0.024395  4.498296 
0.025830  4.491645 
0.027265  4.484372 
0.028700  4.476486 
0.030135  4.468002 
0.031570  4.458932 
0.033005  4.449293 
0.034440  4.439102 
0.035875  4.428376 
0.037310  4.417137 
0.038745  4.405405 
0.040180  4.393202 
0.041615  4.380552 
0.043050  4.367478 
0.044485  4.354007 
0.045920  4.340163 
0.047355  4.325974 
0.048790  4.311467 
0.050225  4.296672 
0.051660  4.281619 
0.053095  4.266337 
0.054530  4.250860 
0.055965  4.235220 
0.057399  4.219452 
0.058834  4.203591 
0.060269  4.187700 
0.061705  4.183042 
0.063140  4.180869 
0.064575  4.179291 
0.066009  4.178341 
0.067444  4.178054 
0.068879  4.178466 
0.070314  4.179610 
0.071749  4.181518 
0.073184  4.184216 
0.074619  4.187725 
0.076054  4.192058 
0.077489  4.197221 
0.078924  4.203211 
0.080359  4.210014 
0.081794  4.217605 
0.083229  4.225950 
0.084664  4.235002 
0.086099  4.244704 
0.087534  4.254989 
0.088969  4.265778 
0.090404  4.276985 
0.091839  4.288514 
0.093274  4.300265 
0.094709  4.312130 
0.096144  4.323999 
0.097579  4.335757 
0.099014  4.347294 
0.100449  4.358498 
0.101884  4.369263 
0.103319  4.379490 
0.104754  4.389089 
0.106189  4.397981 
0.107624  4.406100 
0.109059  4.413396 
0.110494  4.419833 
0.111929  4.425392 
0.113364  4.430072 
0.114799  4.433887 
0.116234  4.436867 
0.117669  4.439055 
0.119104  4.440506 
0.120539  4.441285 
0.121974  4.441465 
0.123409  4.441125 
0.124844  4.440347 
0.126279  4.439215 
0.127714  4.437812 
0.129149  4.436220 
0.130584  4.434517 
0.132019  4.432779 
0.133454  4.431073 
0.134889  4.429462 
0.136324  4.428002 
0.137759  4.426741 
0.139194  4.425717 
0.140629  4.424964 
0.142064  4.424503 
0.143499  4.424347 


0.000000  5.771732 
0.001435  5.766113 
0.002870  5.759686 
0.004305  5.753096 
0.005740  5.746356 
0.007175  5.739477 
0.008610  5.732465 
0.010045  5.725331 
0.011480  5.718082 
0.012915  5.710731 
0.014350  5.703286 
0.015785  5.695759 
0.017220  5.688161 
0.018655  5.680502 
0.020090  5.672794 
0.021525  5.665045 
0.022960  5.657266 
0.024395  5.649466 
0.025830  5.641652 
0.027265  5.633833 
0.028700  5.626014 
0.030135  5.618202 
0.031570  5.610402 
0.033005  5.602618 
0.034440  5.594853 
0.035875  5.587110 
0.037310  5.579391 
0.038745  5.571697 
0.040180  5.564030 
0.041615  5.556389 
0.043050  5.548774 
0.044485  5.541186 
0.045920  5.533623 
0.047355  5.526083 
0.048790  5.518567 
0.050225  5.511072 
0.051660  5.503598 
0.053095  5.496143 
0.054530  5.488706 
0.055965  5.481286 
0.057399  5.473882 
0.058834  5.466496 
0.060269  5.459126 
0.061705  5.451773 
0.063140  5.444440 
0.064575  5.437128 
0.066009  5.429841 
0.067444  5.422582 
0.068879  5.415356 
0.070314  5.408171 
0.071749  5.401034 
0.073184  5.393954 
0.074619  5.386942 
0.076054  5.380011 
0.077489  5.373175 
0.078924  5.366451 
0.080359  5.359859 
0.081794  5.353421 
0.083229  5.347159 
0.084664  5.341103 
0.086099  5.335281 
0.087534  5.329727 
0.088969  5.324476 
0.090404  5.319567 
0.091839  5.315041 
0.093274  5.310941 
0.094709  5.307312 
0.096144  5.304201 
0.097579  5.301653 
0.099014  5.299713 
0.100449  5.298424 
0.101884  5.297825 
0.103319  5.297950 
0.104754  5.298825 
0.106189  5.300468 
0.107624  5.302887 
0.109059  5.306078 
0.110494  5.310025 
0.111929  5.314699 
0.113364  5.320057 
0.114799  5.326046 
0.116234  5.332598 
0.117669  5.339638 
0.119104  5.347080 
0.120539  5.354831 
0.121974  5.362793 
0.123409  5.370867 
0.124844  5.378948 
0.126279  5.386933 
0.127714  5.394722 
0.129149  5.402216 
0.130584  5.409319 
0.132019  5.415942 
0.133454  5.422001 
0.134889  5.427419 
0.136324  5.432127 
0.137759  5.436065 
0.139194  5.439182 
0.140629  5.441439 
0.142064  5.442804 
0.143499  5.443261 


0.000000  5.773163 
0.001435  5.778625 
0.002870  5.784584 
0.004305  5.790399 
0.005740  5.796061 
0.007175  5.801572 
0.008610  5.806933 
0.010045  5.812149 
0.011480  5.817224 
0.012915  5.822162 
0.014350  5.826967 
0.015785  5.831645 
0.017220  5.836199 
0.018655  5.840631 
0.020090  5.844944 
0.021525  5.849138 
0.022960  5.853213 
0.024395  5.857166 
0.025830  5.860995 
0.027265  5.864695 
0.028700  5.868259 
0.030135  5.871682 
0.031570  5.874953 
0.033005  5.878064 
0.034440  5.881005 
0.035875  5.883764 
0.037310  5.886329 
0.038745  5.888689 
0.040180  5.890832 
0.041615  5.892746 
0.043050  5.894419 
0.044485  5.895839 
0.045920  5.896997 
0.047355  5.897882 
0.048790  5.898485 
0.050225  5.898798 
0.051660  5.898814 
0.053095  5.898528 
0.054530  5.897935 
0.055965  5.897033 
0.057399  5.895818 
0.058834  5.894292 
0.060269  5.892455 
0.061705  5.890308 
0.063140  5.887857 
0.064575  5.885104 
0.066009  5.882057 
0.067444  5.878721 
0.068879  5.875106 
0.070314  5.871220 
0.071749  5.867073 
0.073184  5.862676 
0.074619  5.858039 
0.076054  5.853176 
0.077489  5.848099 
0.078924  5.842820 
0.080359  5.837355 
0.081794  5.831716 
0.083229  5.825918 
0.084664  5.819977 
0.086099  5.813906 
0.087534  5.807722 
0.088969  5.801440 
0.090404  5.795074 
0.091839  5.788642 
0.093274  5.782158 
0.094709  5.775638 
0.096144  5.769098 
0.097579  5.762554 
0.099014  5.756021 
0.100449  5.749514 
0.101884  5.743049 
0.103319  5.736640 
0.104754  5.730304 
0.106189  5.724054 
0.107624  5.717904 
0.109059  5.711870 
0.110494  5.705964 
0.111929  5.700200 
0.113364  5.694591 
0.114799  5.689149 
0.116234  5.683887 
0.117669  5.678816 
0.119104  5.673947 
0.120539  5.669291 
0.121974  5.664858 
0.123409  5.660658 
0.124844  5.656699 
0.126279  5.652991 
0.127714  5.649542 
0.129149  5.646360 
0.130584  5.643452 
0.132019  5.640826 
0.133454  5.638489 
0.134889  5.636447 
0.136324  5.634706 
0.137759  5.633273 
0.139194  5.632153 
0.140629  5.631349 
0.142064  5.630866 
0.143499  5.630705 


0.000000  6.386959 
0.001435  6.375669 
0.002870  6.364448 
0.004305  6.353880 
0.005740  6.343964 
0.007175  6.334691 
0.008610  6.326048 
0.010045  6.318018 
0.011480  6.310580 
0.012915  6.303710 
0.014350  6.297382 
0.015785  6.291566 
0.017220  6.286232 
0.018655  6.281346 
0.020090  6.276877 
0.021525  6.272788 
0.022960  6.269047 
0.024395  6.265618 
0.025830  6.262467 
0.027265  6.259561 
0.028700  6.256866 
0.030135  6.254353 
0.031570  6.251989 
0.033005  6.249745 
0.034440  6.247594 
0.035875  6.245510 
0.037310  6.243466 
0.038745  6.241441 
0.040180  6.239410 
0.041615  6.237354 
0.043050  6.235254 
0.044485  6.233090 
0.045920  6.230846 
0.047355  6.228508 
0.048790  6.226059 
0.050225  6.223487 
0.051660  6.220780 
0.053095  6.217926 
0.054530  6.214915 
0.055965  6.211739 
0.057399  6.208389 
0.058834  6.204857 
0.060269  6.201137 
0.061705  6.197225 
0.063140  6.193114 
0.064575  6.188803 
0.066009  6.184288 
0.067444  6.179568 
0.068879  6.174641 
0.070314  6.169509 
0.071749  6.164172 
0.073184  6.158632 
0.074619  6.152893 
0.076054  6.146960 
0.077489  6.140835 
0.078924  6.134527 
0.080359  6.128042 
0.081794  6.121388 
0.083229  6.114572 
0.084664  6.107606 
0.086099  6.100500 
0.087534  6.093265 
0.088969  6.085912 
0.090404  6.078455 
0.091839  6.070908 
0.093274  6.063284 
0.094709  6.055598 
0.096144  6.047865 
0.097579  6.040102 
0.099014  6.032325 
0.100449  6.024550 
0.101884  6.016794 
0.103319  6.009075 
0.104754  6.001411 
0.106189  5.993819 
0.107624  5.986317 
0.109059  5.978924 
0.110494  5.971658 
0.111929  5.964536 
0.113364  5.957577 
0.114799  5.950799 
0.116234  5.944219 
0.117669  5.937855 
0.119104  5.931724 
0.120539  5.925843 
0.121974  5.920227 
0.123409  5.914893 
0.124844  5.909856 
0.126279  5.905129 
0.127714  5.900727 
0.129149  5.896663 
0.130584  5.892948 
0.132019  5.889593 
0.133454  5.886609 
0.134889  5.884004 
0.136324  5.881787 
0.137759  5.879963 
0.139194  5.878539 
0.140629  5.877518 
0.142064  5.876905 
0.143499  5.876700 


0.000000  6.388185 
0.001435  6.400129 
0.002870  6.413310 
0.004305  6.427130 
0.005740  6.441567 
0.007175  6.456599 
0.008610  6.472202 
0.010045  6.488345 
0.011480  6.504996 
0.012915  6.522120 
0.014350  6.539677 
0.015785  6.557626 
0.017220  6.575924 
0.018655  6.594524 
0.020090  6.613381 
0.021525  6.632444 
0.022960  6.651665 
0.024395  6.670992 
0.025830  6.690375 
0.027265  6.709761 
0.028700  6.729101 
0.030135  6.748342 
0.031570  6.767433 
0.033005  6.786324 
0.034440  6.804965 
0.035875  6.823308 
0.037310  6.841303 
0.038745  6.858905 
0.040180  6.876067 
0.041615  6.892744 
0.043050  6.908893 
0.044485  6.924471 
0.045920  6.939437 
0.047355  6.953749 
0.048790  6.967370 
0.050225  6.980260 
0.051660  6.992383 
0.053095  7.003704 
0.054530  7.014187 
0.055965  7.023800 
0.057399  7.032512 
0.058834  7.040293 
0.060269  7.047116 
0.061705  7.052954 
0.063140  7.057787 
0.064575  7.061593 
0.066009  7.064357 
0.067444  7.066066 
0.068879  7.066711 
0.070314  7.066289 
0.071749  7.064799 
0.073184  7.062247 
0.074619  7.058642 
0.076054  7.054000 
0.077489  7.048340 
0.078924  7.041686 
0.080359  7.034068 
0.081794  7.025519 
0.083229  7.016075 
0.084664  7.005778 
0.086099  6.994671 
0.087534  6.982803 
0.088969  6.970222 
0.090404  6.956981 
0.091839  6.943133 
0.093274  6.928735 
0.094709  6.913842 
0.096144  6.898512 
0.097579  6.882804 
0.099014  6.866775 
0.100449  6.850487 
0.101884  6.833996 
0.103319  6.817361 
0.104754  6.800642 
0.106189  6.783895 
0.107624  6.767177 
0.109059  6.750546 
0.110494  6.734056 
0.111929  6.717761 
0.113364  6.701716 
0.114799  6.685972 
0.116234  6.670582 
0.117669  6.655596 
0.119104  6.641064 
0.120539  6.627034 
0.121974  6.613554 
0.123409  6.600672 
0.124844  6.588433 
0.126279  6.576883 
0.127714  6.566064 
0.129149  6.556019 
0.130584  6.546788 
0.132019  6.538411 
0.133454  6.530924 
0.134889  6.524361 
0.136324  6.518751 
0.137759  6.514123 
0.139194  6.510499 
0.140629  6.507896 
0.142064  6.506330 
0.143499  6.505806 


0.000000  7.770819 
0.001435  7.770847 
0.002870  7.770929 
0.004305  7.771068 
0.005740  7.771264 
0.007175  7.771521 
0.008610  7.771840 
0.010045  7.772223 
0.011480  7.772671 
0.012915  7.773184 
0.014350  7.773760 
0.015785  7.774394 
0.017220  7.775078 
0.018655  7.775802 
0.020090  7.776552 
0.021525  7.777316 
0.022960  7.778083 
0.024395  7.778844 
0.025830  7.779596 
0.027265  7.780339 
0.028700  7.781074 
0.030135  7.781805 
0.031570  7.782535 
0.033005  7.783269 
0.034440  7.784011 
0.035875  7.784763 
0.037310  7.785530 
0.038745  7.786316 
0.040180  7.787124 
0.041615  7.787959 
0.043050  7.788826 
0.044485  7.789729 
0.045920  7.790677 
0.047355  7.791675 
0.048790  7.792732 
0.050225  7.793856 
0.051660  7.795059 
0.053095  7.796351 
0.054530  7.797744 
0.055965  7.799252 
0.057399  7.800889 
0.058834  7.802669 
0.060269  7.804608 
0.061705  7.806720 
0.063140  7.809022 
0.064575  7.811527 
0.066009  7.814250 
0.067444  7.817202 
0.068879  7.820394 
0.070314  7.823837 
0.071749  7.827536 
0.073184  7.831496 
0.074619  7.835719 
0.076054  7.840204 
0.077489  7.844948 
0.078924  7.849945 
0.080359  7.855187 
0.081794  7.860663 
0.083229  7.866362 
0.084664  7.872267 
0.086099  7.878365 
0.087534  7.884637 
0.088969  7.891065 
0.090404  7.897630 
0.091839  7.904313 
0.093274  7.911092 
0.094709  7.917948 
0.096144  7.924861 
0.097579  7.931809 
0.099014  7.938772 
0.100449  7.945731 
0.101884  7.952665 
0.103319  7.959555 
0.104754  7.966382 
0.106189  7.973128 
0.107624  7.979774 
0.109059  7.986303 
0.110494  7.992699 
0.111929  7.998944 
0.113364  8.005024 
0.114799  8.010923 
0.116234  8.016628 
0.117669  8.022123 
0.119104  8.027396 
0.120539  8.032435 
0.121974  8.037229 
0.123409  8.041764 
0.124844  8.046033 
0.126279  8.050024 
0.127714  8.053730 
0.129149  8.057141 
0.130584  8.060250 
0.132019  8.063050 
0.133454  8.065535 
0.134889  8.067700 
0.136324  8.069539 
0.137759  8.071050 
0.139194  8.072228 
0.140629  8.073072 
0.142064  8.073579 
0.143499  8.073748 


0.000000  7.777478 
0.001435  7.777506 
0.002870  7.777590 
0.004305  7.777729 
0.005740  7.777925 
0.007175  7.778177 
0.008610  7.778489 
0.010045  7.778861 
0.011480  7.779298 
0.012915  7.779807 
0.014350  7.780395 
0.015785  7.781075 
0.017220  7.781862 
0.018655  7.782774 
0.020090  7.783832 
0.021525  7.785058 
0.022960  7.786470 
0.024395  7.788086 
0.025830  7.789918 
0.027265  7.791975 
0.028700  7.794263 
0.030135  7.796786 
0.031570  7.799550 
0.033005  7.802558 
0.034440  7.805814 
0.035875  7.809321 
0.037310  7.813081 
0.038745  7.817099 
0.040180  7.821376 
0.041615  7.825913 
0.043050  7.830713 
0.044485  7.835774 
0.045920  7.841096 
0.047355  7.846678 
0.048790  7.852518 
0.050225  7.858612 
0.051660  7.864956 
0.053095  7.871545 
0.054530  7.878374 
0.055965  7.885434 
0.057399  7.892719 
0.058834  7.900221 
0.060269  7.907929 
0.061705  7.915834 
0.063140  7.923925 
0.064575  7.932192 
0.066009  7.940621 
0.067444  7.949201 
0.068879  7.957919 
0.070314  7.966761 
0.071749  7.975714 
0.073184  7.984765 
0.074619  7.993898 
0.076054  8.003100 
0.077489  8.012357 
0.078924  8.021654 
0.080359  8.030977 
0.081794  8.040311 
0.083229  8.049642 
0.084664  8.058956 
0.086099  8.068238 
0.087534  8.077476 
0.088969  8.086655 
0.090404  8.095762 
0.091839  8.104784 
0.093274  8.113709 
0.094709  8.122523 
0.096144  8.131214 
0.097579  8.139772 
0.099014  8.148183 
0.100449  8.156437 
0.101884  8.164524 
0.103319  8.172432 
0.104754  8.180152 
0.106189  8.187674 
0.107624  8.194989 
0.109059  8.202087 
0.110494  8.208961 
0.111929  8.215602 
0.113364  8.222001 
0.114799  8.228153 
0.116234  8.234049 
0.117669  8.239682 
0.119104  8.245047 
0.120539  8.250138 
0.121974  8.254948 
0.123409  8.259472 
0.124844  8.263706 
0.126279  8.267645 
0.127714  8.271284 
0.129149  8.274620 
0.130584  8.277648 
0.132019  8.280367 
0.133454  8.282773 
0.134889  8.284863 
0.136324  8.286635 
0.137759  8.288087 
0.139194  8.289219 
0.140629  8.290028 
0.142064  8.290513 
0.143499  8.290675 


