1 1 1 1 10 0
   12.844105    12.844105    12.844105    90.000000    90.000000    90.000000
    0.000000     0.169134     0.068385     0.000000     0.000000     0.000000     0.000000 4.00000000000011     0.000000     0.000000
    0.097321     0.169144     0.068446     0.000000     0.000000     0.000000     0.000000 1.00000000000021     0.000000     0.000000
    0.170552     0.266567     0.068521     0.000000     0.000000     0.000000     0.000000 1.00000000000031     0.000000     0.000000
    0.170572     0.071737     0.068521     0.000000     0.000000     0.000000     0.000000 1.00000000000041     0.000000     0.000000
    0.220975     0.265878     0.137321     0.000000     0.000000     0.000000     0.000000 2.00000000000051     0.000000     0.000000
    0.221433     0.265707     0.000063     0.000000     0.000000     0.000000     0.000000 2.00000000000061     0.000000     0.000000
    0.124767     0.338294     0.068290     0.000000     0.000000     0.000000     0.000000 2.00000000000071     0.000000     0.000000
    0.124803     0.000000     0.068396     0.000000     0.000000     0.000000     0.000000 2.00000000000081     0.000000     0.000000
    0.221080     0.072487     0.137258     0.000000     0.000000     0.000000     0.000000 2.00000000000091     0.000000     0.000000
    0.221368     0.072557     0.000000     0.000000     0.000000     0.000000     0.000000 2.00000000000101     0.000000     0.000000
