# distance  frequency (bands are separated by blank lines)
# End points of segments: 
#   0.00000000 0.17553980 
0.000000 -0.000000
0.000501 -0.002341
0.001003 -0.004669
0.001505 -0.006972
0.002006 -0.009238
0.002508 -0.011452
0.003009 -0.013602
0.003511 -0.015673
0.004012 -0.017650
0.004514 -0.019518
0.005015 -0.021259
0.005517 -0.022854
0.006019 -0.024283
0.006520 -0.025523
0.007022 -0.026546
0.007523 -0.027321
0.008025 -0.027811
0.008526 -0.027969
0.009028 -0.027734
0.009529 -0.027026
0.010031 -0.025727
0.010532 -0.023651
0.011034 -0.020456
0.011536 -0.015315
0.012037 -0.001704
0.012539 0.016775
0.013040 0.024970
0.013542 0.032072
0.014043 0.038757
0.014545 0.045272
0.015046 0.051737
0.015548 0.058217
0.016049 0.064755
0.016551 0.071377
0.017052 0.078102
0.017554 0.084941
0.018055 0.091905
0.018557 0.098999
0.019059 0.106230
0.019560 0.113599
0.020062 0.121111
0.020563 0.128765
0.021065 0.136565
0.021566 0.144510
0.022068 0.152601
0.022569 0.160837
0.023071 0.169219
0.023572 0.177746
0.024074 0.186418
0.024576 0.195234
0.025077 0.204192
0.025579 0.213293
0.026080 0.222535
0.026582 0.231916
0.027083 0.241437
0.027585 0.251095
0.028086 0.260889
0.028588 0.270818
0.029089 0.280880
0.029591 0.291075
0.030093 0.301401
0.030594 0.311855
0.031096 0.322438
0.031597 0.333147
0.032099 0.343981
0.032600 0.354938
0.033102 0.366017
0.033603 0.377217
0.034105 0.388535
0.034606 0.399970
0.035108 0.411521
0.035610 0.423187
0.036111 0.434964
0.036613 0.446853
0.037114 0.458852
0.037616 0.470958
0.038117 0.483171
0.038619 0.495488
0.039120 0.507909
0.039622 0.520432
0.040123 0.533054
0.040625 0.545776
0.041127 0.558594
0.041628 0.571508
0.042130 0.584517
0.042631 0.597617
0.043133 0.610809
0.043634 0.624091
0.044136 0.637461
0.044637 0.650917
0.045139 0.664458
0.045640 0.678083
0.046142 0.691791
0.046643 0.705579
0.047145 0.719446
0.047647 0.733391
0.048148 0.747413
0.048650 0.761510
0.049151 0.775681
0.049653 0.789924
0.050154 0.804237
0.050656 0.818621
0.051157 0.833072
0.051659 0.847591
0.052160 0.862175
0.052662 0.876823
0.053164 0.891534
0.053665 0.906306
0.054167 0.921139
0.054668 0.936031
0.055170 0.950980
0.055671 0.965986
0.056173 0.981047
0.056674 0.996162
0.057176 1.011330
0.057677 1.026549
0.058179 1.041818
0.058680 1.057137
0.059182 1.072503
0.059684 1.087916
0.060185 1.103374
0.060687 1.118877
0.061188 1.134423
0.061690 1.150011
0.062191 1.165640
0.062693 1.181308
0.063194 1.197016
0.063696 1.212761
0.064197 1.228542
0.064699 1.244358
0.065200 1.260209
0.065702 1.276093
0.066204 1.292010
0.066705 1.307957
0.067207 1.323934
0.067708 1.339941
0.068210 1.355975
0.068711 1.372037
0.069213 1.388124
0.069714 1.404237
0.070216 1.420373
0.070717 1.436532
0.071219 1.452714
0.071721 1.468916
0.072222 1.485138
0.072724 1.501380
0.073225 1.517640
0.073727 1.533917
0.074228 1.550210
0.074730 1.566519
0.075231 1.582842
0.075733 1.599179
0.076234 1.615528
0.076736 1.631889
0.077238 1.648262
0.077739 1.664644
0.078241 1.681035
0.078742 1.697434
0.079244 1.713841
0.079745 1.730254
0.080247 1.746673
0.080748 1.763097
0.081250 1.779524
0.081751 1.795955
0.082253 1.812388
0.082754 1.828823
0.083256 1.845258
0.083757 1.861693
0.084259 1.878127
0.084761 1.894559
0.085262 1.910989
0.085764 1.927415
0.086265 1.943837
0.086767 1.960254
0.087268 1.976665
0.087770 1.993070
0.088271 2.009467
0.088773 2.025856
0.089275 2.042237
0.089776 2.058607
0.090278 2.074967
0.090779 2.091316
0.091281 2.107653
0.091782 2.123978
0.092284 2.140289
0.092785 2.156585
0.093287 2.172867
0.093788 2.189133
0.094290 2.205382
0.094792 2.221615
0.095293 2.237829
0.095795 2.254024
0.096296 2.270201
0.096798 2.286357
0.097299 2.302492
0.097801 2.318605
0.098302 2.334696
0.098804 2.350764
0.099305 2.366808
0.099807 2.382828
0.100308 2.398822
0.100810 2.414790
0.101311 2.430732
0.101813 2.446645
0.102315 2.462531
0.102816 2.478387
0.103318 2.494214
0.103819 2.510011
0.104321 2.525776
0.104822 2.541509
0.105324 2.557210
0.105825 2.572877
0.106327 2.588510
0.106829 2.604108
0.107330 2.619670
0.107832 2.635196
0.108333 2.650685
0.108835 2.666136
0.109336 2.681548
0.109838 2.696921
0.110339 2.712253
0.110841 2.727545
0.111342 2.742794
0.111844 2.758001
0.112345 2.773165
0.112847 2.788285
0.113349 2.803359
0.113850 2.818388
0.114352 2.833371
0.114853 2.848306
0.115355 2.863193
0.115856 2.878031
0.116358 2.892819
0.116859 2.907557
0.117361 2.922243
0.117862 2.936876
0.118364 2.951457
0.118865 2.965983
0.119367 2.980455
0.119869 2.994870
0.120370 3.009229
0.120872 3.023531
0.121373 3.037773
0.121875 3.051957
0.122376 3.066080
0.122878 3.080142
0.123379 3.094141
0.123881 3.108077
0.124382 3.121949
0.124884 3.135756
0.125386 3.149497
0.125887 3.163171
0.126389 3.176776
0.126890 3.190313
0.127392 3.203779
0.127893 3.217173
0.128395 3.230496
0.128896 3.243745
0.129398 3.256919
0.129899 3.270018
0.130401 3.283040
0.130903 3.295984
0.131404 3.308849
0.131906 3.321634
0.132407 3.334338
0.132909 3.346959
0.133410 3.359496
0.133912 3.371948
0.134413 3.384314
0.134915 3.396592
0.135416 3.408782
0.135918 3.420881
0.136419 3.432889
0.136921 3.444804
0.137423 3.456625
0.137924 3.468351
0.138426 3.479980
0.138927 3.491511
0.139429 3.502942
0.139930 3.514272
0.140432 3.525499
0.140933 3.536622
0.141435 3.547640
0.141936 3.558551
0.142438 3.569354
0.142939 3.580046
0.143441 3.590627
0.143943 3.601095
0.144444 3.611448
0.144946 3.621685
0.145447 3.631803
0.145949 3.641802
0.146450 3.651680
0.146952 3.661435
0.147453 3.671066
0.147955 3.680570
0.148456 3.689946
0.148958 3.699192
0.149460 3.708307
0.149961 3.717289
0.150463 3.726136
0.150964 3.734846
0.151466 3.743418
0.151967 3.751850
0.152469 3.760140
0.152970 3.768286
0.153472 3.776287
0.153973 3.784140
0.154475 3.791844
0.154976 3.799397
0.155478 3.806798
0.155980 3.814044
0.156481 3.821134
0.156983 3.828067
0.157484 3.834839
0.157986 3.841450
0.158487 3.847898
0.158989 3.854181
0.159490 3.860297
0.159992 3.866245
0.160494 3.872023
0.160995 3.877630
0.161497 3.883063
0.161998 3.888322
0.162500 3.893404
0.163001 3.898309
0.163503 3.903034
0.164004 3.907578
0.164506 3.911941
0.165007 3.916119
0.165509 3.920113
0.166011 3.923921
0.166512 3.927541
0.167014 3.930973
0.167515 3.934214
0.168017 3.937265
0.168518 3.940125
0.169020 3.942791
0.169521 3.945264
0.170023 3.947542
0.170524 3.949624
0.171026 3.951511
0.171527 3.953201
0.172029 3.954693
0.172531 3.955988
0.173032 3.957084
0.173534 3.957981
0.174035 3.958679
0.174537 3.959178
0.175038 3.959478
0.175540 3.959578


0.000000 0.000000
0.000501 0.016434
0.001003 0.032866
0.001505 0.049298
0.002006 0.065728
0.002508 0.082155
0.003009 0.098578
0.003511 0.114998
0.004012 0.131413
0.004514 0.147823
0.005015 0.164227
0.005517 0.180625
0.006019 0.197015
0.006520 0.213398
0.007022 0.229772
0.007523 0.246137
0.008025 0.262492
0.008526 0.278836
0.009028 0.295170
0.009529 0.311492
0.010031 0.327802
0.010532 0.344099
0.011034 0.360382
0.011536 0.376651
0.012037 0.392905
0.012539 0.409144
0.013040 0.425366
0.013542 0.441572
0.014043 0.457761
0.014545 0.473932
0.015046 0.490084
0.015548 0.506217
0.016049 0.522331
0.016551 0.538424
0.017052 0.554497
0.017554 0.570548
0.018055 0.586577
0.018557 0.602583
0.019059 0.618567
0.019560 0.634526
0.020062 0.650462
0.020563 0.666372
0.021065 0.682257
0.021566 0.698116
0.022068 0.713949
0.022569 0.729755
0.023071 0.745533
0.023572 0.761283
0.024074 0.777004
0.024576 0.792697
0.025077 0.808359
0.025579 0.823992
0.026080 0.839594
0.026582 0.855165
0.027083 0.870704
0.027585 0.886212
0.028086 0.901686
0.028588 0.917128
0.029089 0.932536
0.029591 0.947910
0.030093 0.963250
0.030594 0.978555
0.031096 0.993824
0.031597 1.009058
0.032099 1.024256
0.032600 1.039417
0.033102 1.054541
0.033603 1.069627
0.034105 1.084676
0.034606 1.099686
0.035108 1.114658
0.035610 1.129591
0.036111 1.144484
0.036613 1.159337
0.037114 1.174151
0.037616 1.188923
0.038117 1.203655
0.038619 1.218345
0.039120 1.232994
0.039622 1.247601
0.040123 1.262166
0.040625 1.276687
0.041127 1.291166
0.041628 1.305602
0.042130 1.319994
0.042631 1.334342
0.043133 1.348645
0.043634 1.362904
0.044136 1.377119
0.044637 1.391288
0.045139 1.405411
0.045640 1.419489
0.046142 1.433521
0.046643 1.447507
0.047145 1.461446
0.047647 1.475338
0.048148 1.489183
0.048650 1.502981
0.049151 1.516731
0.049653 1.530433
0.050154 1.544088
0.050656 1.557694
0.051157 1.571251
0.051659 1.584760
0.052160 1.598220
0.052662 1.611630
0.053164 1.624991
0.053665 1.638303
0.054167 1.651565
0.054668 1.664776
0.055170 1.677938
0.055671 1.691049
0.056173 1.704109
0.056674 1.717118
0.057176 1.730077
0.057677 1.742984
0.058179 1.755840
0.058680 1.768644
0.059182 1.781397
0.059684 1.794098
0.060185 1.806747
0.060687 1.819343
0.061188 1.831887
0.061690 1.844379
0.062191 1.856818
0.062693 1.869204
0.063194 1.881537
0.063696 1.893817
0.064197 1.906044
0.064699 1.918217
0.065200 1.930336
0.065702 1.942402
0.066204 1.954414
0.066705 1.966372
0.067207 1.978276
0.067708 1.990126
0.068210 2.001921
0.068711 2.013662
0.069213 2.025349
0.069714 2.036980
0.070216 2.048557
0.070717 2.060078
0.071219 2.071545
0.071721 2.082956
0.072222 2.094312
0.072724 2.105612
0.073225 2.116857
0.073727 2.128046
0.074228 2.139180
0.074730 2.150257
0.075231 2.161279
0.075733 2.172244
0.076234 2.183153
0.076736 2.194006
0.077238 2.204802
0.077739 2.215542
0.078241 2.226225
0.078742 2.236852
0.079244 2.247421
0.079745 2.257934
0.080247 2.268389
0.080748 2.278788
0.081250 2.289129
0.081751 2.299413
0.082253 2.309639
0.082754 2.319808
0.083256 2.329920
0.083757 2.339973
0.084259 2.349969
0.084761 2.359907
0.085262 2.369787
0.085764 2.379610
0.086265 2.389373
0.086767 2.399079
0.087268 2.408726
0.087770 2.418316
0.088271 2.427846
0.088773 2.437318
0.089275 2.446731
0.089776 2.456086
0.090278 2.465382
0.090779 2.474619
0.091281 2.483797
0.091782 2.492916
0.092284 2.501976
0.092785 2.510977
0.093287 2.519919
0.093788 2.528801
0.094290 2.537624
0.094792 2.546388
0.095293 2.555092
0.095795 2.563737
0.096296 2.572322
0.096798 2.580847
0.097299 2.589313
0.097801 2.597719
0.098302 2.606065
0.098804 2.614351
0.099305 2.622577
0.099807 2.630744
0.100308 2.638850
0.100810 2.646896
0.101311 2.654882
0.101813 2.662808
0.102315 2.670674
0.102816 2.678480
0.103318 2.686225
0.103819 2.693911
0.104321 2.701535
0.104822 2.709100
0.105324 2.716604
0.105825 2.724048
0.106327 2.731431
0.106829 2.738754
0.107330 2.746017
0.107832 2.753219
0.108333 2.760361
0.108835 2.767442
0.109336 2.774463
0.109838 2.781424
0.110339 2.788324
0.110841 2.795164
0.111342 2.801943
0.111844 2.808662
0.112345 2.815320
0.112847 2.821919
0.113349 2.828457
0.113850 2.834934
0.114352 2.841351
0.114853 2.847709
0.115355 2.854005
0.115856 2.860242
0.116358 2.866419
0.116859 2.872535
0.117361 2.878592
0.117862 2.884589
0.118364 2.890525
0.118865 2.896402
0.119367 2.902219
0.119869 2.907977
0.120370 2.913675
0.120872 2.919313
0.121373 2.924892
0.121875 2.930411
0.122376 2.935871
0.122878 2.941272
0.123379 2.946614
0.123881 2.951896
0.124382 2.957120
0.124884 2.962285
0.125386 2.967391
0.125887 2.972438
0.126389 2.977427
0.126890 2.982358
0.127392 2.987230
0.127893 2.992045
0.128395 2.996801
0.128896 3.001499
0.129398 3.006139
0.129899 3.010722
0.130401 3.015248
0.130903 3.019716
0.131404 3.024126
0.131906 3.028480
0.132407 3.032777
0.132909 3.037017
0.133410 3.041200
0.133912 3.045327
0.134413 3.049398
0.134915 3.053412
0.135416 3.057371
0.135918 3.061274
0.136419 3.065121
0.136921 3.068912
0.137423 3.072649
0.137924 3.076330
0.138426 3.079956
0.138927 3.083527
0.139429 3.087044
0.139930 3.090507
0.140432 3.093915
0.140933 3.097269
0.141435 3.100569
0.141936 3.103816
0.142438 3.107009
0.142939 3.110149
0.143441 3.113236
0.143943 3.116269
0.144444 3.119250
0.144946 3.122179
0.145447 3.125055
0.145949 3.127879
0.146450 3.130651
0.146952 3.133371
0.147453 3.136040
0.147955 3.138657
0.148456 3.141223
0.148958 3.143738
0.149460 3.146202
0.149961 3.148615
0.150463 3.150978
0.150964 3.153291
0.151466 3.155553
0.151967 3.157766
0.152469 3.159929
0.152970 3.162042
0.153472 3.164106
0.153973 3.166121
0.154475 3.168087
0.154976 3.170004
0.155478 3.171872
0.155980 3.173691
0.156481 3.175463
0.156983 3.177186
0.157484 3.178861
0.157986 3.180488
0.158487 3.182068
0.158989 3.183600
0.159490 3.185084
0.159992 3.186521
0.160494 3.187912
0.160995 3.189255
0.161497 3.190551
0.161998 3.191801
0.162500 3.193003
0.163001 3.194160
0.163503 3.195270
0.164004 3.196334
0.164506 3.197352
0.165007 3.198324
0.165509 3.199249
0.166011 3.200129
0.166512 3.200964
0.167014 3.201752
0.167515 3.202496
0.168017 3.203193
0.168518 3.203846
0.169020 3.204453
0.169521 3.205014
0.170023 3.205531
0.170524 3.206003
0.171026 3.206429
0.171527 3.206810
0.172029 3.207147
0.172531 3.207438
0.173032 3.207685
0.173534 3.207887
0.174035 3.208044
0.174537 3.208156
0.175038 3.208223
0.175540 3.208245


0.000000 0.000000
0.000501 0.025863
0.001003 0.051724
0.001505 0.077584
0.002006 0.103442
0.002508 0.129296
0.003009 0.155146
0.003511 0.180991
0.004012 0.206831
0.004514 0.232664
0.005015 0.258489
0.005517 0.284307
0.006019 0.310115
0.006520 0.335913
0.007022 0.361701
0.007523 0.387477
0.008025 0.413241
0.008526 0.438992
0.009028 0.464729
0.009529 0.490451
0.010031 0.516157
0.010532 0.541848
0.011034 0.567521
0.011536 0.593175
0.012037 0.618812
0.012539 0.644428
0.013040 0.670024
0.013542 0.695599
0.014043 0.721152
0.014545 0.746682
0.015046 0.772188
0.015548 0.797670
0.016049 0.823126
0.016551 0.848557
0.017052 0.873960
0.017554 0.899337
0.018055 0.924684
0.018557 0.950002
0.019059 0.975291
0.019560 1.000548
0.020062 1.025774
0.020563 1.050968
0.021065 1.076128
0.021566 1.101254
0.022068 1.126346
0.022569 1.151402
0.023071 1.176422
0.023572 1.201405
0.024074 1.226350
0.024576 1.251256
0.025077 1.276123
0.025579 1.300950
0.026080 1.325736
0.026582 1.350481
0.027083 1.375182
0.027585 1.399841
0.028086 1.424456
0.028588 1.449026
0.029089 1.473551
0.029591 1.498029
0.030093 1.522461
0.030594 1.546844
0.031096 1.571180
0.031597 1.595466
0.032099 1.619702
0.032600 1.643888
0.033102 1.668023
0.033603 1.692105
0.034105 1.716134
0.034606 1.740110
0.035108 1.764032
0.035610 1.787898
0.036111 1.811709
0.036613 1.835464
0.037114 1.859161
0.037616 1.882800
0.038117 1.906381
0.038619 1.929903
0.039120 1.953364
0.039622 1.976765
0.040123 2.000105
0.040625 2.023382
0.041127 2.046597
0.041628 2.069748
0.042130 2.092835
0.042631 2.115857
0.043133 2.138814
0.043634 2.161704
0.044136 2.184528
0.044637 2.207284
0.045139 2.229972
0.045640 2.252590
0.046142 2.275140
0.046643 2.297618
0.047145 2.320026
0.047647 2.342363
0.048148 2.364627
0.048650 2.386818
0.049151 2.408935
0.049653 2.430978
0.050154 2.452946
0.050656 2.474839
0.051157 2.496655
0.051659 2.518395
0.052160 2.540057
0.052662 2.561641
0.053164 2.583145
0.053665 2.604571
0.054167 2.625916
0.054668 2.647180
0.055170 2.668363
0.055671 2.689464
0.056173 2.710483
0.056674 2.731417
0.057176 2.752268
0.057677 2.773035
0.058179 2.793716
0.058680 2.814311
0.059182 2.834819
0.059684 2.855240
0.060185 2.875574
0.060687 2.895819
0.061188 2.915975
0.061690 2.936041
0.062191 2.956017
0.062693 2.975902
0.063194 2.995695
0.063696 3.015396
0.064197 3.035004
0.064699 3.054519
0.065200 3.073940
0.065702 3.093265
0.066204 3.112496
0.066705 3.131630
0.067207 3.150668
0.067708 3.169608
0.068210 3.188450
0.068711 3.207194
0.069213 3.225839
0.069714 3.244384
0.070216 3.262828
0.070717 3.281171
0.071219 3.299412
0.071721 3.317551
0.072222 3.335587
0.072724 3.353520
0.073225 3.371348
0.073727 3.389071
0.074228 3.406688
0.074730 3.424200
0.075231 3.441604
0.075733 3.458901
0.076234 3.476089
0.076736 3.493169
0.077238 3.510140
0.077739 3.527000
0.078241 3.543749
0.078742 3.560388
0.079244 3.576914
0.079745 3.593327
0.080247 3.609627
0.080748 3.625813
0.081250 3.641884
0.081751 3.657840
0.082253 3.673680
0.082754 3.689403
0.083256 3.705009
0.083757 3.720497
0.084259 3.735866
0.084761 3.751117
0.085262 3.766247
0.085764 3.781256
0.086265 3.796145
0.086767 3.810912
0.087268 3.825556
0.087770 3.840077
0.088271 3.854474
0.088773 3.868746
0.089275 3.882894
0.089776 3.896916
0.090278 3.910812
0.090779 3.924580
0.091281 3.938221
0.091782 3.951734
0.092284 3.965118
0.092785 3.978373
0.093287 3.991497
0.093788 4.004491
0.094290 4.017354
0.094792 4.030085
0.095293 4.042684
0.095795 4.055150
0.096296 4.067483
0.096798 4.079681
0.097299 4.091745
0.097801 4.103674
0.098302 4.115468
0.098804 4.127125
0.099305 4.138647
0.099807 4.150031
0.100308 4.161278
0.100810 4.172387
0.101311 4.183358
0.101813 4.194191
0.102315 4.204885
0.102816 4.215439
0.103318 4.225854
0.103819 4.236130
0.104321 4.246265
0.104822 4.256260
0.105324 4.266114
0.105825 4.275828
0.106327 4.285400
0.106829 4.294832
0.107330 4.304123
0.107832 4.313272
0.108333 4.322280
0.108835 4.331147
0.109336 4.339873
0.109838 4.348458
0.110339 4.356901
0.110841 4.365204
0.111342 4.373366
0.111844 4.381388
0.112345 4.389269
0.112847 4.397010
0.113349 4.404611
0.113850 4.412073
0.114352 4.419397
0.114853 4.426582
0.115355 4.433628
0.115856 4.440538
0.116358 4.447311
0.116859 4.453947
0.117361 4.460448
0.117862 4.466814
0.118364 4.473046
0.118865 4.479144
0.119367 4.485110
0.119869 4.490945
0.120370 4.496649
0.120872 4.502223
0.121373 4.507668
0.121875 4.512986
0.122376 4.518177
0.122878 4.523242
0.123379 4.528184
0.123881 4.533002
0.124382 4.537698
0.124884 4.542274
0.125386 4.546731
0.125887 4.551069
0.126389 4.555291
0.126890 4.559398
0.127392 4.563392
0.127893 4.567273
0.128395 4.571043
0.128896 4.574705
0.129398 4.578259
0.129899 4.581706
0.130401 4.585050
0.130903 4.588291
0.131404 4.591430
0.131906 4.594471
0.132407 4.597413
0.132909 4.600260
0.133410 4.603012
0.133912 4.605672
0.134413 4.608240
0.134915 4.610720
0.135416 4.613113
0.135918 4.615420
0.136419 4.617643
0.136921 4.619785
0.137423 4.621846
0.137924 4.623829
0.138426 4.625735
0.138927 4.627567
0.139429 4.629325
0.139930 4.631012
0.140432 4.632630
0.140933 4.634180
0.141435 4.635665
0.141936 4.637085
0.142438 4.638442
0.142939 4.639739
0.143441 4.640977
0.143943 4.642158
0.144444 4.643283
0.144946 4.644354
0.145447 4.645373
0.145949 4.646341
0.146450 4.647260
0.146952 4.648132
0.147453 4.648958
0.147955 4.649740
0.148456 4.650479
0.148958 4.651177
0.149460 4.651836
0.149961 4.652456
0.150463 4.653039
0.150964 4.653587
0.151466 4.654101
0.151967 4.654582
0.152469 4.655033
0.152970 4.655453
0.153472 4.655845
0.153973 4.656210
0.154475 4.656548
0.154976 4.656862
0.155478 4.657152
0.155980 4.657420
0.156481 4.657667
0.156983 4.657893
0.157484 4.658100
0.157986 4.658289
0.158487 4.658462
0.158989 4.658618
0.159490 4.658759
0.159992 4.658886
0.160494 4.659000
0.160995 4.659101
0.161497 4.659191
0.161998 4.659271
0.162500 4.659341
0.163001 4.659401
0.163503 4.659454
0.164004 4.659498
0.164506 4.659536
0.165007 4.659568
0.165509 4.659594
0.166011 4.659615
0.166512 4.659631
0.167014 4.659644
0.167515 4.659653
0.168017 4.659659
0.168518 4.659663
0.169020 4.659664
0.169521 4.659664
0.170023 4.659663
0.170524 4.659661
0.171026 4.659657
0.171527 4.659654
0.172029 4.659650
0.172531 4.659647
0.173032 4.659643
0.173534 4.659640
0.174035 4.659638
0.174537 4.659636
0.175038 4.659635
0.175540 4.659634


0.000000 4.901754
0.000501 4.901766
0.001003 4.901802
0.001505 4.901863
0.002006 4.901948
0.002508 4.902058
0.003009 4.902192
0.003511 4.902350
0.004012 4.902532
0.004514 4.902739
0.005015 4.902970
0.005517 4.903225
0.006019 4.903504
0.006520 4.903807
0.007022 4.904134
0.007523 4.904485
0.008025 4.904860
0.008526 4.905259
0.009028 4.905682
0.009529 4.906129
0.010031 4.906599
0.010532 4.907092
0.011034 4.907610
0.011536 4.908150
0.012037 4.908714
0.012539 4.909301
0.013040 4.909912
0.013542 4.910545
0.014043 4.911202
0.014545 4.911881
0.015046 4.912583
0.015548 4.913307
0.016049 4.914054
0.016551 4.914824
0.017052 4.915616
0.017554 4.916430
0.018055 4.917266
0.018557 4.918123
0.019059 4.919003
0.019560 4.919904
0.020062 4.920827
0.020563 4.921771
0.021065 4.922736
0.021566 4.923723
0.022068 4.924730
0.022569 4.925758
0.023071 4.926807
0.023572 4.927876
0.024074 4.928965
0.024576 4.930074
0.025077 4.931204
0.025579 4.932353
0.026080 4.933521
0.026582 4.934710
0.027083 4.935917
0.027585 4.937143
0.028086 4.938388
0.028588 4.939652
0.029089 4.940935
0.029591 4.942236
0.030093 4.943555
0.030594 4.944891
0.031096 4.946246
0.031597 4.947618
0.032099 4.949007
0.032600 4.950414
0.033102 4.951838
0.033603 4.953278
0.034105 4.954734
0.034606 4.956208
0.035108 4.957697
0.035610 4.959202
0.036111 4.960723
0.036613 4.962259
0.037114 4.963810
0.037616 4.965377
0.038117 4.966958
0.038619 4.968554
0.039120 4.970165
0.039622 4.971789
0.040123 4.973428
0.040625 4.975080
0.041127 4.976745
0.041628 4.978424
0.042130 4.980116
0.042631 4.981821
0.043133 4.983539
0.043634 4.985269
0.044136 4.987011
0.044637 4.988764
0.045139 4.990530
0.045640 4.992307
0.046142 4.994095
0.046643 4.995895
0.047145 4.997705
0.047647 4.999525
0.048148 5.001356
0.048650 5.003197
0.049151 5.005048
0.049653 5.006909
0.050154 5.008779
0.050656 5.010658
0.051157 5.012546
0.051659 5.014443
0.052160 5.016348
0.052662 5.018262
0.053164 5.020183
0.053665 5.022113
0.054167 5.024050
0.054668 5.025994
0.055170 5.027946
0.055671 5.029904
0.056173 5.031870
0.056674 5.033841
0.057176 5.035819
0.057677 5.037803
0.058179 5.039793
0.058680 5.041788
0.059182 5.043789
0.059684 5.045795
0.060185 5.047805
0.060687 5.049821
0.061188 5.051841
0.061690 5.053865
0.062191 5.055894
0.062693 5.057926
0.063194 5.059962
0.063696 5.062001
0.064197 5.064044
0.064699 5.066090
0.065200 5.068138
0.065702 5.070190
0.066204 5.072243
0.066705 5.074299
0.067207 5.076357
0.067708 5.078417
0.068210 5.080478
0.068711 5.082541
0.069213 5.084605
0.069714 5.086670
0.070216 5.088737
0.070717 5.090803
0.071219 5.092871
0.071721 5.094938
0.072222 5.097006
0.072724 5.099074
0.073225 5.101141
0.073727 5.103208
0.074228 5.105275
0.074730 5.107341
0.075231 5.109406
0.075733 5.111469
0.076234 5.113532
0.076736 5.115593
0.077238 5.117652
0.077739 5.119710
0.078241 5.121766
0.078742 5.123820
0.079244 5.125871
0.079745 5.127920
0.080247 5.129967
0.080748 5.132011
0.081250 5.134052
0.081751 5.136090
0.082253 5.138124
0.082754 5.140156
0.083256 5.142184
0.083757 5.144208
0.084259 5.146229
0.084761 5.148246
0.085262 5.150259
0.085764 5.152267
0.086265 5.154272
0.086767 5.156272
0.087268 5.158267
0.087770 5.160258
0.088271 5.162244
0.088773 5.164225
0.089275 5.166201
0.089776 5.168171
0.090278 5.170137
0.090779 5.172097
0.091281 5.174051
0.091782 5.176000
0.092284 5.177943
0.092785 5.179880
0.093287 5.181811
0.093788 5.183736
0.094290 5.185655
0.094792 5.187567
0.095293 5.189473
0.095795 5.191372
0.096296 5.193265
0.096798 5.195151
0.097299 5.197030
0.097801 5.198902
0.098302 5.200767
0.098804 5.202625
0.099305 5.204475
0.099807 5.206319
0.100308 5.208154
0.100810 5.209983
0.101311 5.211803
0.101813 5.213616
0.102315 5.215421
0.102816 5.217218
0.103318 5.219007
0.103819 5.220788
0.104321 5.222561
0.104822 5.224326
0.105324 5.226082
0.105825 5.227830
0.106327 5.229569
0.106829 5.231300
0.107330 5.233022
0.107832 5.234736
0.108333 5.236440
0.108835 5.238136
0.109336 5.239822
0.109838 5.241500
0.110339 5.243169
0.110841 5.244828
0.111342 5.246478
0.111844 5.248118
0.112345 5.249750
0.112847 5.251371
0.113349 5.252983
0.113850 5.254586
0.114352 5.256179
0.114853 5.257762
0.115355 5.259335
0.115856 5.260898
0.116358 5.262452
0.116859 5.263995
0.117361 5.265528
0.117862 5.267051
0.118364 5.268564
0.118865 5.270066
0.119367 5.271558
0.119869 5.273039
0.120370 5.274510
0.120872 5.275971
0.121373 5.277421
0.121875 5.278860
0.122376 5.280288
0.122878 5.281706
0.123379 5.283112
0.123881 5.284508
0.124382 5.285893
0.124884 5.287267
0.125386 5.288629
0.125887 5.289980
0.126389 5.291321
0.126890 5.292649
0.127392 5.293967
0.127893 5.295273
0.128395 5.296567
0.128896 5.297850
0.129398 5.299121
0.129899 5.300381
0.130401 5.301629
0.130903 5.302865
0.131404 5.304090
0.131906 5.305302
0.132407 5.306503
0.132909 5.307691
0.133410 5.308868
0.133912 5.310032
0.134413 5.311184
0.134915 5.312324
0.135416 5.313452
0.135918 5.314567
0.136419 5.315670
0.136921 5.316761
0.137423 5.317839
0.137924 5.318904
0.138426 5.319957
0.138927 5.320997
0.139429 5.322025
0.139930 5.323040
0.140432 5.324041
0.140933 5.325031
0.141435 5.326007
0.141936 5.326970
0.142438 5.327920
0.142939 5.328857
0.143441 5.329781
0.143943 5.330692
0.144444 5.331590
0.144946 5.332474
0.145447 5.333345
0.145949 5.334203
0.146450 5.335047
0.146952 5.335878
0.147453 5.336695
0.147955 5.337499
0.148456 5.338289
0.148958 5.339065
0.149460 5.339828
0.149961 5.340577
0.150463 5.341313
0.150964 5.342034
0.151466 5.342742
0.151967 5.343436
0.152469 5.344115
0.152970 5.344781
0.153472 5.345433
0.153973 5.346071
0.154475 5.346695
0.154976 5.347304
0.155478 5.347900
0.155980 5.348481
0.156481 5.349048
0.156983 5.349600
0.157484 5.350139
0.157986 5.350663
0.158487 5.351172
0.158989 5.351668
0.159490 5.352148
0.159992 5.352615
0.160494 5.353067
0.160995 5.353504
0.161497 5.353927
0.161998 5.354335
0.162500 5.354728
0.163001 5.355107
0.163503 5.355472
0.164004 5.355821
0.164506 5.356156
0.165007 5.356476
0.165509 5.356782
0.166011 5.357072
0.166512 5.357348
0.167014 5.357609
0.167515 5.357855
0.168017 5.358087
0.168518 5.358303
0.169020 5.358505
0.169521 5.358692
0.170023 5.358864
0.170524 5.359021
0.171026 5.359163
0.171527 5.359290
0.172029 5.359402
0.172531 5.359499
0.173032 5.359581
0.173534 5.359649
0.174035 5.359701
0.174537 5.359739
0.175038 5.359761
0.175540 5.359768


0.000000 4.901754
0.000501 4.901813
0.001003 4.901990
0.001505 4.902286
0.002006 4.902701
0.002508 4.903233
0.003009 4.903883
0.003511 4.904651
0.004012 4.905536
0.004514 4.906539
0.005015 4.907657
0.005517 4.908892
0.006019 4.910243
0.006520 4.911709
0.007022 4.913290
0.007523 4.914985
0.008025 4.916793
0.008526 4.918714
0.009028 4.920747
0.009529 4.922891
0.010031 4.925146
0.010532 4.927511
0.011034 4.929984
0.011536 4.932566
0.012037 4.935254
0.012539 4.938049
0.013040 4.940948
0.013542 4.943952
0.014043 4.947058
0.014545 4.950267
0.015046 4.953576
0.015548 4.956985
0.016049 4.960492
0.016551 4.964097
0.017052 4.967797
0.017554 4.971592
0.018055 4.975481
0.018557 4.979462
0.019059 4.983534
0.019560 4.987695
0.020062 4.991945
0.020563 4.996282
0.021065 5.000704
0.021566 5.005210
0.022068 5.009798
0.022569 5.014468
0.023071 5.019218
0.023572 5.024046
0.024074 5.028951
0.024576 5.033932
0.025077 5.038986
0.025579 5.044113
0.026080 5.049311
0.026582 5.054579
0.027083 5.059914
0.027585 5.065316
0.028086 5.070783
0.028588 5.076313
0.029089 5.081906
0.029591 5.087559
0.030093 5.093270
0.030594 5.099040
0.031096 5.104865
0.031597 5.110745
0.032099 5.116677
0.032600 5.122661
0.033102 5.128695
0.033603 5.134778
0.034105 5.140908
0.034606 5.147083
0.035108 5.153302
0.035610 5.159564
0.036111 5.165867
0.036613 5.172209
0.037114 5.178590
0.037616 5.185008
0.038117 5.191461
0.038619 5.197949
0.039120 5.204469
0.039622 5.211020
0.040123 5.217602
0.040625 5.224211
0.041127 5.230849
0.041628 5.237512
0.042130 5.244199
0.042631 5.250910
0.043133 5.257643
0.043634 5.264396
0.044136 5.271169
0.044637 5.277960
0.045139 5.284768
0.045640 5.291592
0.046142 5.298430
0.046643 5.305282
0.047145 5.312145
0.047647 5.319020
0.048148 5.325904
0.048650 5.332797
0.049151 5.339698
0.049653 5.346605
0.050154 5.353517
0.050656 5.360434
0.051157 5.367354
0.051659 5.374276
0.052160 5.381199
0.052662 5.388122
0.053164 5.395044
0.053665 5.401964
0.054167 5.408882
0.054668 5.415795
0.055170 5.422704
0.055671 5.429607
0.056173 5.436504
0.056674 5.443392
0.057176 5.450273
0.057677 5.457144
0.058179 5.464005
0.058680 5.470855
0.059182 5.477693
0.059684 5.484518
0.060185 5.491330
0.060687 5.498127
0.061188 5.504909
0.061690 5.511676
0.062191 5.518426
0.062693 5.525158
0.063194 5.531872
0.063696 5.538568
0.064197 5.545244
0.064699 5.551900
0.065200 5.558535
0.065702 5.565148
0.066204 5.571739
0.066705 5.578307
0.067207 5.584851
0.067708 5.591372
0.068210 5.597867
0.068711 5.604337
0.069213 5.610781
0.069714 5.617198
0.070216 5.623588
0.070717 5.629951
0.071219 5.636285
0.071721 5.642590
0.072222 5.648865
0.072724 5.655111
0.073225 5.661326
0.073727 5.667510
0.074228 5.673662
0.074730 5.679782
0.075231 5.685870
0.075733 5.691924
0.076234 5.697945
0.076736 5.703932
0.077238 5.709884
0.077739 5.715801
0.078241 5.721683
0.078742 5.727528
0.079244 5.733338
0.079745 5.739110
0.080247 5.744845
0.080748 5.750543
0.081250 5.756202
0.081751 5.761822
0.082253 5.767404
0.082754 5.772946
0.083256 5.778448
0.083757 5.783910
0.084259 5.789331
0.084761 5.794711
0.085262 5.800049
0.085764 5.805346
0.086265 5.810600
0.086767 5.815812
0.087268 5.820980
0.087770 5.826105
0.088271 5.831186
0.088773 5.836223
0.089275 5.841215
0.089776 5.846162
0.090278 5.851064
0.090779 5.855920
0.091281 5.860730
0.091782 5.865493
0.092284 5.870210
0.092785 5.874879
0.093287 5.879500
0.093788 5.884074
0.094290 5.888599
0.094792 5.893076
0.095293 5.897503
0.095795 5.901881
0.096296 5.906209
0.096798 5.910488
0.097299 5.914715
0.097801 5.918892
0.098302 5.923018
0.098804 5.927092
0.099305 5.931114
0.099807 5.935084
0.100308 5.939002
0.100810 5.942867
0.101311 5.946678
0.101813 5.950436
0.102315 5.954140
0.102816 5.957790
0.103318 5.961385
0.103819 5.964926
0.104321 5.968412
0.104822 5.971842
0.105324 5.975216
0.105825 5.978534
0.106327 5.981796
0.106829 5.985001
0.107330 5.988150
0.107832 5.991241
0.108333 5.994274
0.108835 5.997250
0.109336 6.000168
0.109838 6.003028
0.110339 6.005829
0.110841 6.008572
0.111342 6.011255
0.111844 6.013879
0.112345 6.016444
0.112847 6.018949
0.113349 6.021394
0.113850 6.023780
0.114352 6.026105
0.114853 6.028370
0.115355 6.030574
0.115856 6.032717
0.116358 6.034800
0.116859 6.036822
0.117361 6.038782
0.117862 6.040682
0.118364 6.042520
0.118865 6.044298
0.119367 6.046013
0.119869 6.047668
0.120370 6.049261
0.120872 6.050793
0.121373 6.052263
0.121875 6.053672
0.122376 6.055020
0.122878 6.056306
0.123379 6.057532
0.123881 6.058696
0.124382 6.059800
0.124884 6.060843
0.125386 6.061825
0.125887 6.062747
0.126389 6.063609
0.126890 6.064411
0.127392 6.065153
0.127893 6.065836
0.128395 6.066460
0.128896 6.067025
0.129398 6.067532
0.129899 6.067981
0.130401 6.068373
0.130903 6.068708
0.131404 6.068986
0.131906 6.069208
0.132407 6.069374
0.132909 6.069486
0.133410 6.069543
0.133912 6.069547
0.134413 6.069497
0.134915 6.069395
0.135416 6.069242
0.135918 6.069037
0.136419 6.068782
0.136921 6.068478
0.137423 6.068126
0.137924 6.067726
0.138426 6.067279
0.138927 6.066786
0.139429 6.066249
0.139930 6.065668
0.140432 6.065044
0.140933 6.064378
0.141435 6.063672
0.141936 6.062926
0.142438 6.062142
0.142939 6.061321
0.143441 6.060464
0.143943 6.059573
0.144444 6.058648
0.144946 6.057691
0.145447 6.056704
0.145949 6.055687
0.146450 6.054643
0.146952 6.053572
0.147453 6.052476
0.147955 6.051357
0.148456 6.050216
0.148958 6.049054
0.149460 6.047874
0.149961 6.046676
0.150463 6.045462
0.150964 6.044235
0.151466 6.042995
0.151967 6.041745
0.152469 6.040485
0.152970 6.039218
0.153472 6.037945
0.153973 6.036669
0.154475 6.035390
0.154976 6.034110
0.155478 6.032832
0.155980 6.031557
0.156481 6.030287
0.156983 6.029023
0.157484 6.027767
0.157986 6.026521
0.158487 6.025287
0.158989 6.024066
0.159490 6.022860
0.159992 6.021671
0.160494 6.020500
0.160995 6.019349
0.161497 6.018220
0.161998 6.017115
0.162500 6.016034
0.163001 6.014979
0.163503 6.013953
0.164004 6.012956
0.164506 6.011990
0.165007 6.011056
0.165509 6.010156
0.166011 6.009291
0.166512 6.008462
0.167014 6.007670
0.167515 6.006917
0.168017 6.006204
0.168518 6.005532
0.169020 6.004902
0.169521 6.004314
0.170023 6.003770
0.170524 6.003271
0.171026 6.002816
0.171527 6.002408
0.172029 6.002047
0.172531 6.001732
0.173032 6.001465
0.173534 6.001246
0.174035 6.001075
0.174537 6.000953
0.175038 6.000880
0.175540 6.000855


0.000000 7.067584
0.000501 7.067554
0.001003 7.067466
0.001505 7.067320
0.002006 7.067115
0.002508 7.066851
0.003009 7.066529
0.003511 7.066148
0.004012 7.065709
0.004514 7.065212
0.005015 7.064658
0.005517 7.064045
0.006019 7.063374
0.006520 7.062646
0.007022 7.061861
0.007523 7.061019
0.008025 7.060120
0.008526 7.059164
0.009028 7.058151
0.009529 7.057083
0.010031 7.055959
0.010532 7.054779
0.011034 7.053544
0.011536 7.052254
0.012037 7.050910
0.012539 7.049511
0.013040 7.048058
0.013542 7.046552
0.014043 7.044993
0.014545 7.043380
0.015046 7.041716
0.015548 7.039999
0.016049 7.038231
0.016551 7.036411
0.017052 7.034540
0.017554 7.032620
0.018055 7.030649
0.018557 7.028628
0.019059 7.026559
0.019560 7.024441
0.020062 7.022274
0.020563 7.020060
0.021065 7.017799
0.021566 7.015490
0.022068 7.013136
0.022569 7.010735
0.023071 7.008289
0.023572 7.005798
0.024074 7.003263
0.024576 7.000683
0.025077 6.998060
0.025579 6.995394
0.026080 6.992686
0.026582 6.989935
0.027083 6.987142
0.027585 6.984309
0.028086 6.981435
0.028588 6.978520
0.029089 6.975566
0.029591 6.972573
0.030093 6.969541
0.030594 6.966471
0.031096 6.963363
0.031597 6.960217
0.032099 6.957035
0.032600 6.953817
0.033102 6.950562
0.033603 6.947272
0.034105 6.943948
0.034606 6.940588
0.035108 6.937195
0.035610 6.933768
0.036111 6.930309
0.036613 6.926816
0.037114 6.923292
0.037616 6.919736
0.038117 6.916148
0.038619 6.912530
0.039120 6.908882
0.039622 6.905204
0.040123 6.901496
0.040625 6.897760
0.041127 6.893995
0.041628 6.890202
0.042130 6.886382
0.042631 6.882534
0.043133 6.878660
0.043634 6.874760
0.044136 6.870834
0.044637 6.866883
0.045139 6.862907
0.045640 6.858907
0.046142 6.854882
0.046643 6.850835
0.047145 6.846764
0.047647 6.842671
0.048148 6.838555
0.048650 6.834419
0.049151 6.830261
0.049653 6.826082
0.050154 6.821883
0.050656 6.817664
0.051157 6.813426
0.051659 6.809169
0.052160 6.804894
0.052662 6.800601
0.053164 6.796290
0.053665 6.791963
0.054167 6.787619
0.054668 6.783259
0.055170 6.778883
0.055671 6.774493
0.056173 6.770088
0.056674 6.765669
0.057176 6.761237
0.057677 6.756792
0.058179 6.752334
0.058680 6.747864
0.059182 6.743383
0.059684 6.738891
0.060185 6.734388
0.060687 6.729876
0.061188 6.725354
0.061690 6.720824
0.062191 6.716285
0.062693 6.711739
0.063194 6.707186
0.063696 6.702626
0.064197 6.698060
0.064699 6.693489
0.065200 6.688914
0.065702 6.684334
0.066204 6.679751
0.066705 6.675164
0.067207 6.670576
0.067708 6.665985
0.068210 6.661394
0.068711 6.656802
0.069213 6.652211
0.069714 6.647621
0.070216 6.643032
0.070717 6.638445
0.071219 6.633862
0.071721 6.629282
0.072222 6.624706
0.072724 6.620136
0.073225 6.615571
0.073727 6.611013
0.074228 6.606462
0.074730 6.601919
0.075231 6.597385
0.075733 6.592861
0.076234 6.588346
0.076736 6.583843
0.077238 6.579352
0.077739 6.574873
0.078241 6.570408
0.078742 6.565958
0.079244 6.561522
0.079745 6.557103
0.080247 6.552700
0.080748 6.548315
0.081250 6.543949
0.081751 6.539602
0.082253 6.535275
0.082754 6.530969
0.083256 6.526686
0.083757 6.522426
0.084259 6.518189
0.084761 6.513977
0.085262 6.509792
0.085764 6.505632
0.086265 6.501501
0.086767 6.497398
0.087268 6.493324
0.087770 6.489281
0.088271 6.485270
0.088773 6.481290
0.089275 6.477344
0.089776 6.473433
0.090278 6.469557
0.090779 6.465717
0.091281 6.461914
0.091782 6.458150
0.092284 6.454425
0.092785 6.450740
0.093287 6.447096
0.093788 6.443494
0.094290 6.439936
0.094792 6.436421
0.095293 6.432952
0.095795 6.429529
0.096296 6.426153
0.096798 6.422824
0.097299 6.419545
0.097801 6.416316
0.098302 6.413137
0.098804 6.410010
0.099305 6.406936
0.099807 6.403915
0.100308 6.400948
0.100810 6.398037
0.101311 6.395182
0.101813 6.392384
0.102315 6.389644
0.102816 6.386963
0.103318 6.384340
0.103819 6.381778
0.104321 6.379277
0.104822 6.376838
0.105324 6.374461
0.105825 6.372147
0.106327 6.369896
0.106829 6.367710
0.107330 6.365589
0.107832 6.363533
0.108333 6.361543
0.108835 6.359619
0.109336 6.357763
0.109838 6.355974
0.110339 6.354252
0.110841 6.352599
0.111342 6.351014
0.111844 6.349498
0.112345 6.348050
0.112847 6.346672
0.113349 6.345363
0.113850 6.344124
0.114352 6.342954
0.114853 6.341854
0.115355 6.340823
0.115856 6.339861
0.116358 6.338970
0.116859 6.338147
0.117361 6.337393
0.117862 6.336709
0.118364 6.336092
0.118865 6.335544
0.119367 6.335064
0.119869 6.334652
0.120370 6.334306
0.120872 6.334027
0.121373 6.333814
0.121875 6.333666
0.122376 6.333583
0.122878 6.333564
0.123379 6.333608
0.123881 6.333714
0.124382 6.333883
0.124884 6.334112
0.125386 6.334401
0.125887 6.334749
0.126389 6.335155
0.126890 6.335619
0.127392 6.336138
0.127893 6.336712
0.128395 6.337340
0.128896 6.338020
0.129398 6.338752
0.129899 6.339534
0.130401 6.340365
0.130903 6.341244
0.131404 6.342169
0.131906 6.343139
0.132407 6.344153
0.132909 6.345210
0.133410 6.346307
0.133912 6.347444
0.134413 6.348619
0.134915 6.349831
0.135416 6.351078
0.135918 6.352358
0.136419 6.353672
0.136921 6.355015
0.137423 6.356389
0.137924 6.357790
0.138426 6.359217
0.138927 6.360669
0.139429 6.362144
0.139930 6.363641
0.140432 6.365159
0.140933 6.366695
0.141435 6.368248
0.141936 6.369817
0.142438 6.371399
0.142939 6.372995
0.143441 6.374602
0.143943 6.376218
0.144444 6.377842
0.144946 6.379473
0.145447 6.381110
0.145949 6.382750
0.146450 6.384392
0.146952 6.386035
0.147453 6.387678
0.147955 6.389319
0.148456 6.390956
0.148958 6.392589
0.149460 6.394216
0.149961 6.395835
0.150463 6.397446
0.150964 6.399047
0.151466 6.400636
0.151967 6.402213
0.152469 6.403777
0.152970 6.405325
0.153472 6.406858
0.153973 6.408373
0.154475 6.409869
0.154976 6.411346
0.155478 6.412803
0.155980 6.414238
0.156481 6.415650
0.156983 6.417038
0.157484 6.418401
0.157986 6.419739
0.158487 6.421050
0.158989 6.422333
0.159490 6.423587
0.159992 6.424813
0.160494 6.426007
0.160995 6.427171
0.161497 6.428303
0.161998 6.429402
0.162500 6.430468
0.163001 6.431499
0.163503 6.432496
0.164004 6.433457
0.164506 6.434382
0.165007 6.435270
0.165509 6.436121
0.166011 6.436934
0.166512 6.437708
0.167014 6.438444
0.167515 6.439140
0.168017 6.439796
0.168518 6.440411
0.169020 6.440986
0.169521 6.441520
0.170023 6.442013
0.170524 6.442463
0.171026 6.442872
0.171527 6.443238
0.172029 6.443562
0.172531 6.443843
0.173032 6.444081
0.173534 6.444276
0.174035 6.444428
0.174537 6.444537
0.175038 6.444602
0.175540 6.444623


0.000000 8.396506
0.000501 8.396533
0.001003 8.396611
0.001505 8.396743
0.002006 8.396926
0.002508 8.397162
0.003009 8.397450
0.003511 8.397790
0.004012 8.398182
0.004514 8.398625
0.005015 8.399120
0.005517 8.399666
0.006019 8.400262
0.006520 8.400909
0.007022 8.401606
0.007523 8.402352
0.008025 8.403147
0.008526 8.403992
0.009028 8.404884
0.009529 8.405824
0.010031 8.406811
0.010532 8.407845
0.011034 8.408926
0.011536 8.410051
0.012037 8.411221
0.012539 8.412436
0.013040 8.413694
0.013542 8.414995
0.014043 8.416339
0.014545 8.417723
0.015046 8.419149
0.015548 8.420614
0.016049 8.422118
0.016551 8.423661
0.017052 8.425242
0.017554 8.426859
0.018055 8.428512
0.018557 8.430200
0.019059 8.431923
0.019560 8.433678
0.020062 8.435467
0.020563 8.437287
0.021065 8.439137
0.021566 8.441018
0.022068 8.442927
0.022569 8.444864
0.023071 8.446828
0.023572 8.448819
0.024074 8.450834
0.024576 8.452874
0.025077 8.454937
0.025579 8.457023
0.026080 8.459130
0.026582 8.461257
0.027083 8.463404
0.027585 8.465570
0.028086 8.467753
0.028588 8.469953
0.029089 8.472169
0.029591 8.474399
0.030093 8.476644
0.030594 8.478901
0.031096 8.481171
0.031597 8.483452
0.032099 8.485743
0.032600 8.488043
0.033102 8.490352
0.033603 8.492669
0.034105 8.494992
0.034606 8.497321
0.035108 8.499656
0.035610 8.501994
0.036111 8.504335
0.036613 8.506679
0.037114 8.509025
0.037616 8.511371
0.038117 8.513718
0.038619 8.516064
0.039120 8.518408
0.039622 8.520750
0.040123 8.523089
0.040625 8.525424
0.041127 8.527754
0.041628 8.530080
0.042130 8.532399
0.042631 8.534712
0.043133 8.537018
0.043634 8.539315
0.044136 8.541604
0.044637 8.543884
0.045139 8.546155
0.045640 8.548414
0.046142 8.550663
0.046643 8.552900
0.047145 8.555126
0.047647 8.557338
0.048148 8.559538
0.048650 8.561723
0.049151 8.563895
0.049653 8.566052
0.050154 8.568194
0.050656 8.570321
0.051157 8.572431
0.051659 8.574526
0.052160 8.576603
0.052662 8.578664
0.053164 8.580707
0.053665 8.582732
0.054167 8.584740
0.054668 8.586728
0.055170 8.588698
0.055671 8.590649
0.056173 8.592581
0.056674 8.594493
0.057176 8.596386
0.057677 8.598258
0.058179 8.600111
0.058680 8.601943
0.059182 8.603754
0.059684 8.605545
0.060185 8.607314
0.060687 8.609063
0.061188 8.610791
0.061690 8.612498
0.062191 8.614183
0.062693 8.615847
0.063194 8.617489
0.063696 8.619110
0.064197 8.620710
0.064699 8.622288
0.065200 8.623844
0.065702 8.625379
0.066204 8.626892
0.066705 8.628384
0.067207 8.629854
0.067708 8.631303
0.068210 8.632731
0.068711 8.634137
0.069213 8.635522
0.069714 8.636886
0.070216 8.638229
0.070717 8.639551
0.071219 8.640852
0.071721 8.642132
0.072222 8.643392
0.072724 8.644632
0.073225 8.645851
0.073727 8.647051
0.074228 8.648230
0.074730 8.649390
0.075231 8.650530
0.075733 8.651651
0.076234 8.652753
0.076736 8.653835
0.077238 8.654899
0.077739 8.655945
0.078241 8.656972
0.078742 8.657981
0.079244 8.658973
0.079745 8.659946
0.080247 8.660903
0.080748 8.661842
0.081250 8.662764
0.081751 8.663670
0.082253 8.664560
0.082754 8.665433
0.083256 8.666290
0.083757 8.667132
0.084259 8.667959
0.084761 8.668770
0.085262 8.669567
0.085764 8.670349
0.086265 8.671117
0.086767 8.671870
0.087268 8.672611
0.087770 8.673337
0.088271 8.674050
0.088773 8.674751
0.089275 8.675439
0.089776 8.676114
0.090278 8.676777
0.090779 8.677429
0.091281 8.678068
0.091782 8.678697
0.092284 8.679314
0.092785 8.679921
0.093287 8.680517
0.093788 8.681102
0.094290 8.681678
0.094792 8.682243
0.095293 8.682799
0.095795 8.683346
0.096296 8.683883
0.096798 8.684412
0.097299 8.684932
0.097801 8.685444
0.098302 8.685947
0.098804 8.686443
0.099305 8.686930
0.099807 8.687411
0.100308 8.687883
0.100810 8.688349
0.101311 8.688808
0.101813 8.689260
0.102315 8.689705
0.102816 8.690144
0.103318 8.690577
0.103819 8.691004
0.104321 8.691425
0.104822 8.691840
0.105324 8.692250
0.105825 8.692655
0.106327 8.693054
0.106829 8.693449
0.107330 8.693838
0.107832 8.694223
0.108333 8.694603
0.108835 8.694979
0.109336 8.695350
0.109838 8.695717
0.110339 8.696080
0.110841 8.696439
0.111342 8.696794
0.111844 8.697145
0.112345 8.697493
0.112847 8.697837
0.113349 8.698177
0.113850 8.698515
0.114352 8.698848
0.114853 8.699179
0.115355 8.699506
0.115856 8.699830
0.116358 8.700152
0.116859 8.700470
0.117361 8.700785
0.117862 8.701098
0.118364 8.701407
0.118865 8.701714
0.119367 8.702018
0.119869 8.702320
0.120370 8.702619
0.120872 8.702915
0.121373 8.703209
0.121875 8.703500
0.122376 8.703788
0.122878 8.704075
0.123379 8.704358
0.123881 8.704639
0.124382 8.704918
0.124884 8.705194
0.125386 8.705468
0.125887 8.705740
0.126389 8.706009
0.126890 8.706275
0.127392 8.706540
0.127893 8.706802
0.128395 8.707061
0.128896 8.707318
0.129398 8.707573
0.129899 8.707825
0.130401 8.708075
0.130903 8.708322
0.131404 8.708567
0.131906 8.708809
0.132407 8.709050
0.132909 8.709287
0.133410 8.709522
0.133912 8.709755
0.134413 8.709985
0.134915 8.710212
0.135416 8.710437
0.135918 8.710660
0.136419 8.710880
0.136921 8.711097
0.137423 8.711311
0.137924 8.711523
0.138426 8.711733
0.138927 8.711940
0.139429 8.712144
0.139930 8.712345
0.140432 8.712544
0.140933 8.712740
0.141435 8.712933
0.141936 8.713123
0.142438 8.713311
0.142939 8.713496
0.143441 8.713678
0.143943 8.713857
0.144444 8.714034
0.144946 8.714208
0.145447 8.714379
0.145949 8.714547
0.146450 8.714712
0.146952 8.714874
0.147453 8.715034
0.147955 8.715190
0.148456 8.715344
0.148958 8.715495
0.149460 8.715642
0.149961 8.715787
0.150463 8.715930
0.150964 8.716069
0.151466 8.716205
0.151967 8.716338
0.152469 8.716469
0.152970 8.716596
0.153472 8.716721
0.153973 8.716843
0.154475 8.716961
0.154976 8.717077
0.155478 8.717190
0.155980 8.717300
0.156481 8.717407
0.156983 8.717511
0.157484 8.717613
0.157986 8.717711
0.158487 8.717807
0.158989 8.717900
0.159490 8.717989
0.159992 8.718076
0.160494 8.718160
0.160995 8.718242
0.161497 8.718320
0.161998 8.718396
0.162500 8.718468
0.163001 8.718538
0.163503 8.718605
0.164004 8.718670
0.164506 8.718731
0.165007 8.718790
0.165509 8.718846
0.166011 8.718899
0.166512 8.718949
0.167014 8.718997
0.167515 8.719041
0.168017 8.719083
0.168518 8.719123
0.169020 8.719159
0.169521 8.719193
0.170023 8.719224
0.170524 8.719253
0.171026 8.719278
0.171527 8.719301
0.172029 8.719322
0.172531 8.719339
0.173032 8.719354
0.173534 8.719366
0.174035 8.719375
0.174537 8.719382
0.175038 8.719386
0.175540 8.719388


0.000000 8.396506
0.000501 8.396511
0.001003 8.396524
0.001505 8.396546
0.002006 8.396578
0.002508 8.396618
0.003009 8.396666
0.003511 8.396724
0.004012 8.396790
0.004514 8.396865
0.005015 8.396949
0.005517 8.397041
0.006019 8.397142
0.006520 8.397251
0.007022 8.397369
0.007523 8.397495
0.008025 8.397629
0.008526 8.397772
0.009028 8.397922
0.009529 8.398081
0.010031 8.398247
0.010532 8.398421
0.011034 8.398603
0.011536 8.398792
0.012037 8.398988
0.012539 8.399192
0.013040 8.399402
0.013542 8.399620
0.014043 8.399845
0.014545 8.400076
0.015046 8.400313
0.015548 8.400557
0.016049 8.400808
0.016551 8.401064
0.017052 8.401326
0.017554 8.401593
0.018055 8.401866
0.018557 8.402145
0.019059 8.402428
0.019560 8.402717
0.020062 8.403010
0.020563 8.403307
0.021065 8.403609
0.021566 8.403915
0.022068 8.404225
0.022569 8.404539
0.023071 8.404856
0.023572 8.405177
0.024074 8.405500
0.024576 8.405826
0.025077 8.406155
0.025579 8.406487
0.026080 8.406820
0.026582 8.407156
0.027083 8.407493
0.027585 8.407831
0.028086 8.408171
0.028588 8.408512
0.029089 8.408854
0.029591 8.409196
0.030093 8.409539
0.030594 8.409881
0.031096 8.410224
0.031597 8.410566
0.032099 8.410908
0.032600 8.411248
0.033102 8.411588
0.033603 8.411926
0.034105 8.412263
0.034606 8.412598
0.035108 8.412931
0.035610 8.413262
0.036111 8.413590
0.036613 8.413916
0.037114 8.414238
0.037616 8.414558
0.038117 8.414874
0.038619 8.415187
0.039120 8.415495
0.039622 8.415800
0.040123 8.416100
0.040625 8.416396
0.041127 8.416687
0.041628 8.416974
0.042130 8.417255
0.042631 8.417531
0.043133 8.417801
0.043634 8.418066
0.044136 8.418324
0.044637 8.418577
0.045139 8.418823
0.045640 8.419063
0.046142 8.419296
0.046643 8.419522
0.047145 8.419741
0.047647 8.419953
0.048148 8.420157
0.048650 8.420354
0.049151 8.420543
0.049653 8.420724
0.050154 8.420897
0.050656 8.421062
0.051157 8.421219
0.051659 8.421367
0.052160 8.421506
0.052662 8.421636
0.053164 8.421757
0.053665 8.421870
0.054167 8.421973
0.054668 8.422066
0.055170 8.422150
0.055671 8.422225
0.056173 8.422290
0.056674 8.422345
0.057176 8.422390
0.057677 8.422425
0.058179 8.422450
0.058680 8.422464
0.059182 8.422469
0.059684 8.422463
0.060185 8.422446
0.060687 8.422419
0.061188 8.422381
0.061690 8.422332
0.062191 8.422273
0.062693 8.422203
0.063194 8.422122
0.063696 8.422030
0.064197 8.421926
0.064699 8.421812
0.065200 8.421687
0.065702 8.421551
0.066204 8.421403
0.066705 8.421244
0.067207 8.421074
0.067708 8.420893
0.068210 8.420701
0.068711 8.420497
0.069213 8.420282
0.069714 8.420055
0.070216 8.419818
0.070717 8.419569
0.071219 8.419308
0.071721 8.419037
0.072222 8.418754
0.072724 8.418460
0.073225 8.418154
0.073727 8.417837
0.074228 8.417510
0.074730 8.417171
0.075231 8.416820
0.075733 8.416459
0.076234 8.416086
0.076736 8.415703
0.077238 8.415308
0.077739 8.414903
0.078241 8.414487
0.078742 8.414059
0.079244 8.413621
0.079745 8.413172
0.080247 8.412713
0.080748 8.412243
0.081250 8.411762
0.081751 8.411271
0.082253 8.410769
0.082754 8.410257
0.083256 8.409735
0.083757 8.409202
0.084259 8.408660
0.084761 8.408107
0.085262 8.407545
0.085764 8.406972
0.086265 8.406390
0.086767 8.405798
0.087268 8.405196
0.087770 8.404585
0.088271 8.403964
0.088773 8.403335
0.089275 8.402696
0.089776 8.402047
0.090278 8.401390
0.090779 8.400724
0.091281 8.400049
0.091782 8.399365
0.092284 8.398673
0.092785 8.397972
0.093287 8.397263
0.093788 8.396546
0.094290 8.395821
0.094792 8.395087
0.095293 8.394346
0.095795 8.393597
0.096296 8.392840
0.096798 8.392076
0.097299 8.391304
0.097801 8.390525
0.098302 8.389739
0.098804 8.388946
0.099305 8.388146
0.099807 8.387339
0.100308 8.386525
0.100810 8.385705
0.101311 8.384879
0.101813 8.384046
0.102315 8.383208
0.102816 8.382363
0.103318 8.381513
0.103819 8.380657
0.104321 8.379795
0.104822 8.378928
0.105324 8.378056
0.105825 8.377178
0.106327 8.376296
0.106829 8.375409
0.107330 8.374517
0.107832 8.373620
0.108333 8.372720
0.108835 8.371815
0.109336 8.370906
0.109838 8.369993
0.110339 8.369076
0.110841 8.368156
0.111342 8.367232
0.111844 8.366305
0.112345 8.365374
0.112847 8.364441
0.113349 8.363505
0.113850 8.362566
0.114352 8.361625
0.114853 8.360681
0.115355 8.359735
0.115856 8.358788
0.116358 8.357838
0.116859 8.356886
0.117361 8.355933
0.117862 8.354979
0.118364 8.354024
0.118865 8.353067
0.119367 8.352110
0.119869 8.351151
0.120370 8.350193
0.120872 8.349234
0.121373 8.348275
0.121875 8.347315
0.122376 8.346356
0.122878 8.345398
0.123379 8.344440
0.123881 8.343482
0.124382 8.342525
0.124884 8.341570
0.125386 8.340616
0.125887 8.339663
0.126389 8.338711
0.126890 8.337761
0.127392 8.336814
0.127893 8.335868
0.128395 8.334925
0.128896 8.333984
0.129398 8.333046
0.129899 8.332111
0.130401 8.331178
0.130903 8.330249
0.131404 8.329323
0.131906 8.328401
0.132407 8.327483
0.132909 8.326569
0.133410 8.325658
0.133912 8.324752
0.134413 8.323851
0.134915 8.322954
0.135416 8.322062
0.135918 8.321175
0.136419 8.320293
0.136921 8.319417
0.137423 8.318546
0.137924 8.317681
0.138426 8.316822
0.138927 8.315969
0.139429 8.315123
0.139930 8.314283
0.140432 8.313450
0.140933 8.312623
0.141435 8.311804
0.141936 8.310992
0.142438 8.310187
0.142939 8.309390
0.143441 8.308601
0.143943 8.307819
0.144444 8.307046
0.144946 8.306281
0.145447 8.305524
0.145949 8.304776
0.146450 8.304037
0.146952 8.303307
0.147453 8.302586
0.147955 8.301875
0.148456 8.301173
0.148958 8.300480
0.149460 8.299798
0.149961 8.299125
0.150463 8.298462
0.150964 8.297810
0.151466 8.297168
0.151967 8.296537
0.152469 8.295917
0.152970 8.295307
0.153472 8.294709
0.153973 8.294122
0.154475 8.293546
0.154976 8.292981
0.155478 8.292428
0.155980 8.291887
0.156481 8.291358
0.156983 8.290841
0.157484 8.290336
0.157986 8.289844
0.158487 8.289363
0.158989 8.288896
0.159490 8.288440
0.159992 8.287998
0.160494 8.287569
0.160995 8.287152
0.161497 8.286749
0.161998 8.286359
0.162500 8.285982
0.163001 8.285618
0.163503 8.285268
0.164004 8.284932
0.164506 8.284609
0.165007 8.284300
0.165509 8.284005
0.166011 8.283724
0.166512 8.283456
0.167014 8.283203
0.167515 8.282964
0.168017 8.282739
0.168518 8.282528
0.169020 8.282332
0.169521 8.282150
0.170023 8.281982
0.170524 8.281829
0.171026 8.281690
0.171527 8.281566
0.172029 8.281456
0.172531 8.281361
0.173032 8.281280
0.173534 8.281214
0.174035 8.281163
0.174537 8.281126
0.175038 8.281104
0.175540 8.281097


0.000000 10.383788
0.000501 10.383757
0.001003 10.383665
0.001505 10.383510
0.002006 10.383294
0.002508 10.383017
0.003009 10.382677
0.003511 10.382276
0.004012 10.381814
0.004514 10.381290
0.005015 10.380705
0.005517 10.380058
0.006019 10.379349
0.006520 10.378580
0.007022 10.377749
0.007523 10.376857
0.008025 10.375903
0.008526 10.374889
0.009028 10.373814
0.009529 10.372678
0.010031 10.371482
0.010532 10.370224
0.011034 10.368906
0.011536 10.367528
0.012037 10.366090
0.012539 10.364591
0.013040 10.363032
0.013542 10.361414
0.014043 10.359735
0.014545 10.357998
0.015046 10.356200
0.015548 10.354343
0.016049 10.352428
0.016551 10.350453
0.017052 10.348419
0.017554 10.346327
0.018055 10.344176
0.018557 10.341967
0.019059 10.339700
0.019560 10.337375
0.020062 10.334992
0.020563 10.332552
0.021065 10.330055
0.021566 10.327500
0.022068 10.324889
0.022569 10.322220
0.023071 10.319496
0.023572 10.316715
0.024074 10.313878
0.024576 10.310985
0.025077 10.308037
0.025579 10.305034
0.026080 10.301975
0.026582 10.298862
0.027083 10.295694
0.027585 10.292472
0.028086 10.289196
0.028588 10.285866
0.029089 10.282482
0.029591 10.279045
0.030093 10.275555
0.030594 10.272013
0.031096 10.268418
0.031597 10.264770
0.032099 10.261071
0.032600 10.257320
0.033102 10.253518
0.033603 10.249665
0.034105 10.245761
0.034606 10.241807
0.035108 10.237802
0.035610 10.233748
0.036111 10.229644
0.036613 10.225490
0.037114 10.221288
0.037616 10.217037
0.038117 10.212738
0.038619 10.208390
0.039120 10.203995
0.039622 10.199553
0.040123 10.195063
0.040625 10.190527
0.041127 10.185944
0.041628 10.181315
0.042130 10.176640
0.042631 10.171920
0.043133 10.167154
0.043634 10.162344
0.044136 10.157489
0.044637 10.152590
0.045139 10.147647
0.045640 10.142661
0.046142 10.137631
0.046643 10.132559
0.047145 10.127444
0.047647 10.122287
0.048148 10.117088
0.048650 10.111847
0.049151 10.106566
0.049653 10.101244
0.050154 10.095881
0.050656 10.090478
0.051157 10.085036
0.051659 10.079554
0.052160 10.074033
0.052662 10.068474
0.053164 10.062876
0.053665 10.057241
0.054167 10.051567
0.054668 10.045857
0.055170 10.040109
0.055671 10.034326
0.056173 10.028506
0.056674 10.022650
0.057176 10.016759
0.057677 10.010833
0.058179 10.004872
0.058680 9.998877
0.059182 9.992848
0.059684 9.986786
0.060185 9.980690
0.060687 9.974562
0.061188 9.968401
0.061690 9.962209
0.062191 9.955984
0.062693 9.949729
0.063194 9.943443
0.063696 9.937126
0.064197 9.930779
0.064699 9.924403
0.065200 9.917998
0.065702 9.911563
0.066204 9.905101
0.066705 9.898610
0.067207 9.892092
0.067708 9.885546
0.068210 9.878974
0.068711 9.872375
0.069213 9.865751
0.069714 9.859101
0.070216 9.852426
0.070717 9.845726
0.071219 9.839002
0.071721 9.832254
0.072222 9.825483
0.072724 9.818689
0.073225 9.811873
0.073727 9.805034
0.074228 9.798175
0.074730 9.791294
0.075231 9.784392
0.075733 9.777470
0.076234 9.770529
0.076736 9.763568
0.077238 9.756589
0.077739 9.749591
0.078241 9.742575
0.078742 9.735543
0.079244 9.728493
0.079745 9.721427
0.080247 9.714346
0.080748 9.707249
0.081250 9.700137
0.081751 9.693011
0.082253 9.685871
0.082754 9.678718
0.083256 9.671553
0.083757 9.664375
0.084259 9.657185
0.084761 9.649985
0.085262 9.642774
0.085764 9.635553
0.086265 9.628322
0.086767 9.621083
0.087268 9.613835
0.087770 9.606580
0.088271 9.599317
0.088773 9.592048
0.089275 9.584773
0.089776 9.577493
0.090278 9.570208
0.090779 9.562919
0.091281 9.555626
0.091782 9.548330
0.092284 9.541032
0.092785 9.533732
0.093287 9.526431
0.093788 9.519130
0.094290 9.511829
0.094792 9.504529
0.095293 9.497230
0.095795 9.489933
0.096296 9.482639
0.096798 9.475349
0.097299 9.468063
0.097801 9.460782
0.098302 9.453506
0.098804 9.446237
0.099305 9.438974
0.099807 9.431719
0.100308 9.424472
0.100810 9.417234
0.101311 9.410006
0.101813 9.402789
0.102315 9.395582
0.102816 9.388388
0.103318 9.381205
0.103819 9.374037
0.104321 9.366882
0.104822 9.359742
0.105324 9.352617
0.105825 9.345509
0.106327 9.338417
0.106829 9.331344
0.107330 9.324288
0.107832 9.317252
0.108333 9.310236
0.108835 9.303241
0.109336 9.296267
0.109838 9.289315
0.110339 9.282387
0.110841 9.275482
0.111342 9.268601
0.111844 9.261746
0.112345 9.254916
0.112847 9.248114
0.113349 9.241339
0.113850 9.234592
0.114352 9.227874
0.114853 9.221186
0.115355 9.214528
0.115856 9.207902
0.116358 9.201308
0.116859 9.194746
0.117361 9.188218
0.117862 9.181724
0.118364 9.175265
0.118865 9.168842
0.119367 9.162455
0.119869 9.156105
0.120370 9.149793
0.120872 9.143519
0.121373 9.137285
0.121875 9.131091
0.122376 9.124937
0.122878 9.118825
0.123379 9.112754
0.123881 9.106727
0.124382 9.100742
0.124884 9.094802
0.125386 9.088906
0.125887 9.083055
0.126389 9.077251
0.126890 9.071492
0.127392 9.065781
0.127893 9.060118
0.128395 9.054503
0.128896 9.048937
0.129398 9.043420
0.129899 9.037953
0.130401 9.032537
0.130903 9.027172
0.131404 9.021859
0.131906 9.016598
0.132407 9.011389
0.132909 9.006233
0.133410 9.001131
0.133912 8.996084
0.134413 8.991090
0.134915 8.986152
0.135416 8.981269
0.135918 8.976442
0.136419 8.971671
0.136921 8.966956
0.137423 8.962299
0.137924 8.957699
0.138426 8.953157
0.138927 8.948672
0.139429 8.944246
0.139930 8.939878
0.140432 8.935570
0.140933 8.931321
0.141435 8.927131
0.141936 8.923000
0.142438 8.918930
0.142939 8.914920
0.143441 8.910970
0.143943 8.907081
0.144444 8.903253
0.144946 8.899486
0.145447 8.895780
0.145949 8.892135
0.146450 8.888551
0.146952 8.885029
0.147453 8.881569
0.147955 8.878170
0.148456 8.874834
0.148958 8.871559
0.149460 8.868346
0.149961 8.865195
0.150463 8.862107
0.150964 8.859080
0.151466 8.856116
0.151967 8.853214
0.152469 8.850374
0.152970 8.847597
0.153472 8.844882
0.153973 8.842229
0.154475 8.839638
0.154976 8.837109
0.155478 8.834643
0.155980 8.832238
0.156481 8.829896
0.156983 8.827616
0.157484 8.825398
0.157986 8.823242
0.158487 8.821147
0.158989 8.819115
0.159490 8.817144
0.159992 8.815235
0.160494 8.813387
0.160995 8.811602
0.161497 8.809877
0.161998 8.808214
0.162500 8.806613
0.163001 8.805072
0.163503 8.803593
0.164004 8.802175
0.164506 8.800818
0.165007 8.799521
0.165509 8.798286
0.166011 8.797111
0.166512 8.795998
0.167014 8.794944
0.167515 8.793952
0.168017 8.793020
0.168518 8.792148
0.169020 8.791337
0.169521 8.790586
0.170023 8.789895
0.170524 8.789265
0.171026 8.788695
0.171527 8.788185
0.172029 8.787735
0.172531 8.787345
0.173032 8.787015
0.173534 8.786745
0.174035 8.786535
0.174537 8.786385
0.175038 8.786295
0.175540 8.786265



