# distance  frequency (bands are separated by blank lines)
# End points of segments: 
#   0.00000000 0.08286560 
0.000000  2.281423 
0.000829  2.281234 
0.001657  2.280668 
0.002486  2.279723 
0.003315  2.278397 
0.004143  2.276689 
0.004972  2.274596 
0.005801  2.272115 
0.006629  2.269242 
0.007458  2.265975 
0.008287  2.262310 
0.009115  2.258245 
0.009944  2.253779 
0.010773  2.248909 
0.011601  2.243636 
0.012430  2.237964 
0.013258  2.231895 
0.014087  2.225437 
0.014916  2.218599 
0.015745  2.211394 
0.016573  2.203839 
0.017402  2.195953 
0.018230  2.187761 
0.019059  2.179291 
0.019888  2.170577 
0.020716  2.161655 
0.021545  2.152569 
0.022374  2.143365 
0.023202  2.134092 
0.024031  2.124805 
0.024860  2.115563 
0.025688  2.106425 
0.026517  2.097456 
0.027346  2.088720 
0.028174  2.080285 
0.029003  2.072216 
0.029832  2.064581 
0.030660  2.057445 
0.031489  2.050874 
0.032318  2.044927 
0.033146  2.039664 
0.033975  2.035139 
0.034804  2.031400 
0.035632  2.028493 
0.036461  2.026454 
0.037290  2.025314 
0.038118  2.025096 
0.038947  2.025818 
0.039775  2.027488 
0.040604  2.030104 
0.041433  2.033660 
0.042262  2.038140 
0.043090  2.043518 
0.043919  2.049764 
0.044748  2.056838 
0.045576  2.064693 
0.046405  2.073278 
0.047233  2.082532 
0.048062  2.092391 
0.048891  2.102786 
0.049719  2.113644 
0.050548  2.124888 
0.051377  2.136439 
0.052205  2.148214 
0.053034  2.160133 
0.053863  2.172112 
0.054691  2.184070 
0.055520  2.195927 
0.056349  2.207606 
0.057177  2.219034 
0.058006  2.230144 
0.058835  2.240874 
0.059663  2.251169 
0.060492  2.260983 
0.061321  2.270279 
0.062149  2.279027 
0.062978  2.287210 
0.063807  2.294817 
0.064635  2.301847 
0.065464  2.308307 
0.066293  2.314212 
0.067121  2.319580 
0.067950  2.324436 
0.068779  2.328807 
0.069607  2.332725 
0.070436  2.336220 
0.071264  2.339323 
0.072093  2.342067 
0.072922  2.344481 
0.073750  2.346594 
0.074579  2.348432 
0.075408  2.350021 
0.076236  2.351383 
0.077065  2.352537 
0.077894  2.353503 
0.078722  2.354294 
0.079551  2.354924 
0.080380  2.355403 
0.081208  2.355739 
0.082037  2.355939 
0.082866  2.356005 


0.000000  2.284251 
0.000829  2.284063 
0.001657  2.283498 
0.002486  2.282556 
0.003315  2.281234 
0.004143  2.279531 
0.004972  2.277444 
0.005801  2.274970 
0.006629  2.272106 
0.007458  2.268848 
0.008287  2.265194 
0.009115  2.261140 
0.009944  2.256685 
0.010773  2.251827 
0.011601  2.246568 
0.012430  2.240909 
0.013258  2.234855 
0.014087  2.228412 
0.014916  2.221589 
0.015745  2.214399 
0.016573  2.206859 
0.017402  2.198988 
0.018230  2.190810 
0.019059  2.182355 
0.019888  2.173655 
0.020716  2.164747 
0.021545  2.155674 
0.022374  2.146482 
0.023202  2.137220 
0.024031  2.127944 
0.024860  2.118711 
0.025688  2.109582 
0.026517  2.100619 
0.027346  2.091888 
0.028174  2.083456 
0.029003  2.075388 
0.029832  2.067753 
0.030660  2.060614 
0.031489  2.054038 
0.032318  2.048083 
0.033146  2.042810 
0.033975  2.038272 
0.034804  2.034518 
0.035632  2.031591 
0.036461  2.029530 
0.037290  2.028365 
0.038118  2.028119 
0.038947  2.028809 
0.039775  2.030443 
0.040604  2.033021 
0.041433  2.036535 
0.042262  2.040969 
0.043090  2.046299 
0.043919  2.052493 
0.044748  2.059512 
0.045576  2.067309 
0.046405  2.075832 
0.047233  2.085021 
0.048062  2.094814 
0.048891  2.105139 
0.049719  2.115924 
0.050548  2.127093 
0.051377  2.138566 
0.052205  2.150262 
0.053034  2.162098 
0.053863  2.173994 
0.054691  2.185866 
0.055520  2.197636 
0.056349  2.209227 
0.057177  2.220567 
0.058006  2.231589 
0.058835  2.242231 
0.059663  2.252439 
0.060492  2.262168 
0.061321  2.271382 
0.062149  2.280051 
0.062978  2.288159 
0.063807  2.295696 
0.064635  2.302662 
0.065464  2.309064 
0.066293  2.314915 
0.067121  2.320237 
0.067950  2.325054 
0.068779  2.329392 
0.069607  2.333283 
0.070436  2.336756 
0.071264  2.339842 
0.072093  2.342573 
0.072922  2.344978 
0.073750  2.347085 
0.074579  2.348919 
0.075408  2.350506 
0.076236  2.351866 
0.077065  2.353021 
0.077894  2.353987 
0.078722  2.354778 
0.079551  2.355409 
0.080380  2.355889 
0.081208  2.356226 
0.082037  2.356426 
0.082866  2.356493 


0.000000  2.678105 
0.000829  2.677965 
0.001657  2.677545 
0.002486  2.676849 
0.003315  2.675881 
0.004143  2.674649 
0.004972  2.673161 
0.005801  2.671429 
0.006629  2.669463 
0.007458  2.667279 
0.008287  2.664892 
0.009115  2.662320 
0.009944  2.659581 
0.010773  2.656696 
0.011601  2.653683 
0.012430  2.650566 
0.013258  2.647366 
0.014087  2.644105 
0.014916  2.640805 
0.015745  2.637488 
0.016573  2.634175 
0.017402  2.630886 
0.018230  2.627641 
0.019059  2.624456 
0.019888  2.621350 
0.020716  2.618336 
0.021545  2.615428 
0.022374  2.612637 
0.023202  2.609974 
0.024031  2.607445 
0.024860  2.605059 
0.025688  2.602819 
0.026517  2.600728 
0.027346  2.598790 
0.028174  2.597005 
0.029003  2.595373 
0.029832  2.593893 
0.030660  2.592562 
0.031489  2.591378 
0.032318  2.590338 
0.033146  2.589438 
0.033975  2.588675 
0.034804  2.588044 
0.035632  2.587542 
0.036461  2.587163 
0.037290  2.586905 
0.038118  2.586763 
0.038947  2.586734 
0.039775  2.586817 
0.040604  2.587007 
0.041433  2.587305 
0.042262  2.587709 
0.043090  2.588221 
0.043919  2.588840 
0.044748  2.589571 
0.045576  2.590416 
0.046405  2.591381 
0.047233  2.592473 
0.048062  2.593700 
0.048891  2.595071 
0.049719  2.596596 
0.050548  2.598290 
0.051377  2.600164 
0.052205  2.602234 
0.053034  2.604515 
0.053863  2.607024 
0.054691  2.609776 
0.055520  2.612786 
0.056349  2.616071 
0.057177  2.619640 
0.058006  2.623505 
0.058835  2.627670 
0.059663  2.632139 
0.060492  2.636906 
0.061321  2.641962 
0.062149  2.647291 
0.062978  2.652872 
0.063807  2.658676 
0.064635  2.664669 
0.065464  2.670812 
0.066293  2.677062 
0.067121  2.683374 
0.067950  2.689699 
0.068779  2.695988 
0.069607  2.702193 
0.070436  2.708265 
0.071264  2.714160 
0.072093  2.719834 
0.072922  2.725245 
0.073750  2.730356 
0.074579  2.735133 
0.075408  2.739545 
0.076236  2.743563 
0.077065  2.747164 
0.077894  2.750326 
0.078722  2.753031 
0.079551  2.755264 
0.080380  2.757014 
0.081208  2.758270 
0.082037  2.759026 
0.082866  2.759279 


0.000000  2.678739 
0.000829  2.678599 
0.001657  2.678180 
0.002486  2.677484 
0.003315  2.676517 
0.004143  2.675286 
0.004972  2.673800 
0.005801  2.672068 
0.006629  2.670104 
0.007458  2.667922 
0.008287  2.665537 
0.009115  2.662967 
0.009944  2.660230 
0.010773  2.657346 
0.011601  2.654336 
0.012430  2.651221 
0.013258  2.648023 
0.014087  2.644764 
0.014916  2.641466 
0.015745  2.638150 
0.016573  2.634839 
0.017402  2.631551 
0.018230  2.628306 
0.019059  2.625122 
0.019888  2.622015 
0.020716  2.619000 
0.021545  2.616091 
0.022374  2.613299 
0.023202  2.610633 
0.024031  2.608102 
0.024860  2.605713 
0.025688  2.603469 
0.026517  2.601375 
0.027346  2.599433 
0.028174  2.597643 
0.029003  2.596006 
0.029832  2.594521 
0.030660  2.593185 
0.031489  2.591996 
0.032318  2.590951 
0.033146  2.590046 
0.033975  2.589278 
0.034804  2.588643 
0.035632  2.588136 
0.036461  2.587753 
0.037290  2.587492 
0.038118  2.587347 
0.038947  2.587317 
0.039775  2.587398 
0.040604  2.587588 
0.041433  2.587887 
0.042262  2.588293 
0.043090  2.588808 
0.043919  2.589432 
0.044748  2.590169 
0.045576  2.591023 
0.046405  2.591999 
0.047233  2.593103 
0.048062  2.594344 
0.048891  2.595731 
0.049719  2.597276 
0.050548  2.598991 
0.051377  2.600890 
0.052205  2.602987 
0.053034  2.605299 
0.053863  2.607840 
0.054691  2.610628 
0.055520  2.613677 
0.056349  2.617002 
0.057177  2.620615 
0.058006  2.624525 
0.058835  2.628737 
0.059663  2.633253 
0.060492  2.638068 
0.061321  2.643172 
0.062149  2.648549 
0.062978  2.654176 
0.063807  2.660025 
0.064635  2.666060 
0.065464  2.672243 
0.066293  2.678531 
0.067121  2.684876 
0.067950  2.691232 
0.068779  2.697549 
0.069607  2.703779 
0.070436  2.709873 
0.071264  2.715788 
0.072093  2.721478 
0.072922  2.726903 
0.073750  2.732027 
0.074579  2.736814 
0.075408  2.741234 
0.076236  2.745260 
0.077065  2.748866 
0.077894  2.752033 
0.078722  2.754742 
0.079551  2.756979 
0.080380  2.758730 
0.081208  2.759988 
0.082037  2.760745 
0.082866  2.760998 


0.000000  3.612954 
0.000829  3.612779 
0.001657  3.612255 
0.002486  3.611383 
0.003315  3.610164 
0.004143  3.608600 
0.004972  3.606695 
0.005801  3.604451 
0.006629  3.601874 
0.007458  3.598968 
0.008287  3.595740 
0.009115  3.592197 
0.009944  3.588346 
0.010773  3.584197 
0.011601  3.579759 
0.012430  3.575045 
0.013258  3.570065 
0.014087  3.564833 
0.014916  3.559364 
0.015745  3.553672 
0.016573  3.547772 
0.017402  3.541681 
0.018230  3.535415 
0.019059  3.528993 
0.019888  3.522432 
0.020716  3.515750 
0.021545  3.508965 
0.022374  3.502094 
0.023202  3.495157 
0.024031  3.488170 
0.024860  3.481152 
0.025688  3.474120 
0.026517  3.467090 
0.027346  3.460079 
0.028174  3.453102 
0.029003  3.446176 
0.029832  3.439315 
0.030660  3.432532 
0.031489  3.425843 
0.032318  3.419260 
0.033146  3.412795 
0.033975  3.406460 
0.034804  3.400267 
0.035632  3.394227 
0.036461  3.388348 
0.037290  3.382642 
0.038118  3.377117 
0.038947  3.371780 
0.039775  3.366641 
0.040604  3.361704 
0.041433  3.356978 
0.042262  3.352468 
0.043090  3.348178 
0.043919  3.344113 
0.044748  3.340277 
0.045576  3.336673 
0.046405  3.333302 
0.047233  3.330167 
0.048062  3.327268 
0.048891  3.324605 
0.049719  3.322176 
0.050548  3.319980 
0.051377  3.318015 
0.052205  3.316276 
0.053034  3.314760 
0.053863  3.313460 
0.054691  3.312372 
0.055520  3.311489 
0.056349  3.310803 
0.057177  3.310306 
0.058006  3.309989 
0.058835  3.309843 
0.059663  3.309859 
0.060492  3.310026 
0.061321  3.310333 
0.062149  3.310768 
0.062978  3.311322 
0.063807  3.311981 
0.064635  3.312733 
0.065464  3.313567 
0.066293  3.314470 
0.067121  3.315429 
0.067950  3.316432 
0.068779  3.317467 
0.069607  3.318522 
0.070436  3.319583 
0.071264  3.320641 
0.072093  3.321682 
0.072922  3.322696 
0.073750  3.323672 
0.074579  3.324601 
0.075408  3.325472 
0.076236  3.326276 
0.077065  3.327006 
0.077894  3.327654 
0.078722  3.328214 
0.079551  3.328680 
0.080380  3.329047 
0.081208  3.329312 
0.082037  3.329472 
0.082866  3.329526 


0.000000  3.613034 
0.000829  3.612860 
0.001657  3.612337 
0.002486  3.611468 
0.003315  3.610253 
0.004143  3.608694 
0.004972  3.606794 
0.005801  3.604556 
0.006629  3.601986 
0.007458  3.599088 
0.008287  3.595867 
0.009115  3.592332 
0.009944  3.588490 
0.010773  3.584349 
0.011601  3.579921 
0.012430  3.575215 
0.013258  3.570245 
0.014087  3.565022 
0.014916  3.559561 
0.015745  3.553877 
0.016573  3.547985 
0.017402  3.541902 
0.018230  3.535644 
0.019059  3.529229 
0.019888  3.522674 
0.020716  3.515997 
0.021545  3.509216 
0.022374  3.502349 
0.023202  3.495415 
0.024031  3.488431 
0.024860  3.481414 
0.025688  3.474382 
0.026517  3.467351 
0.027346  3.460339 
0.028174  3.453360 
0.029003  3.446430 
0.029832  3.439565 
0.030660  3.432778 
0.031489  3.426083 
0.032318  3.419494 
0.033146  3.413023 
0.033975  3.406681 
0.034804  3.400481 
0.035632  3.394433 
0.036461  3.388547 
0.037290  3.382834 
0.038118  3.377302 
0.038947  3.371960 
0.039775  3.366816 
0.040604  3.361877 
0.041433  3.357149 
0.042262  3.352639 
0.043090  3.348351 
0.043919  3.344290 
0.044748  3.340460 
0.045576  3.336864 
0.046405  3.333502 
0.047233  3.330378 
0.048062  3.327490 
0.048891  3.324840 
0.049719  3.322424 
0.050548  3.320242 
0.051377  3.318291 
0.052205  3.316566 
0.053034  3.315063 
0.053863  3.313778 
0.054691  3.312704 
0.055520  3.311834 
0.056349  3.311161 
0.057177  3.310677 
0.058006  3.310372 
0.058835  3.310239 
0.059663  3.310266 
0.060492  3.310444 
0.061321  3.310762 
0.062149  3.311208 
0.062978  3.311771 
0.063807  3.312439 
0.064635  3.313200 
0.065464  3.314042 
0.066293  3.314953 
0.067121  3.315920 
0.067950  3.316930 
0.068779  3.317971 
0.069607  3.319032 
0.070436  3.320099 
0.071264  3.321162 
0.072093  3.322208 
0.072922  3.323227 
0.073750  3.324207 
0.074579  3.325139 
0.075408  3.326014 
0.076236  3.326821 
0.077065  3.327554 
0.077894  3.328205 
0.078722  3.328767 
0.079551  3.329234 
0.080380  3.329603 
0.081208  3.329868 
0.082037  3.330029 
0.082866  3.330083 


0.000000  3.903234 
0.000829  3.903143 
0.001657  3.902870 
0.002486  3.902418 
0.003315  3.901790 
0.004143  3.900992 
0.004972  3.900029 
0.005801  3.898909 
0.006629  3.897640 
0.007458  3.896231 
0.008287  3.894693 
0.009115  3.893035 
0.009944  3.891267 
0.010773  3.889401 
0.011601  3.887447 
0.012430  3.885415 
0.013258  3.883316 
0.014087  3.881159 
0.014916  3.878954 
0.015745  3.876709 
0.016573  3.874433 
0.017402  3.872134 
0.018230  3.869817 
0.019059  3.867490 
0.019888  3.865157 
0.020716  3.862826 
0.021545  3.860499 
0.022374  3.858181 
0.023202  3.855877 
0.024031  3.853588 
0.024860  3.851319 
0.025688  3.849071 
0.026517  3.846847 
0.027346  3.844650 
0.028174  3.842481 
0.029003  3.840341 
0.029832  3.838233 
0.030660  3.836157 
0.031489  3.834116 
0.032318  3.832110 
0.033146  3.830141 
0.033975  3.828209 
0.034804  3.826315 
0.035632  3.824461 
0.036461  3.822648 
0.037290  3.820876 
0.038118  3.819146 
0.038947  3.817458 
0.039775  3.815814 
0.040604  3.814214 
0.041433  3.812659 
0.042262  3.811149 
0.043090  3.809684 
0.043919  3.808265 
0.044748  3.806891 
0.045576  3.805564 
0.046405  3.804284 
0.047233  3.803049 
0.048062  3.801860 
0.048891  3.800717 
0.049719  3.799620 
0.050548  3.798568 
0.051377  3.797561 
0.052205  3.796598 
0.053034  3.795678 
0.053863  3.794801 
0.054691  3.793966 
0.055520  3.793173 
0.056349  3.792419 
0.057177  3.791705 
0.058006  3.791028 
0.058835  3.790389 
0.059663  3.789785 
0.060492  3.789216 
0.061321  3.788681 
0.062149  3.788177 
0.062978  3.787705 
0.063807  3.787262 
0.064635  3.786847 
0.065464  3.786459 
0.066293  3.786098 
0.067121  3.785761 
0.067950  3.785447 
0.068779  3.785157 
0.069607  3.784887 
0.070436  3.784639 
0.071264  3.784409 
0.072093  3.784199 
0.072922  3.784007 
0.073750  3.783833 
0.074579  3.783675 
0.075408  3.783534 
0.076236  3.783409 
0.077065  3.783299 
0.077894  3.783205 
0.078722  3.783125 
0.079551  3.783060 
0.080380  3.783010 
0.081208  3.782974 
0.082037  3.782953 
0.082866  3.782946 


0.000000  3.903850 
0.000829  3.903758 
0.001657  3.903485 
0.002486  3.903031 
0.003315  3.902401 
0.004143  3.901600 
0.004972  3.900634 
0.005801  3.899509 
0.006629  3.898236 
0.007458  3.896822 
0.008287  3.895278 
0.009115  3.893613 
0.009944  3.891839 
0.010773  3.889965 
0.011601  3.888004 
0.012430  3.885964 
0.013258  3.883856 
0.014087  3.881691 
0.014916  3.879476 
0.015745  3.877222 
0.016573  3.874937 
0.017402  3.872627 
0.018230  3.870300 
0.019059  3.867963 
0.019888  3.865621 
0.020716  3.863279 
0.021545  3.860941 
0.022374  3.858614 
0.023202  3.856299 
0.024031  3.854000 
0.024860  3.851720 
0.025688  3.849462 
0.026517  3.847229 
0.027346  3.845021 
0.028174  3.842842 
0.029003  3.840692 
0.029832  3.838575 
0.030660  3.836490 
0.031489  3.834439 
0.032318  3.832424 
0.033146  3.830445 
0.033975  3.828504 
0.034804  3.826602 
0.035632  3.824739 
0.036461  3.822917 
0.037290  3.821137 
0.038118  3.819399 
0.038947  3.817704 
0.039775  3.816052 
0.040604  3.814445 
0.041433  3.812882 
0.042262  3.811365 
0.043090  3.809894 
0.043919  3.808469 
0.044748  3.807090 
0.045576  3.805758 
0.046405  3.804472 
0.047233  3.803233 
0.048062  3.802041 
0.048891  3.800895 
0.049719  3.799796 
0.050548  3.798742 
0.051377  3.797734 
0.052205  3.796771 
0.053034  3.795852 
0.053863  3.794977 
0.054691  3.794145 
0.055520  3.793354 
0.056349  3.792605 
0.057177  3.791895 
0.058006  3.791224 
0.058835  3.790591 
0.059663  3.789994 
0.060492  3.789431 
0.061321  3.788903 
0.062149  3.788407 
0.062978  3.787943 
0.063807  3.787508 
0.064635  3.787101 
0.065464  3.786722 
0.066293  3.786369 
0.067121  3.786040 
0.067950  3.785735 
0.068779  3.785452 
0.069607  3.785191 
0.070436  3.784950 
0.071264  3.784729 
0.072093  3.784526 
0.072922  3.784341 
0.073750  3.784173 
0.074579  3.784021 
0.075408  3.783885 
0.076236  3.783765 
0.077065  3.783660 
0.077894  3.783570 
0.078722  3.783493 
0.079551  3.783432 
0.080380  3.783384 
0.081208  3.783349 
0.082037  3.783329 
0.082866  3.783322 


0.000000  4.308942 
0.000829  4.308974 
0.001657  4.309068 
0.002486  4.309223 
0.003315  4.309440 
0.004143  4.309715 
0.004972  4.310047 
0.005801  4.310433 
0.006629  4.310871 
0.007458  4.311357 
0.008287  4.311888 
0.009115  4.312461 
0.009944  4.313073 
0.010773  4.313719 
0.011601  4.314397 
0.012430  4.315102 
0.013258  4.315832 
0.014087  4.316584 
0.014916  4.317353 
0.015745  4.318139 
0.016573  4.318937 
0.017402  4.319747 
0.018230  4.320564 
0.019059  4.321388 
0.019888  4.322217 
0.020716  4.323050 
0.021545  4.323885 
0.022374  4.324720 
0.023202  4.325556 
0.024031  4.326391 
0.024860  4.327224 
0.025688  4.328056 
0.026517  4.328885 
0.027346  4.329711 
0.028174  4.330534 
0.029003  4.331353 
0.029832  4.332168 
0.030660  4.332980 
0.031489  4.333786 
0.032318  4.334588 
0.033146  4.335384 
0.033975  4.336175 
0.034804  4.336959 
0.035632  4.337737 
0.036461  4.338506 
0.037290  4.339268 
0.038118  4.340021 
0.038947  4.340764 
0.039775  4.341496 
0.040604  4.342216 
0.041433  4.342924 
0.042262  4.343619 
0.043090  4.344298 
0.043919  4.344962 
0.044748  4.345610 
0.045576  4.346239 
0.046405  4.346850 
0.047233  4.347441 
0.048062  4.348011 
0.048891  4.348560 
0.049719  4.349087 
0.050548  4.349590 
0.051377  4.350070 
0.052205  4.350526 
0.053034  4.350958 
0.053863  4.351364 
0.054691  4.351746 
0.055520  4.352103 
0.056349  4.352435 
0.057177  4.352742 
0.058006  4.353025 
0.058835  4.353284 
0.059663  4.353520 
0.060492  4.353734 
0.061321  4.353926 
0.062149  4.354097 
0.062978  4.354249 
0.063807  4.354381 
0.064635  4.354497 
0.065464  4.354595 
0.066293  4.354679 
0.067121  4.354749 
0.067950  4.354806 
0.068779  4.354851 
0.069607  4.354887 
0.070436  4.354913 
0.071264  4.354931 
0.072093  4.354943 
0.072922  4.354950 
0.073750  4.354951 
0.074579  4.354950 
0.075408  4.354945 
0.076236  4.354939 
0.077065  4.354932 
0.077894  4.354924 
0.078722  4.354917 
0.079551  4.354910 
0.080380  4.354904 
0.081208  4.354900 
0.082037  4.354897 
0.082866  4.354896 


0.000000  4.309164 
0.000829  4.309195 
0.001657  4.309289 
0.002486  4.309446 
0.003315  4.309663 
0.004143  4.309938 
0.004972  4.310271 
0.005801  4.310658 
0.006629  4.311097 
0.007458  4.311585 
0.008287  4.312117 
0.009115  4.312691 
0.009944  4.313304 
0.010773  4.313951 
0.011601  4.314630 
0.012430  4.315337 
0.013258  4.316067 
0.014087  4.316820 
0.014916  4.317590 
0.015745  4.318376 
0.016573  4.319175 
0.017402  4.319984 
0.018230  4.320802 
0.019059  4.321626 
0.019888  4.322455 
0.020716  4.323287 
0.021545  4.324121 
0.022374  4.324955 
0.023202  4.325790 
0.024031  4.326624 
0.024860  4.327456 
0.025688  4.328287 
0.026517  4.329114 
0.027346  4.329939 
0.028174  4.330760 
0.029003  4.331578 
0.029832  4.332392 
0.030660  4.333202 
0.031489  4.334007 
0.032318  4.334807 
0.033146  4.335602 
0.033975  4.336392 
0.034804  4.337175 
0.035632  4.337952 
0.036461  4.338721 
0.037290  4.339482 
0.038118  4.340235 
0.038947  4.340977 
0.039775  4.341710 
0.040604  4.342431 
0.041433  4.343140 
0.042262  4.343836 
0.043090  4.344517 
0.043919  4.345184 
0.044748  4.345834 
0.045576  4.346466 
0.046405  4.347080 
0.047233  4.347675 
0.048062  4.348250 
0.048891  4.348803 
0.049719  4.349334 
0.050548  4.349843 
0.051377  4.350329 
0.052205  4.350791 
0.053034  4.351228 
0.053863  4.351641 
0.054691  4.352030 
0.055520  4.352393 
0.056349  4.352732 
0.057177  4.353047 
0.058006  4.353337 
0.058835  4.353604 
0.059663  4.353847 
0.060492  4.354068 
0.061321  4.354268 
0.062149  4.354446 
0.062978  4.354605 
0.063807  4.354745 
0.064635  4.354868 
0.065464  4.354973 
0.066293  4.355064 
0.067121  4.355140 
0.067950  4.355204 
0.068779  4.355256 
0.069607  4.355297 
0.070436  4.355329 
0.071264  4.355353 
0.072093  4.355370 
0.072922  4.355381 
0.073750  4.355387 
0.074579  4.355390 
0.075408  4.355389 
0.076236  4.355386 
0.077065  4.355382 
0.077894  4.355377 
0.078722  4.355372 
0.079551  4.355367 
0.080380  4.355363 
0.081208  4.355359 
0.082037  4.355357 
0.082866  4.355357 


0.000000  4.821419 
0.000829  4.821426 
0.001657  4.821446 
0.002486  4.821479 
0.003315  4.821524 
0.004143  4.821582 
0.004972  4.821651 
0.005801  4.821732 
0.006629  4.821822 
0.007458  4.821922 
0.008287  4.822029 
0.009115  4.822144 
0.009944  4.822264 
0.010773  4.822388 
0.011601  4.822516 
0.012430  4.822644 
0.013258  4.822772 
0.014087  4.822898 
0.014916  4.823021 
0.015745  4.823138 
0.016573  4.823248 
0.017402  4.823349 
0.018230  4.823440 
0.019059  4.823518 
0.019888  4.823582 
0.020716  4.823630 
0.021545  4.823660 
0.022374  4.823672 
0.023202  4.823663 
0.024031  4.823633 
0.024860  4.823579 
0.025688  4.823502 
0.026517  4.823399 
0.027346  4.823270 
0.028174  4.823114 
0.029003  4.822930 
0.029832  4.822719 
0.030660  4.822479 
0.031489  4.822211 
0.032318  4.821915 
0.033146  4.821590 
0.033975  4.821238 
0.034804  4.820858 
0.035632  4.820451 
0.036461  4.820019 
0.037290  4.819561 
0.038118  4.819080 
0.038947  4.818575 
0.039775  4.818049 
0.040604  4.817503 
0.041433  4.816937 
0.042262  4.816354 
0.043090  4.815755 
0.043919  4.815142 
0.044748  4.814516 
0.045576  4.813879 
0.046405  4.813232 
0.047233  4.812578 
0.048062  4.811917 
0.048891  4.811252 
0.049719  4.810583 
0.050548  4.809913 
0.051377  4.809243 
0.052205  4.808575 
0.053034  4.807909 
0.053863  4.807247 
0.054691  4.806591 
0.055520  4.805941 
0.056349  4.805299 
0.057177  4.804667 
0.058006  4.804044 
0.058835  4.803432 
0.059663  4.802832 
0.060492  4.802245 
0.061321  4.801671 
0.062149  4.801112 
0.062978  4.800569 
0.063807  4.800041 
0.064635  4.799530 
0.065464  4.799036 
0.066293  4.798561 
0.067121  4.798104 
0.067950  4.797666 
0.068779  4.797248 
0.069607  4.796850 
0.070436  4.796474 
0.071264  4.796118 
0.072093  4.795785 
0.072922  4.795475 
0.073750  4.795187 
0.074579  4.794922 
0.075408  4.794682 
0.076236  4.794465 
0.077065  4.794274 
0.077894  4.794107 
0.078722  4.793965 
0.079551  4.793849 
0.080380  4.793758 
0.081208  4.793693 
0.082037  4.793654 
0.082866  4.793641 


0.000000  4.822342 
0.000829  4.822349 
0.001657  4.822369 
0.002486  4.822402 
0.003315  4.822447 
0.004143  4.822505 
0.004972  4.822574 
0.005801  4.822654 
0.006629  4.822745 
0.007458  4.822844 
0.008287  4.822951 
0.009115  4.823065 
0.009944  4.823185 
0.010773  4.823309 
0.011601  4.823435 
0.012430  4.823563 
0.013258  4.823690 
0.014087  4.823816 
0.014916  4.823937 
0.015745  4.824053 
0.016573  4.824161 
0.017402  4.824260 
0.018230  4.824348 
0.019059  4.824424 
0.019888  4.824485 
0.020716  4.824531 
0.021545  4.824558 
0.022374  4.824566 
0.023202  4.824554 
0.024031  4.824519 
0.024860  4.824461 
0.025688  4.824378 
0.026517  4.824270 
0.027346  4.824135 
0.028174  4.823973 
0.029003  4.823783 
0.029832  4.823565 
0.030660  4.823318 
0.031489  4.823043 
0.032318  4.822739 
0.033146  4.822406 
0.033975  4.822045 
0.034804  4.821656 
0.035632  4.821241 
0.036461  4.820799 
0.037290  4.820332 
0.038118  4.819840 
0.038947  4.819325 
0.039775  4.818789 
0.040604  4.818232 
0.041433  4.817656 
0.042262  4.817062 
0.043090  4.816452 
0.043919  4.815828 
0.044748  4.815191 
0.045576  4.814543 
0.046405  4.813886 
0.047233  4.813220 
0.048062  4.812549 
0.048891  4.811873 
0.049719  4.811194 
0.050548  4.810514 
0.051377  4.809834 
0.052205  4.809155 
0.053034  4.808479 
0.053863  4.807808 
0.054691  4.807143 
0.055520  4.806484 
0.056349  4.805834 
0.057177  4.805193 
0.058006  4.804562 
0.058835  4.803942 
0.059663  4.803335 
0.060492  4.802741 
0.061321  4.802160 
0.062149  4.801595 
0.062978  4.801045 
0.063807  4.800512 
0.064635  4.799995 
0.065464  4.799496 
0.066293  4.799016 
0.067121  4.798555 
0.067950  4.798113 
0.068779  4.797691 
0.069607  4.797290 
0.070436  4.796910 
0.071264  4.796552 
0.072093  4.796216 
0.072922  4.795903 
0.073750  4.795613 
0.074579  4.795346 
0.075408  4.795104 
0.076236  4.794886 
0.077065  4.794693 
0.077894  4.794525 
0.078722  4.794382 
0.079551  4.794265 
0.080380  4.794174 
0.081208  4.794108 
0.082037  4.794069 
0.082866  4.794056 


0.000000  5.698203 
0.000829  5.698085 
0.001657  5.697731 
0.002486  5.697144 
0.003315  5.696329 
0.004143  5.695292 
0.004972  5.694041 
0.005801  5.692586 
0.006629  5.690938 
0.007458  5.689110 
0.008287  5.687116 
0.009115  5.684973 
0.009944  5.682697 
0.010773  5.680305 
0.011601  5.677818 
0.012430  5.675254 
0.013258  5.672634 
0.014087  5.669980 
0.014916  5.667313 
0.015745  5.664655 
0.016573  5.662028 
0.017402  5.659455 
0.018230  5.656958 
0.019059  5.654559 
0.019888  5.652280 
0.020716  5.650143 
0.021545  5.648169 
0.022374  5.646379 
0.023202  5.644793 
0.024031  5.643429 
0.024860  5.642308 
0.025688  5.641447 
0.026517  5.640862 
0.027346  5.640570 
0.028174  5.640587 
0.029003  5.640926 
0.029832  5.641601 
0.030660  5.642624 
0.031489  5.644006 
0.032318  5.645758 
0.033146  5.647889 
0.033975  5.650405 
0.034804  5.653315 
0.035632  5.656625 
0.036461  5.660337 
0.037290  5.664457 
0.038118  5.668987 
0.038947  5.673926 
0.039775  5.679276 
0.040604  5.685035 
0.041433  5.691199 
0.042262  5.697767 
0.043090  5.704731 
0.043919  5.712086 
0.044748  5.719824 
0.045576  5.727935 
0.046405  5.736410 
0.047233  5.745235 
0.048062  5.754399 
0.048891  5.763886 
0.049719  5.773680 
0.050548  5.783763 
0.051377  5.794117 
0.052205  5.804721 
0.053034  5.815555 
0.053863  5.826593 
0.054691  5.837814 
0.055520  5.849190 
0.056349  5.860696 
0.057177  5.872303 
0.058006  5.883983 
0.058835  5.895707 
0.059663  5.907442 
0.060492  5.919159 
0.061321  5.930825 
0.062149  5.942409 
0.062978  5.953876 
0.063807  5.965194 
0.064635  5.976330 
0.065464  5.987251 
0.066293  5.997925 
0.067121  6.008317 
0.067950  6.018398 
0.068779  6.028134 
0.069607  6.037496 
0.070436  6.046454 
0.071264  6.054979 
0.072093  6.063045 
0.072922  6.070624 
0.073750  6.077692 
0.074579  6.084227 
0.075408  6.090206 
0.076236  6.095610 
0.077065  6.100422 
0.077894  6.104625 
0.078722  6.108205 
0.079551  6.111150 
0.080380  6.113452 
0.081208  6.115101 
0.082037  6.116093 
0.082866  6.116424 


0.000000  5.701319 
0.000829  5.701201 
0.001657  5.700846 
0.002486  5.700259 
0.003315  5.699442 
0.004143  5.698404 
0.004972  5.697151 
0.005801  5.695694 
0.006629  5.694043 
0.007458  5.692213 
0.008287  5.690216 
0.009115  5.688070 
0.009944  5.685790 
0.010773  5.683394 
0.011601  5.680902 
0.012430  5.678333 
0.013258  5.675709 
0.014087  5.673049 
0.014916  5.670376 
0.015745  5.667712 
0.016573  5.665079 
0.017402  5.662499 
0.018230  5.659995 
0.019059  5.657589 
0.019888  5.655302 
0.020716  5.653157 
0.021545  5.651175 
0.022374  5.649376 
0.023202  5.647780 
0.024031  5.646408 
0.024860  5.645277 
0.025688  5.644405 
0.026517  5.643810 
0.027346  5.643508 
0.028174  5.643514 
0.029003  5.643842 
0.029832  5.644506 
0.030660  5.645518 
0.031489  5.646889 
0.032318  5.648629 
0.033146  5.650748 
0.033975  5.653253 
0.034804  5.656151 
0.035632  5.659448 
0.036461  5.663149 
0.037290  5.667257 
0.038118  5.671774 
0.038947  5.676702 
0.039775  5.682040 
0.040604  5.687787 
0.041433  5.693940 
0.042262  5.700496 
0.043090  5.707448 
0.043919  5.714792 
0.044748  5.722519 
0.045576  5.730619 
0.046405  5.739083 
0.047233  5.747898 
0.048062  5.757051 
0.048891  5.766528 
0.049719  5.776312 
0.050548  5.786385 
0.051377  5.796730 
0.052205  5.807325 
0.053034  5.818149 
0.053863  5.829179 
0.054691  5.840391 
0.055520  5.851760 
0.056349  5.863258 
0.057177  5.874857 
0.058006  5.886530 
0.058835  5.898246 
0.059663  5.909975 
0.060492  5.921686 
0.061321  5.933346 
0.062149  5.944923 
0.062978  5.956385 
0.063807  5.967698 
0.064635  5.978829 
0.065464  5.989746 
0.066293  6.000415 
0.067121  6.010804 
0.067950  6.020880 
0.068779  6.030613 
0.069607  6.039972 
0.070436  6.048928 
0.071264  6.057450 
0.072093  6.065513 
0.072922  6.073090 
0.073750  6.080157 
0.074579  6.086690 
0.075408  6.092667 
0.076236  6.098070 
0.077065  6.102881 
0.077894  6.107083 
0.078722  6.110662 
0.079551  6.113607 
0.080380  6.115908 
0.081208  6.117557 
0.082037  6.118548 
0.082866  6.118879 


0.000000  7.092068 
0.000829  7.092034 
0.001657  7.091930 
0.002486  7.091758 
0.003315  7.091518 
0.004143  7.091212 
0.004972  7.090840 
0.005801  7.090404 
0.006629  7.089907 
0.007458  7.089349 
0.008287  7.088734 
0.009115  7.088064 
0.009944  7.087342 
0.010773  7.086571 
0.011601  7.085755 
0.012430  7.084896 
0.013258  7.083998 
0.014087  7.083065 
0.014916  7.082101 
0.015745  7.081110 
0.016573  7.080096 
0.017402  7.079063 
0.018230  7.078016 
0.019059  7.076958 
0.019888  7.075894 
0.020716  7.074829 
0.021545  7.073766 
0.022374  7.072711 
0.023202  7.071666 
0.024031  7.070638 
0.024860  7.069629 
0.025688  7.068644 
0.026517  7.067687 
0.027346  7.066762 
0.028174  7.065873 
0.029003  7.065022 
0.029832  7.064215 
0.030660  7.063454 
0.031489  7.062742 
0.032318  7.062082 
0.033146  7.061478 
0.033975  7.060931 
0.034804  7.060444 
0.035632  7.060019 
0.036461  7.059658 
0.037290  7.059363 
0.038118  7.059136 
0.038947  7.058976 
0.039775  7.058887 
0.040604  7.058867 
0.041433  7.058918 
0.042262  7.059039 
0.043090  7.059231 
0.043919  7.059493 
0.044748  7.059825 
0.045576  7.060225 
0.046405  7.060693 
0.047233  7.061228 
0.048062  7.061827 
0.048891  7.062489 
0.049719  7.063211 
0.050548  7.063992 
0.051377  7.064828 
0.052205  7.065718 
0.053034  7.066658 
0.053863  7.067644 
0.054691  7.068674 
0.055520  7.069743 
0.056349  7.070849 
0.057177  7.071987 
0.058006  7.073154 
0.058835  7.074344 
0.059663  7.075554 
0.060492  7.076780 
0.061321  7.078016 
0.062149  7.079259 
0.062978  7.080504 
0.063807  7.081745 
0.064635  7.082979 
0.065464  7.084200 
0.066293  7.085404 
0.067121  7.086586 
0.067950  7.087742 
0.068779  7.088866 
0.069607  7.089954 
0.070436  7.091002 
0.071264  7.092005 
0.072093  7.092960 
0.072922  7.093861 
0.073750  7.094706 
0.074579  7.095491 
0.075408  7.096211 
0.076236  7.096865 
0.077065  7.097449 
0.077894  7.097961 
0.078722  7.098398 
0.079551  7.098758 
0.080380  7.099040 
0.081208  7.099242 
0.082037  7.099364 
0.082866  7.099404 


0.000000  7.095385 
0.000829  7.095351 
0.001657  7.095248 
0.002486  7.095078 
0.003315  7.094840 
0.004143  7.094536 
0.004972  7.094168 
0.005801  7.093736 
0.006629  7.093243 
0.007458  7.092690 
0.008287  7.092081 
0.009115  7.091417 
0.009944  7.090701 
0.010773  7.089937 
0.011601  7.089128 
0.012430  7.088276 
0.013258  7.087386 
0.014087  7.086462 
0.014916  7.085507 
0.015745  7.084524 
0.016573  7.083519 
0.017402  7.082495 
0.018230  7.081457 
0.019059  7.080408 
0.019888  7.079354 
0.020716  7.078298 
0.021545  7.077245 
0.022374  7.076199 
0.023202  7.075164 
0.024031  7.074145 
0.024860  7.073146 
0.025688  7.072170 
0.026517  7.071223 
0.027346  7.070307 
0.028174  7.069427 
0.029003  7.068586 
0.029832  7.067787 
0.030660  7.067035 
0.031489  7.066332 
0.032318  7.065681 
0.033146  7.065085 
0.033975  7.064546 
0.034804  7.064067 
0.035632  7.063651 
0.036461  7.063298 
0.037290  7.063011 
0.038118  7.062792 
0.038947  7.062640 
0.039775  7.062558 
0.040604  7.062546 
0.041433  7.062604 
0.042262  7.062733 
0.043090  7.062932 
0.043919  7.063201 
0.044748  7.063540 
0.045576  7.063947 
0.046405  7.064422 
0.047233  7.064963 
0.048062  7.065568 
0.048891  7.066237 
0.049719  7.066965 
0.050548  7.067752 
0.051377  7.068595 
0.052205  7.069490 
0.053034  7.070435 
0.053863  7.071427 
0.054691  7.072462 
0.055520  7.073537 
0.056349  7.074648 
0.057177  7.075791 
0.058006  7.076962 
0.058835  7.078157 
0.059663  7.079372 
0.060492  7.080602 
0.061321  7.081842 
0.062149  7.083089 
0.062978  7.084337 
0.063807  7.085582 
0.064635  7.086819 
0.065464  7.088043 
0.066293  7.089250 
0.067121  7.090435 
0.067950  7.091593 
0.068779  7.092719 
0.069607  7.093809 
0.070436  7.094859 
0.071264  7.095864 
0.072093  7.096820 
0.072922  7.097723 
0.073750  7.098570 
0.074579  7.099355 
0.075408  7.100077 
0.076236  7.100732 
0.077065  7.101316 
0.077894  7.101829 
0.078722  7.102266 
0.079551  7.102627 
0.080380  7.102909 
0.081208  7.103111 
0.082037  7.103233 
0.082866  7.103274 


0.000000  8.047976 
0.000829  8.047997 
0.001657  8.048059 
0.002486  8.048161 
0.003315  8.048304 
0.004143  8.048485 
0.004972  8.048704 
0.005801  8.048960 
0.006629  8.049249 
0.007458  8.049571 
0.008287  8.049923 
0.009115  8.050303 
0.009944  8.050708 
0.010773  8.051135 
0.011601  8.051581 
0.012430  8.052043 
0.013258  8.052518 
0.014087  8.053003 
0.014916  8.053493 
0.015745  8.053986 
0.016573  8.054478 
0.017402  8.054965 
0.018230  8.055444 
0.019059  8.055912 
0.019888  8.056364 
0.020716  8.056798 
0.021545  8.057209 
0.022374  8.057596 
0.023202  8.057953 
0.024031  8.058279 
0.024860  8.058570 
0.025688  8.058823 
0.026517  8.059036 
0.027346  8.059206 
0.028174  8.059331 
0.029003  8.059408 
0.029832  8.059436 
0.030660  8.059411 
0.031489  8.059334 
0.032318  8.059202 
0.033146  8.059014 
0.033975  8.058769 
0.034804  8.058466 
0.035632  8.058104 
0.036461  8.057684 
0.037290  8.057204 
0.038118  8.056665 
0.038947  8.056068 
0.039775  8.055412 
0.040604  8.054698 
0.041433  8.053927 
0.042262  8.053101 
0.043090  8.052220 
0.043919  8.051286 
0.044748  8.050301 
0.045576  8.049267 
0.046405  8.048186 
0.047233  8.047059 
0.048062  8.045891 
0.048891  8.044682 
0.049719  8.043437 
0.050548  8.042158 
0.051377  8.040847 
0.052205  8.039509 
0.053034  8.038146 
0.053863  8.036762 
0.054691  8.035361 
0.055520  8.033945 
0.056349  8.032519 
0.057177  8.031087 
0.058006  8.029651 
0.058835  8.028217 
0.059663  8.026787 
0.060492  8.025366 
0.061321  8.023957 
0.062149  8.022564 
0.062978  8.021191 
0.063807  8.019842 
0.064635  8.018520 
0.065464  8.017229 
0.066293  8.015972 
0.067121  8.014753 
0.067950  8.013575 
0.068779  8.012441 
0.069607  8.011355 
0.070436  8.010319 
0.071264  8.009335 
0.072093  8.008408 
0.072922  8.007539 
0.073750  8.006731 
0.074579  8.005985 
0.075408  8.005305 
0.076236  8.004691 
0.077065  8.004145 
0.077894  8.003669 
0.078722  8.003264 
0.079551  8.002931 
0.080380  8.002671 
0.081208  8.002485 
0.082037  8.002374 
0.082866  8.002336 


0.000000  8.051414 
0.000829  8.051435 
0.001657  8.051496 
0.002486  8.051597 
0.003315  8.051737 
0.004143  8.051916 
0.004972  8.052133 
0.005801  8.052385 
0.006629  8.052670 
0.007458  8.052988 
0.008287  8.053336 
0.009115  8.053710 
0.009944  8.054109 
0.010773  8.054530 
0.011601  8.054970 
0.012430  8.055426 
0.013258  8.055894 
0.014087  8.056371 
0.014916  8.056855 
0.015745  8.057340 
0.016573  8.057824 
0.017402  8.058304 
0.018230  8.058775 
0.019059  8.059235 
0.019888  8.059680 
0.020716  8.060105 
0.021545  8.060509 
0.022374  8.060887 
0.023202  8.061237 
0.024031  8.061555 
0.024860  8.061839 
0.025688  8.062085 
0.026517  8.062291 
0.027346  8.062454 
0.028174  8.062572 
0.029003  8.062642 
0.029832  8.062663 
0.030660  8.062633 
0.031489  8.062550 
0.032318  8.062412 
0.033146  8.062219 
0.033975  8.061969 
0.034804  8.061661 
0.035632  8.061295 
0.036461  8.060871 
0.037290  8.060387 
0.038118  8.059845 
0.038947  8.059244 
0.039775  8.058586 
0.040604  8.057869 
0.041433  8.057097 
0.042262  8.056268 
0.043090  8.055386 
0.043919  8.054451 
0.044748  8.053465 
0.045576  8.052430 
0.046405  8.051349 
0.047233  8.050223 
0.048062  8.049054 
0.048891  8.047846 
0.049719  8.046601 
0.050548  8.045323 
0.051377  8.044014 
0.052205  8.042677 
0.053034  8.041315 
0.053863  8.039933 
0.054691  8.038533 
0.055520  8.037120 
0.056349  8.035696 
0.057177  8.034266 
0.058006  8.032832 
0.058835  8.031400 
0.059663  8.029973 
0.060492  8.028554 
0.061321  8.027148 
0.062149  8.025758 
0.062978  8.024387 
0.063807  8.023040 
0.064635  8.021721 
0.065464  8.020432 
0.066293  8.019178 
0.067121  8.017961 
0.067950  8.016785 
0.068779  8.015654 
0.069607  8.014569 
0.070436  8.013535 
0.071264  8.012554 
0.072093  8.011629 
0.072922  8.010762 
0.073750  8.009955 
0.074579  8.009211 
0.075408  8.008531 
0.076236  8.007919 
0.077065  8.007374 
0.077894  8.006899 
0.078722  8.006495 
0.079551  8.006163 
0.080380  8.005903 
0.081208  8.005718 
0.082037  8.005606 
0.082866  8.005569 


