# distance  frequency (bands are separated by blank lines)
# End points of segments: 
#   0.00000000 0.15105140 
0.000000  2.356005 
0.001510  2.353081 
0.003021  2.349659 
0.004531  2.345890 
0.006042  2.341691 
0.007553  2.336963 
0.009063  2.331602 
0.010574  2.325491 
0.012084  2.318515 
0.013595  2.310557 
0.015105  2.301510 
0.016616  2.291275 
0.018126  2.279774 
0.019637  2.266948 
0.021147  2.252762 
0.022658  2.237202 
0.024168  2.220273 
0.025679  2.202000 
0.027189  2.182420 
0.028700  2.161580 
0.030210  2.139533 
0.031721  2.116335 
0.033231  2.092045 
0.034742  2.066721 
0.036252  2.040421 
0.037763  2.013199 
0.039273  1.985110 
0.040784  1.956206 
0.042294  1.926535 
0.043805  1.896146 
0.045315  1.865084 
0.046826  1.833395 
0.048336  1.801121 
0.049847  1.768303 
0.051358  1.734983 
0.052868  1.701198 
0.054379  1.666988 
0.055889  1.632390 
0.057399  1.597440 
0.058910  1.562174 
0.060421  1.526626 
0.061931  1.490830 
0.063442  1.454819 
0.064952  1.418627 
0.066463  1.382284 
0.067973  1.345822 
0.069484  1.309272 
0.070994  1.272663 
0.072505  1.236026 
0.074015  1.199388 
0.075526  1.162779 
0.077036  1.126227 
0.078547  1.089759 
0.080057  1.053404 
0.081568  1.017187 
0.083078  0.981137 
0.084589  0.945279 
0.086099  0.909640 
0.087610  0.874247 
0.089120  0.839125 
0.090631  0.804301 
0.092141  0.769801 
0.093652  0.735650 
0.095162  0.701874 
0.096673  0.668500 
0.098183  0.635552 
0.099694  0.603058 
0.101204  0.571042 
0.102715  0.539530 
0.104225  0.508547 
0.105736  0.478119 
0.107246  0.448272 
0.108757  0.419029 
0.110268  0.390415 
0.111778  0.362454 
0.113289  0.335168 
0.114799  0.308579 
0.116310  0.282707 
0.117820  0.257568 
0.119331  0.233176 
0.120841  0.209539 
0.122352  0.186658 
0.123862  0.164521 
0.125373  0.143099 
0.126883  0.122331 
0.128394  0.102097 
0.129904  0.082158 
0.131415  0.061982 
0.132925  0.040007 
0.134436  -0.008285 
0.135946  -0.035444 
0.137457  -0.045251 
0.138967  -0.050221 
0.140478  -0.052458 
0.141988  -0.052926 
0.143499  -0.052193 
0.145009  -0.050606 
0.146520  -0.048259 
0.148030  -0.044658 
0.149541  -0.037261 
0.151051  -0.001033 


0.000000  2.356493 
0.001510  2.359212 
0.003021  2.362008 
0.004531  2.364697 
0.006042  2.367311 
0.007553  2.369875 
0.009063  2.372406 
0.010574  2.374917 
0.012084  2.377415 
0.013595  2.379903 
0.015105  2.382380 
0.016616  2.384841 
0.018126  2.387280 
0.019637  2.389686 
0.021147  2.392050 
0.022658  2.394359 
0.024168  2.396599 
0.025679  2.398755 
0.027189  2.400811 
0.028700  2.402752 
0.030210  2.404560 
0.031721  2.406217 
0.033231  2.407704 
0.034742  2.409004 
0.036252  2.410095 
0.037763  2.410959 
0.039273  2.411573 
0.040784  2.411915 
0.042294  2.411962 
0.043805  2.411689 
0.045315  2.411071 
0.046826  2.410080 
0.048336  2.408686 
0.049847  2.406858 
0.051358  2.404562 
0.052868  2.401761 
0.054379  2.398411 
0.055889  2.394462 
0.057399  2.389821 
0.058910  2.384021 
0.060421  2.363376 
0.061931  2.330050 
0.063442  2.295835 
0.064952  2.261117 
0.066463  2.225993 
0.067973  2.190518 
0.069484  2.154731 
0.070994  2.118665 
0.072505  2.082345 
0.074015  2.045792 
0.075526  2.009024 
0.077036  1.972055 
0.078547  1.934899 
0.080057  1.897566 
0.081568  1.860065 
0.083078  1.822403 
0.084589  1.784588 
0.086099  1.746624 
0.087610  1.708518 
0.089120  1.670273 
0.090631  1.631892 
0.092141  1.593379 
0.093652  1.554735 
0.095162  1.515964 
0.096673  1.477067 
0.098183  1.438044 
0.099694  1.398898 
0.101204  1.359629 
0.102715  1.320237 
0.104225  1.280724 
0.105736  1.241090 
0.107246  1.201334 
0.108757  1.161458 
0.110268  1.121461 
0.111778  1.081345 
0.113289  1.041110 
0.114799  1.000756 
0.116310  0.960285 
0.117820  0.919698 
0.119331  0.878997 
0.120841  0.838184 
0.122352  0.797261 
0.123862  0.756232 
0.125373  0.715100 
0.126883  0.673870 
0.128394  0.632548 
0.129904  0.591139 
0.131415  0.549653 
0.132925  0.508097 
0.134436  0.466483 
0.135946  0.424826 
0.137457  0.383144 
0.138967  0.341459 
0.140478  0.299807 
0.141988  0.258235 
0.143499  0.216818 
0.145009  0.175677 
0.146520  0.135017 
0.148030  0.095156 
0.149541  0.056128 
0.151051  -0.000767 


0.000000  2.759279 
0.001510  2.751861 
0.003021  2.743634 
0.004531  2.735460 
0.006042  2.727448 
0.007553  2.719706 
0.009063  2.712346 
0.010574  2.705486 
0.012084  2.699243 
0.013595  2.693727 
0.015105  2.689037 
0.016616  2.685253 
0.018126  2.682432 
0.019637  2.680600 
0.021147  2.679750 
0.022658  2.679840 
0.024168  2.680792 
0.025679  2.682490 
0.027189  2.684781 
0.028700  2.687469 
0.030210  2.690315 
0.031721  2.693030 
0.033231  2.695268 
0.034742  2.696626 
0.036252  2.696641 
0.037763  2.694815 
0.039273  2.690644 
0.040784  2.683679 
0.042294  2.673594 
0.043805  2.660240 
0.045315  2.643661 
0.046826  2.624067 
0.048336  2.601777 
0.049847  2.577151 
0.051358  2.550548 
0.052868  2.522294 
0.054379  2.492671 
0.055889  2.461925 
0.057399  2.430293 
0.058910  2.398352 
0.060421  2.379865 
0.061931  2.372718 
0.063442  2.365150 
0.064952  2.356786 
0.066463  2.347531 
0.067973  2.337318 
0.069484  2.326089 
0.070994  2.313789 
0.072505  2.300364 
0.074015  2.285765 
0.075526  2.269944 
0.077036  2.252857 
0.078547  2.234463 
0.080057  2.214729 
0.081568  2.193623 
0.083078  2.171120 
0.084589  2.147200 
0.086099  2.121848 
0.087610  2.095056 
0.089120  2.066819 
0.090631  2.037139 
0.092141  2.006020 
0.093652  1.973474 
0.095162  1.939515 
0.096673  1.904162 
0.098183  1.867436 
0.099694  1.829363 
0.101204  1.789970 
0.102715  1.749289 
0.104225  1.707353 
0.105736  1.664196 
0.107246  1.619854 
0.108757  1.574366 
0.110268  1.527771 
0.111778  1.480108 
0.113289  1.431418 
0.114799  1.381742 
0.116310  1.331122 
0.117820  1.279598 
0.119331  1.227213 
0.120841  1.174008 
0.122352  1.120026 
0.123862  1.065307 
0.125373  1.009892 
0.126883  0.953823 
0.128394  0.897141 
0.129904  0.839885 
0.131415  0.782096 
0.132925  0.723814 
0.134436  0.665077 
0.135946  0.605926 
0.137457  0.546398 
0.138967  0.486533 
0.140478  0.426368 
0.141988  0.365942 
0.143499  0.305292 
0.145009  0.244457 
0.146520  0.183472 
0.148030  0.122377 
0.149541  0.061213 
0.151051  -0.000532 


0.000000  2.760998 
0.001510  2.768322 
0.003021  2.776278 
0.004531  2.784033 
0.006042  2.791528 
0.007553  2.798721 
0.009063  2.805581 
0.010574  2.812081 
0.012084  2.818202 
0.013595  2.823930 
0.015105  2.829255 
0.016616  2.834170 
0.018126  2.838674 
0.019637  2.842766 
0.021147  2.846448 
0.022658  2.849725 
0.024168  2.852601 
0.025679  2.855083 
0.027189  2.857176 
0.028700  2.858889 
0.030210  2.860228 
0.031721  2.861198 
0.033231  2.861808 
0.034742  2.862061 
0.036252  2.861966 
0.037763  2.861526 
0.039273  2.860747 
0.040784  2.859633 
0.042294  2.858189 
0.043805  2.856418 
0.045315  2.854320 
0.046826  2.851900 
0.048336  2.849158 
0.049847  2.846100 
0.051358  2.842732 
0.052868  2.839059 
0.054379  2.835091 
0.055889  2.830840 
0.057399  2.826318 
0.058910  2.821540 
0.060421  2.816523 
0.061931  2.811287 
0.063442  2.805854 
0.064952  2.800246 
0.066463  2.794489 
0.067973  2.788608 
0.069484  2.782632 
0.070994  2.776588 
0.072505  2.770503 
0.074015  2.764404 
0.075526  2.758318 
0.077036  2.752269 
0.078547  2.746280 
0.080057  2.740373 
0.081568  2.734565 
0.083078  2.728875 
0.084589  2.723317 
0.086099  2.717904 
0.087610  2.712647 
0.089120  2.707555 
0.090631  2.702637 
0.092141  2.697899 
0.093652  2.693348 
0.095162  2.688989 
0.096673  2.684826 
0.098183  2.680862 
0.099694  2.677101 
0.101204  2.673544 
0.102715  2.670194 
0.104225  2.667050 
0.105736  2.664113 
0.107246  2.661381 
0.108757  2.658853 
0.110268  2.656527 
0.111778  2.654397 
0.113289  2.652460 
0.114799  2.650710 
0.116310  2.649139 
0.117820  2.647740 
0.119331  2.646505 
0.120841  2.645424 
0.122352  2.644486 
0.123862  2.643683 
0.125373  2.643001 
0.126883  2.642431 
0.128394  2.641961 
0.129904  2.641580 
0.131415  2.641277 
0.132925  2.641041 
0.134436  2.640862 
0.135946  2.640731 
0.137457  2.640639 
0.138967  2.640577 
0.140478  2.640540 
0.141988  2.640519 
0.143499  2.640511 
0.145009  2.640510 
0.146520  2.640514 
0.148030  2.640518 
0.149541  2.640521 
0.151051  2.640523 


0.000000  3.329526 
0.001510  3.329404 
0.003021  3.329349 
0.004531  3.329511 
0.006042  3.329925 
0.007553  3.330607 
0.009063  3.331562 
0.010574  3.332790 
0.012084  3.334234 
0.013595  3.335140 
0.015105  3.334542 
0.016616  3.332835 
0.018126  3.329689 
0.019637  3.324575 
0.021147  3.316878 
0.022658  3.306064 
0.024168  3.291903 
0.025679  3.274626 
0.027189  3.254844 
0.028700  3.233337 
0.030210  3.210875 
0.031721  3.188157 
0.033231  3.165812 
0.034742  3.144432 
0.036252  3.124597 
0.037763  3.106872 
0.039273  3.091793 
0.040784  3.079817 
0.042294  3.071260 
0.043805  3.066247 
0.045315  3.064701 
0.046826  3.066370 
0.048336  3.070885 
0.049847  3.077828 
0.051358  3.086777 
0.052868  3.097335 
0.054379  3.109146 
0.055889  3.121887 
0.057399  3.135270 
0.058910  3.149030 
0.060421  3.162912 
0.061931  3.176663 
0.063442  3.190014 
0.064952  3.202662 
0.066463  3.214247 
0.067973  3.224331 
0.069484  3.232397 
0.070994  3.237920 
0.072505  3.240529 
0.074015  3.240208 
0.075526  3.237315 
0.077036  3.232402 
0.078547  3.226010 
0.080057  3.218570 
0.081568  3.210396 
0.083078  3.201712 
0.084589  3.192677 
0.086099  3.183407 
0.087610  3.173988 
0.089120  3.164487 
0.090631  3.154958 
0.092141  3.145442 
0.093652  3.135976 
0.095162  3.126589 
0.096673  3.117307 
0.098183  3.108152 
0.099694  3.099145 
0.101204  3.090301 
0.102715  3.081636 
0.104225  3.073164 
0.105736  3.064894 
0.107246  3.056839 
0.108757  3.049005 
0.110268  3.041400 
0.111778  3.034027 
0.113289  3.026889 
0.114799  3.019984 
0.116310  3.013302 
0.117820  3.006822 
0.119331  3.000494 
0.120841  2.994191 
0.122352  2.987541 
0.123862  2.979388 
0.125373  2.968003 
0.126883  2.954406 
0.128394  2.940432 
0.129904  2.926796 
0.131415  2.913758 
0.132925  2.901439 
0.134436  2.889918 
0.135946  2.879248 
0.137457  2.869474 
0.138967  2.860634 
0.140478  2.852759 
0.141988  2.845879 
0.143499  2.840016 
0.145009  2.835192 
0.146520  2.831422 
0.148030  2.828721 
0.149541  2.827096 
0.151051  2.826554 


0.000000  3.330083 
0.001510  3.330400 
0.003021  3.331036 
0.004531  3.331822 
0.006042  3.332691 
0.007553  3.333582 
0.009063  3.334419 
0.010574  3.335115 
0.012084  3.335600 
0.013595  3.336460 
0.015105  3.338425 
0.016616  3.340782 
0.018126  3.343425 
0.019637  3.346330 
0.021147  3.349481 
0.022658  3.352861 
0.024168  3.356452 
0.025679  3.360235 
0.027189  3.364189 
0.028700  3.368294 
0.030210  3.372527 
0.031721  3.376866 
0.033231  3.381286 
0.034742  3.385763 
0.036252  3.390272 
0.037763  3.394786 
0.039273  3.399277 
0.040784  3.403716 
0.042294  3.408068 
0.043805  3.412249 
0.045315  3.413922 
0.046826  3.411613 
0.048336  3.408752 
0.049847  3.405437 
0.051358  3.401676 
0.052868  3.397476 
0.054379  3.392854 
0.055889  3.387838 
0.057399  3.382465 
0.058910  3.376791 
0.060421  3.370886 
0.061931  3.364848 
0.063442  3.358809 
0.064952  3.352949 
0.066463  3.347516 
0.067973  3.342843 
0.069484  3.339349 
0.070994  3.337465 
0.072505  3.337467 
0.074015  3.339281 
0.075526  3.342454 
0.077036  3.346345 
0.078547  3.350321 
0.080057  3.353859 
0.081568  3.356527 
0.083078  3.354332 
0.084589  3.343780 
0.086099  3.332968 
0.087610  3.322099 
0.089120  3.311255 
0.090631  3.300498 
0.092141  3.289882 
0.093652  3.279452 
0.095162  3.269245 
0.096673  3.259292 
0.098183  3.249618 
0.099694  3.240241 
0.101204  3.231176 
0.102715  3.222429 
0.104225  3.213995 
0.105736  3.205633 
0.107246  3.189277 
0.108757  3.170772 
0.110268  3.152048 
0.111778  3.133237 
0.113289  3.114445 
0.114799  3.095771 
0.116310  3.077313 
0.117820  3.059175 
0.119331  3.041483 
0.120841  3.024434 
0.122352  3.008466 
0.123862  2.994797 
0.125373  2.985212 
0.126883  2.978746 
0.128394  2.973615 
0.129904  2.969150 
0.131415  2.965137 
0.132925  2.961494 
0.134436  2.958185 
0.135946  2.955188 
0.137457  2.952494 
0.138967  2.950095 
0.140478  2.947987 
0.141988  2.946165 
0.143499  2.944627 
0.145009  2.943371 
0.146520  2.942395 
0.148030  2.941700 
0.149541  2.941282 
0.151051  2.941143 


0.000000  3.782946 
0.001510  3.764227 
0.003021  3.744295 
0.004531  3.723415 
0.006042  3.701680 
0.007553  3.679194 
0.009063  3.656077 
0.010574  3.632473 
0.012084  3.608557 
0.013595  3.584549 
0.015105  3.560729 
0.016616  3.537467 
0.018126  3.515244 
0.019637  3.494665 
0.021147  3.476415 
0.022658  3.461109 
0.024168  3.449064 
0.025679  3.440155 
0.027189  3.433892 
0.028700  3.429646 
0.030210  3.426830 
0.031721  3.424972 
0.033231  3.423716 
0.034742  3.422800 
0.036252  3.422029 
0.037763  3.421258 
0.039273  3.420374 
0.040784  3.419292 
0.042294  3.417950 
0.043805  3.416345 
0.045315  3.416741 
0.046826  3.420548 
0.048336  3.424279 
0.049847  3.427786 
0.051358  3.431020 
0.052868  3.433937 
0.054379  3.436489 
0.055889  3.438628 
0.057399  3.440298 
0.058910  3.441442 
0.060421  3.441997 
0.061931  3.441897 
0.063442  3.441075 
0.064952  3.439462 
0.066463  3.436998 
0.067973  3.433632 
0.069484  3.429329 
0.070994  3.424079 
0.072505  3.417896 
0.074015  3.410824 
0.075526  3.402932 
0.077036  3.394308 
0.078547  3.385056 
0.080057  3.375290 
0.081568  3.365156 
0.083078  3.358456 
0.084589  3.358566 
0.086099  3.357318 
0.087610  3.354484 
0.089120  3.349993 
0.090631  3.343826 
0.092141  3.336003 
0.093652  3.326581 
0.095162  3.315647 
0.096673  3.303314 
0.098183  3.289709 
0.099694  3.274974 
0.101204  3.259256 
0.102715  3.242703 
0.104225  3.225471 
0.105736  3.207941 
0.107246  3.198311 
0.108757  3.190856 
0.110268  3.183755 
0.111778  3.176980 
0.113289  3.170519 
0.114799  3.164360 
0.116310  3.158495 
0.117820  3.152911 
0.119331  3.147600 
0.120841  3.142550 
0.122352  3.137751 
0.123862  3.133196 
0.125373  3.128876 
0.126883  3.124784 
0.128394  3.120916 
0.129904  3.117269 
0.131415  3.113842 
0.132925  3.110634 
0.134436  3.107650 
0.135946  3.104892 
0.137457  3.102366 
0.138967  3.100079 
0.140478  3.098038 
0.141988  3.096250 
0.143499  3.094722 
0.145009  3.093461 
0.146520  3.092474 
0.148030  3.091765 
0.149541  3.091338 
0.151051  3.091196 


0.000000  3.783322 
0.001510  3.800944 
0.003021  3.817594 
0.004531  3.833033 
0.006042  3.847216 
0.007553  3.860105 
0.009063  3.871673 
0.010574  3.881901 
0.012084  3.890776 
0.013595  3.898298 
0.015105  3.904472 
0.016616  3.909311 
0.018126  3.912838 
0.019637  3.915081 
0.021147  3.916074 
0.022658  3.915858 
0.024168  3.914479 
0.025679  3.911986 
0.027189  3.908433 
0.028700  3.903876 
0.030210  3.898372 
0.031721  3.891982 
0.033231  3.884765 
0.034742  3.876783 
0.036252  3.868097 
0.037763  3.858768 
0.039273  3.848856 
0.040784  3.838420 
0.042294  3.827520 
0.043805  3.816212 
0.045315  3.804554 
0.046826  3.792602 
0.048336  3.780411 
0.049847  3.768038 
0.051358  3.755537 
0.052868  3.742965 
0.054379  3.730380 
0.055889  3.717843 
0.057399  3.705416 
0.058910  3.693165 
0.060421  3.681157 
0.061931  3.669465 
0.063442  3.658159 
0.064952  3.647310 
0.066463  3.636982 
0.067973  3.627228 
0.069484  3.618082 
0.070994  3.609557 
0.072505  3.601639 
0.074015  3.594285 
0.075526  3.587426 
0.077036  3.580974 
0.078547  3.574829 
0.080057  3.568880 
0.081568  3.563022 
0.083078  3.557153 
0.084589  3.551178 
0.086099  3.545018 
0.087610  3.538602 
0.089120  3.531877 
0.090631  3.524799 
0.092141  3.517340 
0.093652  3.509486 
0.095162  3.501232 
0.096673  3.492588 
0.098183  3.483571 
0.099694  3.474210 
0.101204  3.464540 
0.102715  3.454602 
0.104225  3.444444 
0.105736  3.434115 
0.107246  3.423669 
0.108757  3.413160 
0.110268  3.402643 
0.111778  3.392172 
0.113289  3.381801 
0.114799  3.371581 
0.116310  3.361563 
0.117820  3.351792 
0.119331  3.342313 
0.120841  3.333166 
0.122352  3.324388 
0.123862  3.316010 
0.125373  3.308060 
0.126883  3.300563 
0.128394  3.293535 
0.129904  3.286992 
0.131415  3.280941 
0.132925  3.275387 
0.134436  3.270331 
0.135946  3.265768 
0.137457  3.261691 
0.138967  3.258091 
0.140478  3.254957 
0.141988  3.252275 
0.143499  3.250032 
0.145009  3.248217 
0.146520  3.246818 
0.148030  3.245826 
0.149541  3.245234 
0.151051  3.245037 


0.000000  4.354896 
0.001510  4.346599 
0.003021  4.337894 
0.004531  4.329013 
0.006042  4.319963 
0.007553  4.310751 
0.009063  4.301387 
0.010574  4.291879 
0.012084  4.282239 
0.013595  4.272477 
0.015105  4.262609 
0.016616  4.252649 
0.018126  4.242616 
0.019637  4.232529 
0.021147  4.222407 
0.022658  4.212276 
0.024168  4.202158 
0.025679  4.192081 
0.027189  4.182071 
0.028700  4.172158 
0.030210  4.162370 
0.031721  4.152739 
0.033231  4.143295 
0.034742  4.134069 
0.036252  4.125090 
0.037763  4.116387 
0.039273  4.107988 
0.040784  4.099918 
0.042294  4.092198 
0.043805  4.084848 
0.045315  4.077880 
0.046826  4.071304 
0.048336  4.065122 
0.049847  4.059333 
0.051358  4.053926 
0.052868  4.048883 
0.054379  4.044179 
0.055889  4.039781 
0.057399  4.035648 
0.058910  4.031730 
0.060421  4.027966 
0.061931  4.024290 
0.063442  4.020625 
0.064952  4.016887 
0.066463  4.012984 
0.067973  4.008819 
0.069484  4.004293 
0.070994  3.999310 
0.072505  3.993783 
0.074015  3.987646 
0.075526  3.980861 
0.077036  3.973429 
0.078547  3.965397 
0.080057  3.956860 
0.081568  3.947956 
0.083078  3.938858 
0.084589  3.929753 
0.086099  3.920831 
0.087610  3.912269 
0.089120  3.904217 
0.090631  3.896792 
0.092141  3.890073 
0.093652  3.884100 
0.095162  3.878881 
0.096673  3.874393 
0.098183  3.870592 
0.099694  3.867418 
0.101204  3.864801 
0.102715  3.862668 
0.104225  3.860947 
0.105736  3.859569 
0.107246  3.858471 
0.108757  3.857595 
0.110268  3.856892 
0.111778  3.856320 
0.113289  3.855844 
0.114799  3.855434 
0.116310  3.855066 
0.117820  3.854724 
0.119331  3.854392 
0.120841  3.854062 
0.122352  3.853727 
0.123862  3.853382 
0.125373  3.853027 
0.126883  3.852661 
0.128394  3.852288 
0.129904  3.851908 
0.131415  3.851527 
0.132925  3.851148 
0.134436  3.850777 
0.135946  3.850417 
0.137457  3.850075 
0.138967  3.849754 
0.140478  3.849459 
0.141988  3.849194 
0.143499  3.848964 
0.145009  3.848771 
0.146520  3.848618 
0.148030  3.848507 
0.149541  3.848439 
0.151051  3.848417 


0.000000  4.355357 
0.001510  4.363464 
0.003021  4.371601 
0.004531  4.379532 
0.006042  4.387247 
0.007553  4.394733 
0.009063  4.401976 
0.010574  4.408958 
0.012084  4.415661 
0.013595  4.422063 
0.015105  4.428140 
0.016616  4.433867 
0.018126  4.439219 
0.019637  4.444167 
0.021147  4.448684 
0.022658  4.452745 
0.024168  4.456324 
0.025679  4.459397 
0.027189  4.461944 
0.028700  4.463944 
0.030210  4.465384 
0.031721  4.466250 
0.033231  4.466532 
0.034742  4.466225 
0.036252  4.465325 
0.037763  4.463827 
0.039273  4.461731 
0.040784  4.459032 
0.042294  4.455724 
0.043805  4.451793 
0.045315  4.447218 
0.046826  4.441972 
0.048336  4.436018 
0.049847  4.429321 
0.051358  4.421856 
0.052868  4.413619 
0.054379  4.404631 
0.055889  4.394943 
0.057399  4.384621 
0.058910  4.373746 
0.060421  4.362395 
0.061931  4.350648 
0.063442  4.338578 
0.064952  4.326253 
0.066463  4.313741 
0.067973  4.301106 
0.069484  4.288412 
0.070994  4.275723 
0.072505  4.263102 
0.074015  4.250613 
0.075526  4.238319 
0.077036  4.226281 
0.078547  4.214563 
0.080057  4.203227 
0.081568  4.192336 
0.083078  4.181948 
0.084589  4.172114 
0.086099  4.162880 
0.087610  4.154285 
0.089120  4.146359 
0.090631  4.139124 
0.092141  4.132592 
0.093652  4.126766 
0.095162  4.121638 
0.096673  4.117192 
0.098183  4.113401 
0.099694  4.110234 
0.101204  4.107647 
0.102715  4.105595 
0.104225  4.104026 
0.105736  4.102886 
0.107246  4.102117 
0.108757  4.101660 
0.110268  4.101458 
0.111778  4.101453 
0.113289  4.101590 
0.114799  4.101815 
0.116310  4.102078 
0.117820  4.102334 
0.119331  4.102542 
0.120841  4.102666 
0.122352  4.102676 
0.123862  4.102550 
0.125373  4.102270 
0.126883  4.101827 
0.128394  4.101220 
0.129904  4.100454 
0.131415  4.099542 
0.132925  4.098502 
0.134436  4.097360 
0.135946  4.096146 
0.137457  4.094894 
0.138967  4.093639 
0.140478  4.092419 
0.141988  4.091271 
0.143499  4.090231 
0.145009  4.089331 
0.146520  4.088600 
0.148030  4.088060 
0.149541  4.087730 
0.151051  4.087618 


0.000000  4.793641 
0.001510  4.787153 
0.003021  4.780016 
0.004531  4.772470 
0.006042  4.764551 
0.007553  4.756297 
0.009063  4.747741 
0.010574  4.738919 
0.012084  4.729861 
0.013595  4.720599 
0.015105  4.711162 
0.016616  4.701576 
0.018126  4.691867 
0.019637  4.682058 
0.021147  4.672169 
0.022658  4.662218 
0.024168  4.652223 
0.025679  4.642197 
0.027189  4.632153 
0.028700  4.622103 
0.030210  4.612055 
0.031721  4.602020 
0.033231  4.592006 
0.034742  4.582021 
0.036252  4.572077 
0.037763  4.562187 
0.039273  4.552366 
0.040784  4.542638 
0.042294  4.533032 
0.043805  4.523588 
0.045315  4.514360 
0.046826  4.505412 
0.048336  4.496820 
0.049847  4.488663 
0.051358  4.481015 
0.052868  4.473931 
0.054379  4.467443 
0.055889  4.461559 
0.057399  4.456267 
0.058910  4.451545 
0.060421  4.440203 
0.061931  4.418699 
0.063442  4.397374 
0.064952  4.376365 
0.066463  4.355810 
0.067973  4.335854 
0.069484  4.316650 
0.070994  4.298351 
0.072505  4.281107 
0.074015  4.265054 
0.075526  4.250306 
0.077036  4.236943 
0.078547  4.225003 
0.080057  4.214474 
0.081568  4.205302 
0.083078  4.197394 
0.084589  4.190637 
0.086099  4.184901 
0.087610  4.180054 
0.089120  4.175968 
0.090631  4.172525 
0.092141  4.169619 
0.093652  4.167158 
0.095162  4.165061 
0.096673  4.163262 
0.098183  4.161705 
0.099694  4.160344 
0.101204  4.159139 
0.102715  4.158060 
0.104225  4.157082 
0.105736  4.156184 
0.107246  4.155350 
0.108757  4.154568 
0.110268  4.153827 
0.111778  4.153121 
0.113289  4.152442 
0.114799  4.151786 
0.116310  4.151152 
0.117820  4.150536 
0.119331  4.149938 
0.120841  4.149356 
0.122352  4.148792 
0.123862  4.148244 
0.125373  4.147716 
0.126883  4.147206 
0.128394  4.146717 
0.129904  4.146250 
0.131415  4.145807 
0.132925  4.145389 
0.134436  4.144997 
0.135946  4.144634 
0.137457  4.144301 
0.138967  4.143998 
0.140478  4.143728 
0.141988  4.143491 
0.143499  4.143289 
0.145009  4.143122 
0.146520  4.142992 
0.148030  4.142898 
0.149541  4.142842 
0.151051  4.142823 


0.000000  4.794056 
0.001510  4.800061 
0.003021  4.805748 
0.004531  4.810878 
0.006042  4.815414 
0.007553  4.819319 
0.009063  4.822557 
0.010574  4.825095 
0.012084  4.826899 
0.013595  4.827938 
0.015105  4.828181 
0.016616  4.827602 
0.018126  4.826174 
0.019637  4.823873 
0.021147  4.820680 
0.022658  4.816575 
0.024168  4.811545 
0.025679  4.805576 
0.027189  4.798660 
0.028700  4.790793 
0.030210  4.781972 
0.031721  4.772200 
0.033231  4.761484 
0.034742  4.749833 
0.036252  4.737262 
0.037763  4.723791 
0.039273  4.709441 
0.040784  4.694241 
0.042294  4.678222 
0.043805  4.661421 
0.045315  4.643878 
0.046826  4.625639 
0.048336  4.606754 
0.049847  4.587279 
0.051358  4.567274 
0.052868  4.546804 
0.054379  4.525941 
0.055889  4.504763 
0.057399  4.483356 
0.058910  4.461816 
0.060421  4.447415 
0.061931  4.443786 
0.063442  4.440697 
0.064952  4.438130 
0.066463  4.436078 
0.067973  4.434536 
0.069484  4.433497 
0.070994  4.432951 
0.072505  4.432887 
0.074015  4.433291 
0.075526  4.434142 
0.077036  4.435418 
0.078547  4.437091 
0.080057  4.439130 
0.081568  4.441498 
0.083078  4.444158 
0.084589  4.447066 
0.086099  4.450176 
0.087610  4.453440 
0.089120  4.456807 
0.090631  4.460224 
0.092141  4.463639 
0.093652  4.466996 
0.095162  4.470241 
0.096673  4.473320 
0.098183  4.476183 
0.099694  4.478779 
0.101204  4.481064 
0.102715  4.482997 
0.104225  4.484543 
0.105736  4.485675 
0.107246  4.486372 
0.108757  4.486624 
0.110268  4.486427 
0.111778  4.485789 
0.113289  4.484726 
0.114799  4.483262 
0.116310  4.481432 
0.117820  4.479274 
0.119331  4.476835 
0.120841  4.474165 
0.122352  4.471317 
0.123862  4.468343 
0.125373  4.465298 
0.126883  4.462232 
0.128394  4.459194 
0.129904  4.456225 
0.131415  4.453365 
0.132925  4.450646 
0.134436  4.448095 
0.135946  4.445733 
0.137457  4.443577 
0.138967  4.441639 
0.140478  4.439925 
0.141988  4.438440 
0.143499  4.437185 
0.145009  4.436162 
0.146520  4.435368 
0.148030  4.434802 
0.149541  4.434463 
0.151051  4.434351 


0.000000  6.116424 
0.001510  6.112630 
0.003021  6.107215 
0.004531  6.101143 
0.006042  6.094489 
0.007553  6.087297 
0.009063  6.079609 
0.010574  6.071463 
0.012084  6.062899 
0.013595  6.053958 
0.015105  6.044680 
0.016616  6.035104 
0.018126  6.025271 
0.019637  6.015220 
0.021147  6.004993 
0.022658  5.994627 
0.024168  5.984162 
0.025679  5.973637 
0.027189  5.963090 
0.028700  5.952558 
0.030210  5.942080 
0.031721  5.931691 
0.033231  5.921429 
0.034742  5.911328 
0.036252  5.901426 
0.037763  5.891756 
0.039273  5.882354 
0.040784  5.873255 
0.042294  5.864492 
0.043805  5.856100 
0.045315  5.848113 
0.046826  5.840564 
0.048336  5.833485 
0.049847  5.826900 
0.051358  5.820780 
0.052868  5.809278 
0.054379  5.789938 
0.055889  5.770244 
0.057399  5.750332 
0.058910  5.730247 
0.060421  5.710027 
0.061931  5.689705 
0.063442  5.669317 
0.064952  5.648896 
0.066463  5.628474 
0.067973  5.608085 
0.069484  5.587761 
0.070994  5.567535 
0.072505  5.547438 
0.074015  5.527504 
0.075526  5.507763 
0.077036  5.488249 
0.078547  5.468994 
0.080057  5.450031 
0.081568  5.431394 
0.083078  5.413116 
0.084589  5.395232 
0.086099  5.377777 
0.087610  5.360787 
0.089120  5.344299 
0.090631  5.328348 
0.092141  5.312974 
0.093652  5.298212 
0.095162  5.284100 
0.096673  5.270674 
0.098183  5.257968 
0.099694  5.246015 
0.101204  5.234845 
0.102715  5.224483 
0.104225  5.214952 
0.105736  5.206265 
0.107246  5.198434 
0.108757  5.191459 
0.110268  5.185336 
0.111778  5.180050 
0.113289  5.175580 
0.114799  5.171897 
0.116310  5.168963 
0.117820  5.166734 
0.119331  5.165162 
0.120841  5.164192 
0.122352  5.163766 
0.123862  5.163823 
0.125373  5.164302 
0.126883  5.165139 
0.128394  5.166274 
0.129904  5.167646 
0.131415  5.169195 
0.132925  5.170866 
0.134436  5.172606 
0.135946  5.174366 
0.137457  5.176099 
0.138967  5.177763 
0.140478  5.179322 
0.141988  5.180741 
0.143499  5.181991 
0.145009  5.183048 
0.146520  5.183891 
0.148030  5.184504 
0.149541  5.184877 
0.151051  5.185002 


0.000000  6.118879 
0.001510  6.122003 
0.003021  6.125411 
0.004531  6.128144 
0.006042  6.130137 
0.007553  6.131360 
0.009063  6.131788 
0.010574  6.131405 
0.012084  6.130194 
0.013595  6.128145 
0.015105  6.125248 
0.016616  6.121500 
0.018126  6.116897 
0.019637  6.111442 
0.021147  6.105138 
0.022658  6.097992 
0.024168  6.090016 
0.025679  6.081220 
0.027189  6.071622 
0.028700  6.061238 
0.030210  6.050088 
0.031721  6.038196 
0.033231  6.025583 
0.034742  6.012277 
0.036252  5.998304 
0.037763  5.983693 
0.039273  5.968475 
0.040784  5.952680 
0.042294  5.936340 
0.043805  5.919488 
0.045315  5.902159 
0.046826  5.884386 
0.048336  5.866208 
0.049847  5.847665 
0.051358  5.828860 
0.052868  5.815704 
0.054379  5.810723 
0.055889  5.806501 
0.057399  5.802968 
0.058910  5.800146 
0.060421  5.798061 
0.061931  5.796744 
0.063442  5.796221 
0.064952  5.796519 
0.066463  5.797663 
0.067973  5.799673 
0.069484  5.802571 
0.070994  5.806372 
0.072505  5.811090 
0.074015  5.816734 
0.075526  5.823309 
0.077036  5.830819 
0.078547  5.839258 
0.080057  5.848621 
0.081568  5.858894 
0.083078  5.870059 
0.084589  5.882096 
0.086099  5.894976 
0.087610  5.908669 
0.089120  5.923137 
0.090631  5.938340 
0.092141  5.954233 
0.093652  5.970768 
0.095162  5.987893 
0.096673  6.005552 
0.098183  6.023688 
0.099694  6.042241 
0.101204  6.061149 
0.102715  6.080348 
0.104225  6.099773 
0.105736  6.119360 
0.107246  6.139043 
0.108757  6.158755 
0.110268  6.178430 
0.111778  6.198001 
0.113289  6.217401 
0.114799  6.236558 
0.116310  6.255390 
0.117820  6.273770 
0.119331  6.291286 
0.120841  6.303009 
0.122352  6.302061 
0.123862  6.299405 
0.125373  6.296673 
0.126883  6.294029 
0.128394  6.291517 
0.129904  6.289152 
0.131415  6.286940 
0.132925  6.284886 
0.134436  6.282992 
0.135946  6.281260 
0.137457  6.279691 
0.138967  6.278285 
0.140478  6.277044 
0.141988  6.275967 
0.143499  6.275056 
0.145009  6.274310 
0.146520  6.273729 
0.148030  6.273314 
0.149541  6.273065 
0.151051  6.272982 


0.000000  7.099404 
0.001510  7.086474 
0.003021  7.071760 
0.004531  7.056970 
0.006042  7.042139 
0.007553  7.027277 
0.009063  7.012391 
0.010574  6.997487 
0.012084  6.982572 
0.013595  6.967654 
0.015105  6.952742 
0.016616  6.937844 
0.018126  6.922970 
0.019637  6.908132 
0.021147  6.893341 
0.022658  6.878610 
0.024168  6.863951 
0.025679  6.849377 
0.027189  6.834902 
0.028700  6.820539 
0.030210  6.806301 
0.031721  6.792201 
0.033231  6.778252 
0.034742  6.764466 
0.036252  6.750855 
0.037763  6.737428 
0.039273  6.724196 
0.040784  6.711167 
0.042294  6.698349 
0.043805  6.685749 
0.045315  6.673373 
0.046826  6.661224 
0.048336  6.649307 
0.049847  6.637623 
0.051358  6.626175 
0.052868  6.614963 
0.054379  6.603987 
0.055889  6.593245 
0.057399  6.582735 
0.058910  6.572455 
0.060421  6.562402 
0.061931  6.552572 
0.063442  6.542962 
0.064952  6.533567 
0.066463  6.524383 
0.067973  6.515404 
0.069484  6.506627 
0.070994  6.498047 
0.072505  6.489659 
0.074015  6.481458 
0.075526  6.473439 
0.077036  6.465600 
0.078547  6.457935 
0.080057  6.450441 
0.081568  6.443113 
0.083078  6.435950 
0.084589  6.428948 
0.086099  6.422104 
0.087610  6.415416 
0.089120  6.408882 
0.090631  6.402501 
0.092141  6.396270 
0.093652  6.390189 
0.095162  6.384257 
0.096673  6.378474 
0.098183  6.372839 
0.099694  6.367352 
0.101204  6.362013 
0.102715  6.356823 
0.104225  6.351783 
0.105736  6.346893 
0.107246  6.342156 
0.108757  6.337571 
0.110268  6.333143 
0.111778  6.328874 
0.113289  6.324769 
0.114799  6.320839 
0.116310  6.317105 
0.117820  6.313637 
0.119331  6.310790 
0.120841  6.313437 
0.122352  6.328404 
0.123862  6.344676 
0.125373  6.360575 
0.126883  6.375887 
0.128394  6.390526 
0.129904  6.404436 
0.131415  6.417570 
0.132925  6.429887 
0.134436  6.441350 
0.135946  6.451927 
0.137457  6.461586 
0.138967  6.470302 
0.140478  6.478049 
0.141988  6.484807 
0.143499  6.490557 
0.145009  6.495282 
0.146520  6.498971 
0.148030  6.501613 
0.149541  6.503201 
0.151051  6.503731 


0.000000  7.103274 
0.001510  7.116164 
0.003021  7.130756 
0.004531  7.145344 
0.006042  7.159894 
0.007553  7.174395 
0.009063  7.188842 
0.010574  7.203228 
0.012084  7.217549 
0.013595  7.231798 
0.015105  7.245968 
0.016616  7.260052 
0.018126  7.274040 
0.019637  7.287925 
0.021147  7.301696 
0.022658  7.315343 
0.024168  7.328854 
0.025679  7.342220 
0.027189  7.355427 
0.028700  7.368465 
0.030210  7.381320 
0.031721  7.393981 
0.033231  7.406435 
0.034742  7.418669 
0.036252  7.430672 
0.037763  7.442430 
0.039273  7.453931 
0.040784  7.465162 
0.042294  7.476109 
0.043805  7.486761 
0.045315  7.497104 
0.046826  7.507123 
0.048336  7.516806 
0.049847  7.526136 
0.051358  7.535100 
0.052868  7.543681 
0.054379  7.551863 
0.055889  7.559629 
0.057399  7.566960 
0.058910  7.573836 
0.060421  7.580238 
0.061931  7.586145 
0.063442  7.591534 
0.064952  7.596382 
0.066463  7.600664 
0.067973  7.604356 
0.069484  7.607432 
0.070994  7.609865 
0.072505  7.611629 
0.074015  7.612697 
0.075526  7.613045 
0.077036  7.612645 
0.078547  7.611475 
0.080057  7.609514 
0.081568  7.606740 
0.083078  7.603139 
0.084589  7.598698 
0.086099  7.593408 
0.087610  7.587267 
0.089120  7.580275 
0.090631  7.572441 
0.092141  7.563779 
0.093652  7.554308 
0.095162  7.544053 
0.096673  7.533048 
0.098183  7.521329 
0.099694  7.508940 
0.101204  7.495930 
0.102715  7.482353 
0.104225  7.468264 
0.105736  7.453726 
0.107246  7.438801 
0.108757  7.423557 
0.110268  7.408061 
0.111778  7.392382 
0.113289  7.376591 
0.114799  7.360757 
0.116310  7.344952 
0.117820  7.329243 
0.119331  7.313700 
0.120841  7.298390 
0.122352  7.283379 
0.123862  7.268729 
0.125373  7.254502 
0.126883  7.240758 
0.128394  7.227552 
0.129904  7.214938 
0.131415  7.202968 
0.132925  7.191688 
0.134436  7.181144 
0.135946  7.171376 
0.137457  7.162423 
0.138967  7.154319 
0.140478  7.147094 
0.141988  7.140777 
0.143499  7.135391 
0.145009  7.130957 
0.146520  7.127491 
0.148030  7.125006 
0.149541  7.123511 
0.151051  7.123013 


0.000000  8.002336 
0.001510  7.996554 
0.003021  7.989781 
0.004531  7.983326 
0.006042  7.977236 
0.007553  7.971527 
0.009063  7.966206 
0.010574  7.961275 
0.012084  7.956737 
0.013595  7.952593 
0.015105  7.948839 
0.016616  7.945475 
0.018126  7.942495 
0.019637  7.939896 
0.021147  7.937672 
0.022658  7.935814 
0.024168  7.934316 
0.025679  7.933168 
0.027189  7.932362 
0.028700  7.931885 
0.030210  7.931729 
0.031721  7.931881 
0.033231  7.932329 
0.034742  7.933060 
0.036252  7.934061 
0.037763  7.935319 
0.039273  7.936820 
0.040784  7.938549 
0.042294  7.940494 
0.043805  7.942639 
0.045315  7.944969 
0.046826  7.947471 
0.048336  7.950129 
0.049847  7.952929 
0.051358  7.955857 
0.052868  7.958899 
0.054379  7.962040 
0.055889  7.965266 
0.057399  7.968565 
0.058910  7.971924 
0.060421  7.975328 
0.061931  7.978767 
0.063442  7.982227 
0.064952  7.985699 
0.066463  7.989170 
0.067973  7.992630 
0.069484  7.996070 
0.070994  7.999481 
0.072505  8.002853 
0.074015  8.006178 
0.075526  8.009450 
0.077036  8.012660 
0.078547  8.015803 
0.080057  8.018874 
0.081568  8.021866 
0.083078  8.024776 
0.084589  8.027599 
0.086099  8.030333 
0.087610  8.032973 
0.089120  8.035519 
0.090631  8.037968 
0.092141  8.040319 
0.093652  8.042571 
0.095162  8.044724 
0.096673  8.046777 
0.098183  8.048732 
0.099694  8.050589 
0.101204  8.052348 
0.102715  8.054013 
0.104225  8.055583 
0.105736  8.057062 
0.107246  8.058452 
0.108757  8.059755 
0.110268  8.060973 
0.111778  8.062110 
0.113289  8.063168 
0.114799  8.064150 
0.116310  8.065060 
0.117820  8.065900 
0.119331  8.066675 
0.120841  8.067386 
0.122352  8.068038 
0.123862  8.068633 
0.125373  8.069175 
0.126883  8.069667 
0.128394  8.070112 
0.129904  8.070513 
0.131415  8.070872 
0.132925  8.071193 
0.134436  8.071477 
0.135946  8.071729 
0.137457  8.071949 
0.138967  8.072140 
0.140478  8.072304 
0.141988  8.072442 
0.143499  8.072557 
0.145009  8.072648 
0.146520  8.072719 
0.148030  8.072768 
0.149541  8.072798 
0.151051  8.072808 


0.000000  8.005569 
0.001510  8.011707 
0.003021  8.019546 
0.004531  8.027773 
0.006042  8.036332 
0.007553  8.045197 
0.009063  8.054349 
0.010574  8.063766 
0.012084  8.073426 
0.013595  8.083309 
0.015105  8.093389 
0.016616  8.103642 
0.018126  8.114041 
0.019637  8.124559 
0.021147  8.135166 
0.022658  8.145833 
0.024168  8.156530 
0.025679  8.167224 
0.027189  8.177884 
0.028700  8.188476 
0.030210  8.198968 
0.031721  8.209326 
0.033231  8.219517 
0.034742  8.229508 
0.036252  8.239266 
0.037763  8.248759 
0.039273  8.257956 
0.040784  8.266826 
0.042294  8.275342 
0.043805  8.283474 
0.045315  8.291199 
0.046826  8.298492 
0.048336  8.305333 
0.049847  8.311701 
0.051358  8.317581 
0.052868  8.322960 
0.054379  8.327827 
0.055889  8.332174 
0.057399  8.335999 
0.058910  8.339300 
0.060421  8.342080 
0.061931  8.344347 
0.063442  8.346111 
0.064952  8.347386 
0.066463  8.348191 
0.067973  8.348547 
0.069484  8.348479 
0.070994  8.348016 
0.072505  8.347190 
0.074015  8.346035 
0.075526  8.344588 
0.077036  8.342888 
0.078547  8.340975 
0.080057  8.338891 
0.081568  8.336676 
0.083078  8.334373 
0.084589  8.332021 
0.086099  8.329659 
0.087610  8.327323 
0.089120  8.325046 
0.090631  8.322858 
0.092141  8.320786 
0.093652  8.318853 
0.095162  8.317076 
0.096673  8.315470 
0.098183  8.314045 
0.099694  8.312808 
0.101204  8.311761 
0.102715  8.310903 
0.104225  8.310232 
0.105736  8.309741 
0.107246  8.309421 
0.108757  8.309265 
0.110268  8.309259 
0.111778  8.309392 
0.113289  8.309650 
0.114799  8.310021 
0.116310  8.310491 
0.117820  8.311046 
0.119331  8.311673 
0.120841  8.312358 
0.122352  8.313090 
0.123862  8.313855 
0.125373  8.314643 
0.126883  8.315442 
0.128394  8.316242 
0.129904  8.317033 
0.131415  8.317807 
0.132925  8.318556 
0.134436  8.319271 
0.135946  8.319947 
0.137457  8.320576 
0.138967  8.321153 
0.140478  8.321674 
0.141988  8.322134 
0.143499  8.322529 
0.145009  8.322857 
0.146520  8.323114 
0.148030  8.323299 
0.149541  8.323411 
0.151051  8.323448 


