0.30655011525195297 0.4324544250476645 1.251464169649239 0.4359935263473363 0.46428932401037004 0.05765784507343089
0.0010342225050874454 0.16840238987377276 88.62567093504653 0.1861524190341844 0.13171555167118296 0.09262005659356252
0.154493010299102 0.6975557131995052 51.77019234559772 0.06507896216531632 0.07967947546040453 0.09721923962778335
0.013903029004462386 0.6208199190540142 68.25921637062278 0.2270532832298985 0.2982348067077404 0.14091897266557163
0.020727010242565846 0.04005837927356559 31.110387594158908 0.45613807645473786 0.1254465770314405 0.09020311261302069
1.5638568180148402 4.507238621380682 5350.586895777751 2.1746972962284055 0.07338069960027907 0.04440673729035282
0.2663469982550257 0.3139417738997716 18.21091287881177 0.4294111716491968 0.4862296915506995 0.05733517719333719
1.5257237397701255 2.171221847569326 2619.1945887889765 0.8757298889839117 0.057790353857800805 0.0921574314556577
0.6873490101166846 4.1816427593662056 1119.723595024767 0.812752483447716 0.12740405642816918 0.058567461607351705
1.034770959953006 2.104620533772949 561.8649116432354 0.4231189903938826 0.10320752464691399 0.052524325031038314
1.3225756047128092 3.0944893021300452 3327.1066038889044 0.9205786925408396 0.06318955424998522 0.07750591112322838
1.339445997801287 2.6652928864822623 3419.0716624930565 0.7789712604589696 0.07556127128236824 0.05498088179350166
0.18661799502328247 0.8645126435034793 27.92613195716538 1.1515308500729047 0.09114627871730356 0.060388593332759616
0.4214301618532925 2.445663396063209 203.67308844535427 0.17229564830355212 0.1918812386625146 0.06043131919825625
0.017469538981333965 0.8633908205105749 65.58238797801003 0.13392173724798342 0.1502323030547792 0.12463892326182135
0.0036960040160001206 0.6417401045573543 70.97320873994273 0.1506616239823912 0.23400581102285603 0.0989572912108965
0.027211989713785467 0.956310260228241 76.72354397183966 0.15872624807496952 0.17885479285918524 0.09387296796189365
0.13936299491588278 0.7858297069533933 25.93801236534003 0.19990867868846018 0.25139936525187945 0.060942485698366
0.16297302050187223 0.5312632098586514 45.331227526342175 0.26686960633728724 0.4827945540477825 0.08472386490469
0.04880300689342576 2.2026997988394976 13.733541950608497 0.06863415629704024 0.1659949600500267 0.06685014203944807
0.030188010246894326 0.6791023224170782 74.05275459115249 0.1550081383149704 0.1058454411044534 0.07019017241890604
0.013981006086202452 0.11972835224485578 40.829050894087345 0.3312003526718993 0.06968208586898778 0.059538331196780994
0.07008700569081894 0.7630055021046136 16.249472350436662 0.12990454073758473 0.11458198386882361 0.08041182541997534
0.11780519801922873 0.5493421917869599 5.437857421732275 0.09575091361772686 0.13875110925931927 0.09405280552133136
0.0317130021761467 0.5647111689747 63.1105196702935 0.13976742279704027 0.2073011110610575 0.08863052721703218
0.07754299233424167 0.9409865944852518 67.15880022350753 0.11996924316018177 0.15631010881007198 0.08442636537506706
0.08657416074685154 0.23365507147841846 33.6564688738726 0.17473820539748294 0.1470784337926832 0.09713654761827546
0.15506501029069142 0.8087211933817073 45.70844076913387 0.06583362952478981 0.08060715068022013 0.0652965350626922
0.22675180659323502 0.18169624372865467 17.55825660641375 0.43047294347115606 0.11236046437205856 0.05995549999692922
0.00603399646671221 0.6236800243338063 70.20355549182536 0.14854195291027966 0.21303743288064603 0.09332505179881213
0.029036008485133102 0.08885496490257783 23.588690863135326 0.11743594583017368 0.175160992932537 0.09052712391433725
0.18202199165829613 0.18862279722379505 27.30175161471726 0.074494134789154 0.09100081263274341 0.062025102312311446
