# distance  frequency (bands are separated by blank lines)
# End points of segments: 
#   0.00000000 0.17553980 
0.000000  -0.000000 
0.001755  -0.016229 
0.003511  -0.032165 
0.005266  -0.047507 
0.007022  -0.061941 
0.008777  -0.075132 
0.010532  -0.086707 
0.012288  -0.096238 
0.014043  -0.103207 
0.015799  -0.106949 
0.017554  -0.106523 
0.019309  -0.100426 
0.021065  -0.085689 
0.022820  -0.052870 
0.024576  0.062371 
0.026331  0.114255 
0.028086  0.158243 
0.029842  0.200486 
0.031597  0.242608 
0.033353  0.285255 
0.035108  0.328726 
0.036863  0.373165 
0.038619  0.418635 
0.040374  0.465153 
0.042130  0.512711 
0.043885  0.561284 
0.045640  0.610835 
0.047396  0.661322 
0.049151  0.712697 
0.050907  0.764911 
0.052662  0.817911 
0.054417  0.871645 
0.056173  0.926062 
0.057928  0.981107 
0.059684  1.036731 
0.061439  1.092880 
0.063194  1.149505 
0.064950  1.206556 
0.066705  1.263985 
0.068460  1.321746 
0.070216  1.379792 
0.071971  1.438078 
0.073727  1.496561 
0.075482  1.555198 
0.077238  1.613949 
0.078993  1.672773 
0.080748  1.731631 
0.082504  1.790486 
0.084259  1.849300 
0.086014  1.908039 
0.087770  1.966666 
0.089525  2.025148 
0.091281  2.083453 
0.093036  2.141546 
0.094792  2.199398 
0.096547  2.256975 
0.098302  2.314249 
0.100058  2.371188 
0.101813  2.427763 
0.103568  2.483944 
0.105324  2.539701 
0.107079  2.595005 
0.108835  2.649826 
0.110590  2.704134 
0.112345  2.757899 
0.114101  2.811090 
0.115856  2.851148 
0.117612  2.873038 
0.119367  2.894126 
0.121122  2.914414 
0.122878  2.933903 
0.124633  2.952598 
0.126389  2.970502 
0.128144  2.987621 
0.129899  3.003962 
0.131655  3.019532 
0.133410  3.034340 
0.135166  3.048397 
0.136921  3.061712 
0.138676  3.074298 
0.140432  3.086167 
0.142187  3.097332 
0.143943  3.107806 
0.145698  3.117604 
0.147453  3.126740 
0.149209  3.135229 
0.150964  3.143085 
0.152720  3.150323 
0.154475  3.156957 
0.156230  3.163002 
0.157986  3.168470 
0.159741  3.173375 
0.161497  3.177728 
0.163252  3.181541 
0.165007  3.184824 
0.166763  3.187586 
0.168518  3.189835 
0.170274  3.191578 
0.172029  3.192818 
0.173784  3.193561 
0.175540  3.193809 


0.000000  0.000000 
0.001755  0.056088 
0.003511  0.112149 
0.005266  0.168159 
0.007022  0.224090 
0.008777  0.279917 
0.010532  0.335616 
0.012288  0.391160 
0.014043  0.446527 
0.015799  0.501691 
0.017554  0.556630 
0.019309  0.611322 
0.021065  0.665744 
0.022820  0.719876 
0.024576  0.773698 
0.026331  0.827190 
0.028086  0.880334 
0.029842  0.933112 
0.031597  0.985509 
0.033353  1.037508 
0.035108  1.089095 
0.036863  1.140255 
0.038619  1.190975 
0.040374  1.241244 
0.042130  1.291049 
0.043885  1.340380 
0.045640  1.389226 
0.047396  1.437577 
0.049151  1.485426 
0.050907  1.532762 
0.052662  1.579578 
0.054417  1.625866 
0.056173  1.671618 
0.057928  1.716826 
0.059684  1.761484 
0.061439  1.805584 
0.063194  1.849118 
0.064950  1.892081 
0.066705  1.934464 
0.068460  1.976259 
0.070216  2.017459 
0.071971  2.058057 
0.073727  2.098044 
0.075482  2.137412 
0.077238  2.176152 
0.078993  2.214256 
0.080748  2.251714 
0.082504  2.288518 
0.084259  2.324658 
0.086014  2.360124 
0.087770  2.394907 
0.089525  2.428996 
0.091281  2.462384 
0.093036  2.495058 
0.094792  2.527011 
0.096547  2.558233 
0.098302  2.588714 
0.100058  2.618446 
0.101813  2.647421 
0.103568  2.675630 
0.105324  2.703067 
0.107079  2.729724 
0.108835  2.755597 
0.110590  2.780679 
0.112345  2.804967 
0.114101  2.828457 
0.115856  2.863675 
0.117612  2.915622 
0.119367  2.966897 
0.121122  3.017467 
0.122878  3.067295 
0.124633  3.116344 
0.126389  3.164574 
0.128144  3.211946 
0.129899  3.258415 
0.131655  3.303938 
0.133410  3.348466 
0.135166  3.391950 
0.136921  3.434336 
0.138676  3.475569 
0.140432  3.515591 
0.142187  3.554340 
0.143943  3.591752 
0.145698  3.627760 
0.147453  3.662293 
0.149209  3.695280 
0.150964  3.726645 
0.152720  3.756311 
0.154475  3.784201 
0.156230  3.810236 
0.157986  3.834337 
0.159741  3.856428 
0.161497  3.876432 
0.163252  3.894277 
0.165007  3.909895 
0.166763  3.923226 
0.168518  3.934213 
0.170274  3.942809 
0.172029  3.948977 
0.173784  3.952689 
0.175540  3.953928 


0.000000  0.000000 
0.001755  0.088895 
0.003511  0.177759 
0.005266  0.266561 
0.007022  0.355270 
0.008777  0.443856 
0.010532  0.532287 
0.012288  0.620533 
0.014043  0.708563 
0.015799  0.796347 
0.017554  0.883854 
0.019309  0.971055 
0.021065  1.057918 
0.022820  1.144414 
0.024576  1.230514 
0.026331  1.316187 
0.028086  1.401404 
0.029842  1.486137 
0.031597  1.570355 
0.033353  1.654029 
0.035108  1.737132 
0.036863  1.819634 
0.038619  1.901507 
0.040374  1.982722 
0.042130  2.063251 
0.043885  2.143065 
0.045640  2.222137 
0.047396  2.300438 
0.049151  2.377940 
0.050907  2.454614 
0.052662  2.530433 
0.054417  2.605368 
0.056173  2.679391 
0.057928  2.752472 
0.059684  2.824583 
0.061439  2.895695 
0.063194  2.965779 
0.064950  3.034804 
0.066705  3.102741 
0.068460  3.169559 
0.070216  3.235228 
0.071971  3.299717 
0.073727  3.362994 
0.075482  3.425026 
0.077238  3.485782 
0.078993  3.545230 
0.080748  3.603335 
0.082504  3.660064 
0.084259  3.715384 
0.086014  3.769261 
0.087770  3.821661 
0.089525  3.872551 
0.091281  3.921896 
0.093036  3.969666 
0.094792  4.015827 
0.096547  4.060349 
0.098302  4.103203 
0.100058  4.144362 
0.101813  4.183800 
0.103568  4.221497 
0.105324  4.257433 
0.107079  4.291595 
0.108835  4.323971 
0.110590  4.354559 
0.112345  4.383357 
0.114101  4.410374 
0.115856  4.435622 
0.117612  4.459122 
0.119367  4.480900 
0.121122  4.500992 
0.122878  4.519438 
0.124633  4.536286 
0.126389  4.551590 
0.128144  4.565412 
0.129899  4.577817 
0.131655  4.588876 
0.133410  4.598663 
0.135166  4.607256 
0.136921  4.614735 
0.138676  4.621182 
0.140432  4.626679 
0.142187  4.631308 
0.143943  4.635150 
0.145698  4.638285 
0.147453  4.640792 
0.149209  4.642745 
0.150964  4.644216 
0.152720  4.645275 
0.154475  4.645985 
0.156230  4.646409 
0.157986  4.646602 
0.159741  4.646618 
0.161497  4.646502 
0.163252  4.646299 
0.165007  4.646045 
0.166763  4.645775 
0.168518  4.645515 
0.170274  4.645289 
0.172029  4.645115 
0.173784  4.645005 
0.175540  4.644968 


0.000000  4.893263 
0.001755  4.893406 
0.003511  4.893832 
0.005266  4.894542 
0.007022  4.895534 
0.008777  4.896808 
0.010532  4.898361 
0.012288  4.900191 
0.014043  4.902296 
0.015799  4.904673 
0.017554  4.907318 
0.019309  4.910227 
0.021065  4.913398 
0.022820  4.916824 
0.024576  4.920501 
0.026331  4.924424 
0.028086  4.928587 
0.029842  4.932983 
0.031597  4.937607 
0.033353  4.942452 
0.035108  4.947510 
0.036863  4.952774 
0.038619  4.958235 
0.040374  4.963887 
0.042130  4.969719 
0.043885  4.975724 
0.045640  4.981893 
0.047396  4.988215 
0.049151  4.994683 
0.050907  5.001285 
0.052662  5.008012 
0.054417  5.014854 
0.056173  5.021802 
0.057928  5.028843 
0.059684  5.035970 
0.061439  5.043171 
0.063194  5.050435 
0.064950  5.057753 
0.066705  5.065115 
0.068460  5.072511 
0.070216  5.079930 
0.071971  5.087362 
0.073727  5.094799 
0.075482  5.102231 
0.077238  5.109649 
0.078993  5.117043 
0.080748  5.124406 
0.082504  5.131728 
0.084259  5.139002 
0.086014  5.146220 
0.087770  5.153375 
0.089525  5.160460 
0.091281  5.167468 
0.093036  5.174392 
0.094792  5.181227 
0.096547  5.187967 
0.098302  5.194607 
0.100058  5.201142 
0.101813  5.207566 
0.103568  5.213877 
0.105324  5.220069 
0.107079  5.226140 
0.108835  5.232086 
0.110590  5.237903 
0.112345  5.243589 
0.114101  5.249141 
0.115856  5.254557 
0.117612  5.259835 
0.119367  5.264972 
0.121122  5.269967 
0.122878  5.274818 
0.124633  5.279523 
0.126389  5.284081 
0.128144  5.288491 
0.129899  5.292752 
0.131655  5.296862 
0.133410  5.300820 
0.135166  5.304626 
0.136921  5.308277 
0.138676  5.311774 
0.140432  5.315116 
0.142187  5.318301 
0.143943  5.321328 
0.145698  5.324198 
0.147453  5.326909 
0.149209  5.329459 
0.150964  5.331850 
0.152720  5.334079 
0.154475  5.336146 
0.156230  5.338051 
0.157986  5.339792 
0.159741  5.341370 
0.161497  5.342783 
0.163252  5.344031 
0.165007  5.345114 
0.166763  5.346031 
0.168518  5.346781 
0.170274  5.347366 
0.172029  5.347783 
0.173784  5.348034 
0.175540  5.348117 


0.000000  4.893264 
0.001755  4.893984 
0.003511  4.896144 
0.005266  4.899732 
0.007022  4.904733 
0.008777  4.911125 
0.010532  4.918879 
0.012288  4.927963 
0.014043  4.938336 
0.015799  4.949956 
0.017554  4.962774 
0.019309  4.976741 
0.021065  4.991801 
0.022820  5.007897 
0.024576  5.024970 
0.026331  5.042959 
0.028086  5.061802 
0.029842  5.081437 
0.031597  5.101800 
0.033353  5.122828 
0.035108  5.144459 
0.036863  5.166631 
0.038619  5.189284 
0.040374  5.212358 
0.042130  5.235795 
0.043885  5.259538 
0.045640  5.283533 
0.047396  5.307727 
0.049151  5.332069 
0.050907  5.356510 
0.052662  5.381004 
0.054417  5.405505 
0.056173  5.429970 
0.057928  5.454359 
0.059684  5.478633 
0.061439  5.502755 
0.063194  5.526689 
0.064950  5.550403 
0.066705  5.573865 
0.068460  5.597044 
0.070216  5.619912 
0.071971  5.642443 
0.073727  5.664610 
0.075482  5.686389 
0.077238  5.707756 
0.078993  5.728689 
0.080748  5.749167 
0.082504  5.769169 
0.084259  5.788676 
0.086014  5.807667 
0.087770  5.826125 
0.089525  5.844032 
0.091281  5.861369 
0.093036  5.878120 
0.094792  5.894267 
0.096547  5.909795 
0.098302  5.924686 
0.100058  5.938926 
0.101813  5.952499 
0.103568  5.965390 
0.105324  5.977584 
0.107079  5.989068 
0.108835  5.999829 
0.110590  6.009855 
0.112345  6.019134 
0.114101  6.027658 
0.115856  6.035416 
0.117612  6.042404 
0.119367  6.048616 
0.121122  6.054049 
0.122878  6.058704 
0.124633  6.062584 
0.126389  6.065695 
0.128144  6.068046 
0.129899  6.069651 
0.131655  6.070527 
0.133410  6.070695 
0.135166  6.070181 
0.136921  6.069017 
0.138676  6.067239 
0.140432  6.064888 
0.142187  6.062009 
0.143943  6.058654 
0.145698  6.054880 
0.147453  6.050747 
0.149209  6.046322 
0.150964  6.041673 
0.152720  6.036874 
0.154475  6.032001 
0.156230  6.027132 
0.157986  6.022345 
0.159741  6.017720 
0.161497  6.013333 
0.163252  6.009259 
0.165007  6.005568 
0.166763  6.002325 
0.168518  5.999588 
0.170274  5.997405 
0.172029  5.995817 
0.173784  5.994852 
0.175540  5.994528 


0.000000  7.071345 
0.001755  7.070971 
0.003511  7.069851 
0.005266  7.067988 
0.007022  7.065389 
0.008777  7.062060 
0.010532  7.058012 
0.012288  7.053257 
0.014043  7.047808 
0.015799  7.041682 
0.017554  7.034893 
0.019309  7.027461 
0.021065  7.019405 
0.022820  7.010743 
0.024576  7.001498 
0.026331  6.991689 
0.028086  6.981338 
0.029842  6.970468 
0.031597  6.959101 
0.033353  6.947258 
0.035108  6.934963 
0.036863  6.922237 
0.038619  6.909104 
0.040374  6.895587 
0.042130  6.881707 
0.043885  6.867488 
0.045640  6.852952 
0.047396  6.838123 
0.049151  6.823023 
0.050907  6.807677 
0.052662  6.792107 
0.054417  6.776339 
0.056173  6.760395 
0.057928  6.744301 
0.059684  6.728081 
0.061439  6.711763 
0.063194  6.695372 
0.064950  6.678936 
0.066705  6.662482 
0.068460  6.646039 
0.070216  6.629636 
0.071971  6.613304 
0.073727  6.597074 
0.075482  6.580978 
0.077238  6.565050 
0.078993  6.549324 
0.080748  6.533835 
0.082504  6.518619 
0.084259  6.503713 
0.086014  6.489154 
0.087770  6.474982 
0.089525  6.461235 
0.091281  6.447952 
0.093036  6.435174 
0.094792  6.422938 
0.096547  6.411284 
0.098302  6.400250 
0.100058  6.389872 
0.101813  6.380186 
0.103568  6.371224 
0.105324  6.363016 
0.107079  6.355589 
0.108835  6.348966 
0.110590  6.343164 
0.112345  6.338198 
0.114101  6.334075 
0.115856  6.330796 
0.117612  6.328357 
0.119367  6.326748 
0.121122  6.325950 
0.122878  6.325940 
0.124633  6.326687 
0.126389  6.328153 
0.128144  6.330297 
0.129899  6.333071 
0.131655  6.336421 
0.133410  6.340293 
0.135166  6.344626 
0.136921  6.349359 
0.138676  6.354428 
0.140432  6.359770 
0.142187  6.365320 
0.143943  6.371014 
0.145698  6.376789 
0.147453  6.382584 
0.149209  6.388341 
0.150964  6.394003 
0.152720  6.399515 
0.154475  6.404828 
0.156230  6.409893 
0.157986  6.414668 
0.159741  6.419110 
0.161497  6.423184 
0.163252  6.426856 
0.165007  6.430099 
0.166763  6.432885 
0.168518  6.435194 
0.170274  6.437008 
0.172029  6.438313 
0.173784  6.439100 
0.175540  6.439363 


0.000000  8.370530 
0.001755  8.370587 
0.003511  8.370755 
0.005266  8.371033 
0.007022  8.371419 
0.008777  8.371909 
0.010532  8.372499 
0.012288  8.373184 
0.014043  8.373957 
0.015799  8.374812 
0.017554  8.375739 
0.019309  8.376732 
0.021065  8.377782 
0.022820  8.378878 
0.024576  8.380010 
0.026331  8.381169 
0.028086  8.382344 
0.029842  8.383524 
0.031597  8.384699 
0.033353  8.385857 
0.035108  8.386987 
0.036863  8.388080 
0.038619  8.389125 
0.040374  8.390112 
0.042130  8.391032 
0.043885  8.391874 
0.045640  8.392631 
0.047396  8.393295 
0.049151  8.393857 
0.050907  8.394311 
0.052662  8.394651 
0.054417  8.394872 
0.056173  8.394968 
0.057928  8.394936 
0.059684  8.394771 
0.061439  8.394472 
0.063194  8.394037 
0.064950  8.393464 
0.066705  8.392752 
0.068460  8.391902 
0.070216  8.390914 
0.071971  8.389790 
0.073727  8.388531 
0.075482  8.387139 
0.077238  8.385618 
0.078993  8.383971 
0.080748  8.382200 
0.082504  8.380310 
0.084259  8.378306 
0.086014  8.376191 
0.087770  8.373971 
0.089525  8.371650 
0.091281  8.369233 
0.093036  8.366726 
0.094792  8.364134 
0.096547  8.361463 
0.098302  8.358718 
0.100058  8.355904 
0.101813  8.353029 
0.103568  8.350096 
0.105324  8.347113 
0.107079  8.344084 
0.108835  8.341017 
0.110590  8.337916 
0.112345  8.334788 
0.114101  8.331638 
0.115856  8.328474 
0.117612  8.325300 
0.119367  8.322124 
0.121122  8.318951 
0.122878  8.315787 
0.124633  8.312640 
0.126389  8.309515 
0.128144  8.306419 
0.129899  8.303358 
0.131655  8.300339 
0.133410  8.297369 
0.135166  8.294454 
0.136921  8.291601 
0.138676  8.288816 
0.140432  8.286107 
0.142187  8.283479 
0.143943  8.280940 
0.145698  8.278495 
0.147453  8.276151 
0.149209  8.273914 
0.150964  8.271790 
0.152720  8.269785 
0.154475  8.267905 
0.156230  8.266154 
0.157986  8.264537 
0.159741  8.263060 
0.161497  8.261726 
0.163252  8.260539 
0.165007  8.259503 
0.166763  8.258622 
0.168518  8.257896 
0.170274  8.257330 
0.172029  8.256925 
0.173784  8.256681 
0.175540  8.256599 


0.000000  8.370531 
0.001755  8.370827 
0.003511  8.371714 
0.005266  8.373186 
0.007022  8.375234 
0.008777  8.377843 
0.010532  8.380996 
0.012288  8.384675 
0.014043  8.388855 
0.015799  8.393510 
0.017554  8.398613 
0.019309  8.404133 
0.021065  8.410038 
0.022820  8.416295 
0.024576  8.422869 
0.026331  8.429727 
0.028086  8.436832 
0.029842  8.444150 
0.031597  8.451645 
0.033353  8.459284 
0.035108  8.467033 
0.036863  8.474860 
0.038619  8.482733 
0.040374  8.490623 
0.042130  8.498502 
0.043885  8.506343 
0.045640  8.514121 
0.047396  8.521814 
0.049151  8.529400 
0.050907  8.536862 
0.052662  8.544182 
0.054417  8.551345 
0.056173  8.558339 
0.057928  8.565153 
0.059684  8.571778 
0.061439  8.578207 
0.063194  8.584435 
0.064950  8.590458 
0.066705  8.596275 
0.068460  8.601885 
0.070216  8.607289 
0.071971  8.612490 
0.073727  8.617490 
0.075482  8.622295 
0.077238  8.626909 
0.078993  8.631338 
0.080748  8.635589 
0.082504  8.639669 
0.084259  8.643586 
0.086014  8.647347 
0.087770  8.650959 
0.089525  8.654431 
0.091281  8.657770 
0.093036  8.660983 
0.094792  8.664078 
0.096547  8.667061 
0.098302  8.669939 
0.100058  8.672718 
0.101813  8.675404 
0.103568  8.678001 
0.105324  8.680514 
0.107079  8.682946 
0.108835  8.685302 
0.110590  8.687585 
0.112345  8.689796 
0.114101  8.691937 
0.115856  8.694010 
0.117612  8.696017 
0.119367  8.697958 
0.121122  8.699833 
0.122878  8.701643 
0.124633  8.703387 
0.126389  8.705066 
0.128144  8.706679 
0.129899  8.708226 
0.131655  8.709707 
0.133410  8.711120 
0.135166  8.712467 
0.136921  8.713746 
0.138676  8.714958 
0.140432  8.716103 
0.142187  8.717180 
0.143943  8.718192 
0.145698  8.719138 
0.147453  8.720018 
0.149209  8.720835 
0.150964  8.721590 
0.152720  8.722282 
0.154475  8.722915 
0.156230  8.723489 
0.157986  8.724007 
0.159741  8.724469 
0.161497  8.724877 
0.163252  8.725233 
0.165007  8.725539 
0.166763  8.725794 
0.168518  8.726002 
0.170274  8.726162 
0.172029  8.726276 
0.173784  8.726344 
0.175540  8.726367 


0.000000  10.362061 
0.001755  10.361694 
0.003511  10.360593 
0.005266  10.358761 
0.007022  10.356198 
0.008777  10.352907 
0.010532  10.348890 
0.012288  10.344153 
0.014043  10.338699 
0.015799  10.332533 
0.017554  10.325661 
0.019309  10.318089 
0.021065  10.309824 
0.022820  10.300874 
0.024576  10.291247 
0.026331  10.280950 
0.028086  10.269993 
0.029842  10.258386 
0.031597  10.246137 
0.033353  10.233258 
0.035108  10.219758 
0.036863  10.205649 
0.038619  10.190941 
0.040374  10.175647 
0.042130  10.159778 
0.043885  10.143347 
0.045640  10.126365 
0.047396  10.108846 
0.049151  10.090802 
0.050907  10.072247 
0.052662  10.053194 
0.054417  10.033657 
0.056173  10.013650 
0.057928  9.993188 
0.059684  9.972284 
0.061439  9.950954 
0.063194  9.929214 
0.064950  9.907080 
0.066705  9.884567 
0.068460  9.861692 
0.070216  9.838473 
0.071971  9.814928 
0.073727  9.791074 
0.075482  9.766932 
0.077238  9.742520 
0.078993  9.717859 
0.080748  9.692971 
0.082504  9.667877 
0.084259  9.642600 
0.086014  9.617164 
0.087770  9.591594 
0.089525  9.565914 
0.091281  9.540151 
0.093036  9.514332 
0.094792  9.488486 
0.096547  9.462642 
0.098302  9.436829 
0.100058  9.411078 
0.101813  9.385421 
0.103568  9.359889 
0.105324  9.334516 
0.107079  9.309335 
0.108835  9.284380 
0.110590  9.259684 
0.112345  9.235283 
0.114101  9.211210 
0.115856  9.187500 
0.117612  9.164186 
0.119367  9.141302 
0.121122  9.118881 
0.122878  9.096955 
0.124633  9.075554 
0.126389  9.054709 
0.128144  9.034448 
0.129899  9.014797 
0.131655  8.995782 
0.133410  8.977425 
0.135166  8.959748 
0.136921  8.942771 
0.138676  8.926509 
0.140432  8.910978 
0.142187  8.896190 
0.143943  8.882156 
0.145698  8.868883 
0.147453  8.856378 
0.149209  8.844646 
0.150964  8.833688 
0.152720  8.823505 
0.154475  8.814098 
0.156230  8.805464 
0.157986  8.797600 
0.159741  8.790503 
0.161497  8.784169 
0.163252  8.778594 
0.165007  8.773773 
0.166763  8.769702 
0.168518  8.766377 
0.170274  8.763795 
0.172029  8.761953 
0.173784  8.760849 
0.175540  8.760481 


