# distance  frequency (bands are separated by blank lines)
# End points of segments: 
#   0.00000000 0.14349880 
0.000000  -0.100038 
0.001435  -0.087568 
0.002870  -0.025589 
0.004305  0.104960 
0.005740  0.165286 
0.007175  0.219581 
0.008610  0.271397 
0.010045  0.321836 
0.011480  0.371356 
0.012915  0.420173 
0.014350  0.468391 
0.015785  0.516052 
0.017220  0.563164 
0.018655  0.609708 
0.020090  0.655647 
0.021525  0.700925 
0.022960  0.745470 
0.024395  0.789196 
0.025830  0.831996 
0.027265  0.873749 
0.028700  0.914314 
0.030135  0.953538 
0.031570  0.991257 
0.033005  1.027307 
0.034440  1.061538 
0.035875  1.093829 
0.037310  1.124108 
0.038745  1.152366 
0.040180  1.178662 
0.041615  1.203119 
0.043050  1.225909 
0.044485  1.247233 
0.045920  1.267305 
0.047355  1.286329 
0.048790  1.304497 
0.050225  1.321978 
0.051660  1.338918 
0.053095  1.355442 
0.054530  1.371653 
0.055965  1.387640 
0.057399  1.403476 
0.058834  1.419224 
0.060269  1.434935 
0.061705  1.450655 
0.063140  1.466423 
0.064575  1.482273 
0.066009  1.498233 
0.067444  1.514330 
0.068879  1.530586 
0.070314  1.547020 
0.071749  1.563648 
0.073184  1.580485 
0.074619  1.597540 
0.076054  1.614823 
0.077489  1.632338 
0.078924  1.650087 
0.080359  1.668071 
0.081794  1.686287 
0.083229  1.704727 
0.084664  1.723383 
0.086099  1.742244 
0.087534  1.761295 
0.088969  1.780517 
0.090404  1.799892 
0.091839  1.819396 
0.093274  1.839003 
0.094709  1.858686 
0.096144  1.878414 
0.097579  1.898154 
0.099014  1.917872 
0.100449  1.937531 
0.101884  1.957091 
0.103319  1.976515 
0.104754  1.995760 
0.106189  2.014784 
0.107624  2.033545 
0.109059  2.052002 
0.110494  2.070110 
0.111929  2.087831 
0.113364  2.105122 
0.114799  2.121947 
0.116234  2.138271 
0.117669  2.154059 
0.119104  2.169285 
0.120539  2.183922 
0.121974  2.197950 
0.123409  2.211352 
0.124844  2.224119 
0.126279  2.236243 
0.127714  2.247723 
0.129149  2.258562 
0.130584  2.268769 
0.132019  2.278353 
0.133454  2.287330 
0.134889  2.295719 
0.136324  2.303537 
0.137759  2.310807 
0.139194  2.317553 
0.140629  2.323795 
0.142064  2.329558 
0.143499  2.334617 


0.000000  1.289412 
0.001435  1.289582 
0.002870  1.290090 
0.004305  1.290936 
0.005740  1.292122 
0.007175  1.293650 
0.008610  1.295524 
0.010045  1.297752 
0.011480  1.300349 
0.012915  1.303333 
0.014350  1.306731 
0.015785  1.310580 
0.017220  1.314921 
0.018655  1.319809 
0.020090  1.325304 
0.021525  1.331476 
0.022960  1.338402 
0.024395  1.346165 
0.025830  1.354853 
0.027265  1.364554 
0.028700  1.375347 
0.030135  1.387286 
0.031570  1.400381 
0.033005  1.414559 
0.034440  1.429617 
0.035875  1.445199 
0.037310  1.460847 
0.038745  1.476155 
0.040180  1.490941 
0.041615  1.505250 
0.043050  1.519243 
0.044485  1.533093 
0.045920  1.546939 
0.047355  1.560882 
0.048790  1.574995 
0.050225  1.589328 
0.051660  1.603917 
0.053095  1.618784 
0.054530  1.633946 
0.055965  1.649412 
0.057399  1.665186 
0.058834  1.681269 
0.060269  1.697655 
0.061705  1.714340 
0.063140  1.731312 
0.064575  1.748560 
0.066009  1.766069 
0.067444  1.783822 
0.068879  1.801803 
0.070314  1.819991 
0.071749  1.838366 
0.073184  1.856907 
0.074619  1.875591 
0.076054  1.894394 
0.077489  1.913295 
0.078924  1.932269 
0.080359  1.951292 
0.081794  1.970340 
0.083229  1.989389 
0.084664  2.008416 
0.086099  2.027395 
0.087534  2.046304 
0.088969  2.065117 
0.090404  2.083812 
0.091839  2.102363 
0.093274  2.120748 
0.094709  2.138940 
0.096144  2.156917 
0.097579  2.174651 
0.099014  2.192116 
0.100449  2.209284 
0.101884  2.226123 
0.103319  2.242599 
0.104754  2.258667 
0.106189  2.274277 
0.107624  2.289358 
0.109059  2.303814 
0.110494  2.317500 
0.111929  2.330200 
0.113364  2.341592 
0.114799  2.351255 
0.116234  2.358800 
0.117669  2.364130 
0.119104  2.367549 
0.120539  2.369539 
0.121974  2.370521 
0.123409  2.370781 
0.124844  2.370499 
0.126279  2.369781 
0.127714  2.368688 
0.129149  2.367257 
0.130584  2.365507 
0.132019  2.363445 
0.133454  2.361072 
0.134889  2.358382 
0.136324  2.355366 
0.137759  2.352011 
0.139194  2.348304 
0.140629  2.344226 
0.142064  2.339761 
0.143499  2.335134 


0.000000  1.351718 
0.001435  1.351884 
0.002870  1.352384 
0.004305  1.353228 
0.005740  1.354430 
0.007175  1.356008 
0.008610  1.357984 
0.010045  1.360380 
0.011480  1.363219 
0.012915  1.366523 
0.014350  1.370310 
0.015785  1.374595 
0.017220  1.379390 
0.018655  1.384703 
0.020090  1.390542 
0.021525  1.396911 
0.022960  1.403819 
0.024395  1.411275 
0.025830  1.419300 
0.027265  1.427925 
0.028700  1.437202 
0.030135  1.447217 
0.031570  1.458109 
0.033005  1.470095 
0.034440  1.483502 
0.035875  1.498778 
0.037310  1.516423 
0.038745  1.536813 
0.040180  1.560034 
0.041615  1.585873 
0.043050  1.613948 
0.044485  1.643836 
0.045920  1.675129 
0.047355  1.707459 
0.048790  1.740502 
0.050225  1.773970 
0.051660  1.807612 
0.053095  1.841206 
0.054530  1.874556 
0.055965  1.907486 
0.057399  1.939838 
0.058834  1.971472 
0.060269  2.002261 
0.061705  2.032092 
0.063140  2.060869 
0.064575  2.088510 
0.066009  2.114951 
0.067444  2.140143 
0.068879  2.164057 
0.070314  2.186682 
0.071749  2.208024 
0.073184  2.228106 
0.074619  2.246965 
0.076054  2.264649 
0.077489  2.281216 
0.078924  2.296731 
0.080359  2.311263 
0.081794  2.324880 
0.083229  2.337651 
0.084664  2.349640 
0.086099  2.360889 
0.087534  2.370439 
0.088969  2.372748 
0.090404  2.374488 
0.091839  2.376106 
0.093274  2.377623 
0.094709  2.379051 
0.096144  2.380396 
0.097579  2.381667 
0.099014  2.382870 
0.100449  2.384017 
0.101884  2.385119 
0.103319  2.386192 
0.104754  2.387261 
0.106189  2.388357 
0.107624  2.389532 
0.109059  2.390863 
0.110494  2.392474 
0.111929  2.394561 
0.113364  2.397426 
0.114799  2.401471 
0.116234  2.407063 
0.117669  2.414277 
0.119104  2.422787 
0.120539  2.432090 
0.121974  2.441740 
0.123409  2.451425 
0.124844  2.460944 
0.126279  2.470165 
0.127714  2.478998 
0.129149  2.487384 
0.130584  2.495276 
0.132019  2.502642 
0.133454  2.509457 
0.134889  2.515700 
0.136324  2.521358 
0.137759  2.526419 
0.139194  2.530875 
0.140629  2.534707 
0.142064  2.537849 
0.143499  2.539587 


0.000000  1.947702 
0.001435  1.948167 
0.002870  1.949557 
0.004305  1.951863 
0.005740  1.955069 
0.007175  1.959150 
0.008610  1.964079 
0.010045  1.969822 
0.011480  1.976340 
0.012915  1.983589 
0.014350  1.991523 
0.015785  2.000091 
0.017220  2.009242 
0.018655  2.018921 
0.020090  2.029071 
0.021525  2.039635 
0.022960  2.050555 
0.024395  2.061772 
0.025830  2.073227 
0.027265  2.084863 
0.028700  2.096623 
0.030135  2.108450 
0.031570  2.120290 
0.033005  2.132092 
0.034440  2.143805 
0.035875  2.155383 
0.037310  2.166783 
0.038745  2.177965 
0.040180  2.188892 
0.041615  2.199533 
0.043050  2.209861 
0.044485  2.219852 
0.045920  2.229489 
0.047355  2.238756 
0.048790  2.247645 
0.050225  2.256149 
0.051660  2.264267 
0.053095  2.271999 
0.054530  2.279352 
0.055965  2.286332 
0.057399  2.292947 
0.058834  2.299211 
0.060269  2.305134 
0.061705  2.310731 
0.063140  2.316015 
0.064575  2.321001 
0.066009  2.325705 
0.067444  2.330139 
0.068879  2.334319 
0.070314  2.338258 
0.071749  2.341970 
0.073184  2.345468 
0.074619  2.348763 
0.076054  2.351868 
0.077489  2.354793 
0.078924  2.357549 
0.080359  2.360147 
0.081794  2.362595 
0.083229  2.364904 
0.084664  2.367086 
0.086099  2.369172 
0.087534  2.372190 
0.088969  2.381745 
0.090404  2.391224 
0.091839  2.400235 
0.093274  2.408807 
0.094709  2.416974 
0.096144  2.424773 
0.097579  2.432234 
0.099014  2.439386 
0.100449  2.446255 
0.101884  2.452863 
0.103319  2.459230 
0.104754  2.465372 
0.106189  2.471305 
0.107624  2.477039 
0.109059  2.482586 
0.110494  2.487950 
0.111929  2.493138 
0.113364  2.498150 
0.114799  2.502987 
0.116234  2.507644 
0.117669  2.512116 
0.119104  2.516394 
0.120539  2.520466 
0.121974  2.524319 
0.123409  2.527937 
0.124844  2.531300 
0.126279  2.534387 
0.127714  2.537177 
0.129149  2.539645 
0.130584  2.541765 
0.132019  2.543512 
0.133454  2.544860 
0.134889  2.545783 
0.136324  2.546257 
0.137759  2.546258 
0.139194  2.545770 
0.140629  2.544787 
0.142064  2.543361 
0.143499  2.542196 


0.000000  2.570341 
0.001435  2.570485 
0.002870  2.570912 
0.004305  2.571604 
0.005740  2.572535 
0.007175  2.573668 
0.008610  2.574963 
0.010045  2.576377 
0.011480  2.577868 
0.012915  2.579396 
0.014350  2.580929 
0.015785  2.582441 
0.017220  2.583915 
0.018655  2.585344 
0.020090  2.586728 
0.021525  2.588074 
0.022960  2.589397 
0.024395  2.590716 
0.025830  2.592053 
0.027265  2.593436 
0.028700  2.594894 
0.030135  2.596456 
0.031570  2.598156 
0.033005  2.600025 
0.034440  2.602099 
0.035875  2.604410 
0.037310  2.606994 
0.038745  2.609886 
0.040180  2.613122 
0.041615  2.616738 
0.043050  2.620773 
0.044485  2.625263 
0.045920  2.630249 
0.047355  2.635769 
0.048790  2.641868 
0.050225  2.648585 
0.051660  2.655967 
0.053095  2.664058 
0.054530  2.672904 
0.055965  2.682551 
0.057399  2.693043 
0.058834  2.704425 
0.060269  2.716734 
0.061705  2.730006 
0.063140  2.744266 
0.064575  2.759531 
0.066009  2.775806 
0.067444  2.793081 
0.068879  2.811332 
0.070314  2.830520 
0.071749  2.850589 
0.073184  2.871466 
0.074619  2.893069 
0.076054  2.915300 
0.077489  2.938051 
0.078924  2.961200 
0.080359  2.984594 
0.081794  3.007951 
0.083229  3.029518 
0.084664  3.040159 
0.086099  3.046490 
0.087534  3.052575 
0.088969  3.058747 
0.090404  3.065071 
0.091839  3.071569 
0.093274  3.078251 
0.094709  3.085123 
0.096144  3.092185 
0.097579  3.099440 
0.099014  3.106887 
0.100449  3.114525 
0.101884  3.122353 
0.103319  3.130369 
0.104754  3.138569 
0.106189  3.146952 
0.107624  3.155511 
0.109059  3.164244 
0.110494  3.173144 
0.111929  3.182206 
0.113364  3.191423 
0.114799  3.200786 
0.116234  3.210288 
0.117669  3.219919 
0.119104  3.229667 
0.120539  3.239521 
0.121974  3.249466 
0.123409  3.259488 
0.124844  3.269571 
0.126279  3.279694 
0.127714  3.289840 
0.129149  3.299984 
0.130584  3.310104 
0.132019  3.320172 
0.133454  3.330162 
0.134889  3.340041 
0.136324  3.349779 
0.137759  3.359340 
0.139194  3.368688 
0.140629  3.377779 
0.142064  3.386556 
0.143499  3.393975 


0.000000  2.751714 
0.001435  2.752158 
0.002870  2.753497 
0.004305  2.755741 
0.005740  2.758910 
0.007175  2.763027 
0.008610  2.768120 
0.010045  2.774212 
0.011480  2.781328 
0.012915  2.789484 
0.014350  2.798690 
0.015785  2.808944 
0.017220  2.820238 
0.018655  2.832551 
0.020090  2.845856 
0.021525  2.860114 
0.022960  2.875282 
0.024395  2.891308 
0.025830  2.908129 
0.027265  2.925653 
0.028700  2.943649 
0.030135  2.959627 
0.031570  2.960512 
0.033005  2.957906 
0.034440  2.955463 
0.035875  2.953402 
0.037310  2.951756 
0.038745  2.950527 
0.040180  2.949704 
0.041615  2.949271 
0.043050  2.949212 
0.044485  2.949505 
0.045920  2.950129 
0.047355  2.951064 
0.048790  2.952286 
0.050225  2.953774 
0.051660  2.955508 
0.053095  2.957469 
0.054530  2.959638 
0.055965  2.962000 
0.057399  2.964540 
0.058834  2.967248 
0.060269  2.970113 
0.061705  2.973129 
0.063140  2.976290 
0.064575  2.979593 
0.066009  2.983037 
0.067444  2.986621 
0.068879  2.990347 
0.070314  2.994218 
0.071749  2.998237 
0.073184  3.002410 
0.074619  3.006743 
0.076054  3.011244 
0.077489  3.015923 
0.078924  3.020800 
0.080359  3.025923 
0.081794  3.031467 
0.083229  3.039079 
0.084664  3.057794 
0.086099  3.080896 
0.087534  3.104225 
0.088969  3.127362 
0.090404  3.150157 
0.091839  3.172511 
0.093274  3.194341 
0.094709  3.215578 
0.096144  3.236158 
0.097579  3.256025 
0.099014  3.275129 
0.100449  3.293425 
0.101884  3.310873 
0.103319  3.327437 
0.104754  3.343084 
0.106189  3.357786 
0.107624  3.371514 
0.109059  3.384245 
0.110494  3.395956 
0.111929  3.406625 
0.113364  3.416237 
0.114799  3.424775 
0.116234  3.432230 
0.117669  3.438595 
0.119104  3.443871 
0.120539  3.448066 
0.121974  3.451192 
0.123409  3.453272 
0.124844  3.454333 
0.126279  3.454410 
0.127714  3.453541 
0.129149  3.451769 
0.130584  3.449142 
0.132019  3.445708 
0.133454  3.441516 
0.134889  3.436618 
0.136324  3.431063 
0.137759  3.424903 
0.139194  3.418187 
0.140629  3.410968 
0.142064  3.403311 
0.143499  3.396265 


0.000000  3.120109 
0.001435  3.118483 
0.002870  3.113383 
0.004305  3.105273 
0.005740  3.095549 
0.007175  3.085252 
0.008610  3.074884 
0.010045  3.064678 
0.011480  3.054754 
0.012915  3.045176 
0.014350  3.035987 
0.015785  3.027216 
0.017220  3.018882 
0.018655  3.011001 
0.020090  3.003588 
0.021525  2.996652 
0.022960  2.990205 
0.024395  2.984258 
0.025830  2.978829 
0.027265  2.973958 
0.028700  2.969825 
0.030135  2.968863 
0.031570  2.984092 
0.033005  3.003849 
0.034440  3.024420 
0.035875  3.045525 
0.037310  3.067064 
0.038745  3.088968 
0.040180  3.111168 
0.041615  3.133560 
0.043050  3.155766 
0.044485  3.172164 
0.045920  3.177870 
0.047355  3.182786 
0.048790  3.187878 
0.050225  3.193253 
0.051660  3.198938 
0.053095  3.204942 
0.054530  3.211266 
0.055965  3.217906 
0.057399  3.224856 
0.058834  3.232106 
0.060269  3.239645 
0.061705  3.247460 
0.063140  3.255536 
0.064575  3.263859 
0.066009  3.272414 
0.067444  3.281184 
0.068879  3.290155 
0.070314  3.299310 
0.071749  3.308637 
0.073184  3.318121 
0.074619  3.327749 
0.076054  3.337511 
0.077489  3.347395 
0.078924  3.357392 
0.080359  3.367495 
0.081794  3.377695 
0.083229  3.387988 
0.084664  3.398367 
0.086099  3.408828 
0.087534  3.419367 
0.088969  3.429982 
0.090404  3.440668 
0.091839  3.451424 
0.093274  3.462247 
0.094709  3.473135 
0.096144  3.484083 
0.097579  3.495090 
0.099014  3.506151 
0.100449  3.517263 
0.101884  3.528419 
0.103319  3.539614 
0.104754  3.550841 
0.106189  3.562093 
0.107624  3.573362 
0.109059  3.584639 
0.110494  3.595915 
0.111929  3.607179 
0.113364  3.618422 
0.114799  3.629632 
0.116234  3.640798 
0.117669  3.651908 
0.119104  3.662949 
0.120539  3.673908 
0.121974  3.684768 
0.123409  3.695512 
0.124844  3.706121 
0.126279  3.716571 
0.127714  3.726836 
0.129149  3.736885 
0.130584  3.746684 
0.132019  3.756192 
0.133454  3.765364 
0.134889  3.774147 
0.136324  3.782481 
0.137759  3.790296 
0.139194  3.797511 
0.140629  3.804032 
0.142064  3.809745 
0.143499  3.814026 


0.000000  3.152540 
0.001435  3.147156 
0.002870  3.141275 
0.004305  3.138000 
0.005740  3.136431 
0.007175  3.135699 
0.008610  3.135385 
0.010045  3.135308 
0.011480  3.135386 
0.012915  3.135580 
0.014350  3.135872 
0.015785  3.136255 
0.017220  3.136727 
0.018655  3.137291 
0.020090  3.137952 
0.021525  3.138716 
0.022960  3.139592 
0.024395  3.140590 
0.025830  3.141719 
0.027265  3.142991 
0.028700  3.144419 
0.030135  3.146016 
0.031570  3.147796 
0.033005  3.149773 
0.034440  3.151963 
0.035875  3.154382 
0.037310  3.157048 
0.038745  3.159983 
0.040180  3.163217 
0.041615  3.166820 
0.043050  3.171136 
0.044485  3.181757 
0.045920  3.203533 
0.047355  3.226532 
0.048790  3.249751 
0.050225  3.273050 
0.051660  3.296363 
0.053095  3.319641 
0.054530  3.342840 
0.055965  3.365916 
0.057399  3.388825 
0.058834  3.411519 
0.060269  3.433943 
0.061705  3.456033 
0.063140  3.477709 
0.064575  3.498865 
0.066009  3.519346 
0.067444  3.538925 
0.068879  3.557253 
0.070314  3.573841 
0.071749  3.588160 
0.073184  3.599949 
0.074619  3.609478 
0.076054  3.617341 
0.077489  3.624098 
0.078924  3.630142 
0.080359  3.635715 
0.081794  3.640962 
0.083229  3.645972 
0.084664  3.650798 
0.086099  3.655475 
0.087534  3.660027 
0.088969  3.664469 
0.090404  3.668812 
0.091839  3.673065 
0.093274  3.677235 
0.094709  3.681332 
0.096144  3.685362 
0.097579  3.689337 
0.099014  3.693268 
0.100449  3.697168 
0.101884  3.701054 
0.103319  3.704946 
0.104754  3.708865 
0.106189  3.712836 
0.107624  3.716888 
0.109059  3.721050 
0.110494  3.725352 
0.111929  3.729827 
0.113364  3.734502 
0.114799  3.739403 
0.116234  3.744552 
0.117669  3.749959 
0.119104  3.755628 
0.120539  3.761546 
0.121974  3.767689 
0.123409  3.774014 
0.124844  3.780457 
0.126279  3.786935 
0.127714  3.793340 
0.129149  3.799538 
0.130584  3.805371 
0.132019  3.810656 
0.133454  3.815196 
0.134889  3.818795 
0.136324  3.821277 
0.137759  3.822512 
0.139194  3.822437 
0.140629  3.821055 
0.142064  3.818435 
0.143499  3.815188 


0.000000  3.163636 
0.001435  3.171031 
0.002870  3.183166 
0.004305  3.196476 
0.005740  3.210466 
0.007175  3.224963 
0.008610  3.239886 
0.010045  3.255184 
0.011480  3.270823 
0.012915  3.286776 
0.014350  3.303022 
0.015785  3.319542 
0.017220  3.336317 
0.018655  3.353330 
0.020090  3.370564 
0.021525  3.387999 
0.022960  3.405615 
0.024395  3.423388 
0.025830  3.441285 
0.027265  3.459255 
0.028700  3.477204 
0.030135  3.494905 
0.031570  3.511618 
0.033005  3.524637 
0.034440  3.531097 
0.035875  3.534355 
0.037310  3.536814 
0.038745  3.539105 
0.040180  3.541418 
0.041615  3.543824 
0.043050  3.546355 
0.044485  3.549027 
0.045920  3.551848 
0.047355  3.554820 
0.048790  3.557946 
0.050225  3.561226 
0.051660  3.564659 
0.053095  3.568246 
0.054530  3.571987 
0.055965  3.575886 
0.057399  3.579947 
0.058834  3.584181 
0.060269  3.588602 
0.061705  3.593238 
0.063140  3.598132 
0.064575  3.603355 
0.066009  3.609024 
0.067444  3.615333 
0.068879  3.622593 
0.070314  3.631261 
0.071749  3.641833 
0.073184  3.654534 
0.074619  3.669065 
0.076054  3.684800 
0.077489  3.701146 
0.078924  3.717682 
0.080359  3.734137 
0.081794  3.750338 
0.083229  3.766171 
0.084664  3.781556 
0.086099  3.796438 
0.087534  3.810772 
0.088969  3.824526 
0.090404  3.837674 
0.091839  3.850197 
0.093274  3.862079 
0.094709  3.873310 
0.096144  3.883883 
0.097579  3.893796 
0.099014  3.903048 
0.100449  3.911643 
0.101884  3.919584 
0.103319  3.926879 
0.104754  3.933536 
0.106189  3.939565 
0.107624  3.944976 
0.109059  3.949780 
0.110494  3.953992 
0.111929  3.957626 
0.113364  3.960700 
0.114799  3.963233 
0.116234  3.965249 
0.117669  3.966777 
0.119104  3.967850 
0.120539  3.968511 
0.121974  3.968807 
0.123409  3.968802 
0.124844  3.968567 
0.126279  3.968194 
0.127714  3.967790 
0.129149  3.967486 
0.130584  3.967434 
0.132019  3.967807 
0.133454  3.968789 
0.134889  3.970564 
0.136324  3.973290 
0.137759  3.977080 
0.139194  3.981979 
0.140629  3.987964 
0.142064  3.994954 
0.143499  4.002669 


0.000000  3.532067 
0.001435  3.532034 
0.002870  3.531938 
0.004305  3.531781 
0.005740  3.531571 
0.007175  3.531317 
0.008610  3.531031 
0.010045  3.530724 
0.011480  3.530413 
0.012915  3.530111 
0.014350  3.529837 
0.015785  3.529606 
0.017220  3.529435 
0.018655  3.529343 
0.020090  3.529345 
0.021525  3.529461 
0.022960  3.529709 
0.024395  3.530112 
0.025830  3.530698 
0.027265  3.531513 
0.028700  3.532645 
0.030135  3.534314 
0.031570  3.537251 
0.033005  3.544151 
0.034440  3.557867 
0.035875  3.575031 
0.037310  3.593224 
0.038745  3.611802 
0.040180  3.630559 
0.041615  3.649405 
0.043050  3.668292 
0.044485  3.687184 
0.045920  3.706056 
0.047355  3.724883 
0.048790  3.743645 
0.050225  3.762319 
0.051660  3.780888 
0.053095  3.799329 
0.054530  3.817623 
0.055965  3.835750 
0.057399  3.853689 
0.058834  3.871419 
0.060269  3.888919 
0.061705  3.906168 
0.063140  3.923142 
0.064575  3.939819 
0.066009  3.956176 
0.067444  3.972188 
0.068879  3.987830 
0.070314  4.003072 
0.071749  4.017885 
0.073184  4.032233 
0.074619  4.046071 
0.076054  4.059338 
0.077489  4.071940 
0.078924  4.083714 
0.080359  4.094355 
0.081794  4.103338 
0.083229  4.110176 
0.084664  4.115158 
0.086099  4.119172 
0.087534  4.122893 
0.088969  4.126660 
0.090404  4.130629 
0.091839  4.134867 
0.093274  4.139392 
0.094709  4.144191 
0.096144  4.149222 
0.097579  4.154415 
0.099014  4.159665 
0.100449  4.164829 
0.101884  4.169718 
0.103319  4.174108 
0.104754  4.177759 
0.106189  4.180460 
0.107624  4.182072 
0.109059  4.182543 
0.110494  4.181896 
0.111929  4.180191 
0.113364  4.177506 
0.114799  4.173915 
0.116234  4.169487 
0.117669  4.164283 
0.119104  4.158361 
0.120539  4.151773 
0.121974  4.144568 
0.123409  4.136796 
0.124844  4.128508 
0.126279  4.119755 
0.127714  4.110591 
0.129149  4.101072 
0.130584  4.091258 
0.132019  4.081216 
0.133454  4.071015 
0.134889  4.060733 
0.136324  4.050455 
0.137759  4.040275 
0.139194  4.030299 
0.140629  4.020645 
0.142064  4.011442 
0.143499  4.002988 


0.000000  4.276263 
0.001435  4.274363 
0.002870  4.270356 
0.004305  4.265889 
0.005740  4.261475 
0.007175  4.257248 
0.008610  4.253228 
0.010045  4.249400 
0.011480  4.245737 
0.012915  4.242208 
0.014350  4.238785 
0.015785  4.235439 
0.017220  4.232148 
0.018655  4.228891 
0.020090  4.225649 
0.021525  4.222410 
0.022960  4.219162 
0.024395  4.215896 
0.025830  4.212605 
0.027265  4.209286 
0.028700  4.205934 
0.030135  4.202551 
0.031570  4.199135 
0.033005  4.195688 
0.034440  4.192214 
0.035875  4.188716 
0.037310  4.185199 
0.038745  4.181668 
0.040180  4.178129 
0.041615  4.174590 
0.043050  4.171058 
0.044485  4.167542 
0.045920  4.164049 
0.047355  4.160589 
0.048790  4.157173 
0.050225  4.153809 
0.051660  4.150510 
0.053095  4.147286 
0.054530  4.144149 
0.055965  4.141111 
0.057399  4.138185 
0.058834  4.135384 
0.060269  4.132722 
0.061705  4.130214 
0.063140  4.127875 
0.064575  4.125721 
0.066009  4.123770 
0.067444  4.122039 
0.068879  4.120549 
0.070314  4.119323 
0.071749  4.118386 
0.073184  4.117769 
0.074619  4.117513 
0.076054  4.117676 
0.077489  4.118348 
0.078924  4.119689 
0.080359  4.122002 
0.081794  4.125810 
0.083229  4.131597 
0.084664  4.139073 
0.086099  4.147344 
0.087534  4.155734 
0.088969  4.163896 
0.090404  4.171670 
0.091839  4.178978 
0.093274  4.185791 
0.094709  4.192108 
0.096144  4.197954 
0.097579  4.203379 
0.099014  4.208464 
0.100449  4.213328 
0.101884  4.218132 
0.103319  4.223070 
0.104754  4.228352 
0.106189  4.234157 
0.107624  4.240594 
0.109059  4.247685 
0.110494  4.255378 
0.111929  4.263585 
0.113364  4.272205 
0.114799  4.281142 
0.116234  4.290307 
0.117669  4.299623 
0.119104  4.309024 
0.120539  4.318450 
0.121974  4.327849 
0.123409  4.337174 
0.124844  4.346383 
0.126279  4.355439 
0.127714  4.364309 
0.129149  4.372963 
0.130584  4.381374 
0.132019  4.389519 
0.133454  4.397378 
0.134889  4.404934 
0.136324  4.412172 
0.137759  4.419080 
0.139194  4.425649 
0.140629  4.431871 
0.142064  4.437740 
0.143499  4.443180 


0.000000  4.293570 
0.001435  4.296053 
0.002870  4.301808 
0.004305  4.309178 
0.005740  4.317640 
0.007175  4.327045 
0.008610  4.337350 
0.010045  4.348548 
0.011480  4.360637 
0.012915  4.373619 
0.014350  4.387489 
0.015785  4.402241 
0.017220  4.417862 
0.018655  4.434334 
0.020090  4.451635 
0.021525  4.469740 
0.022960  4.488618 
0.024395  4.508234 
0.025830  4.528545 
0.027265  4.549501 
0.028700  4.571026 
0.030135  4.592977 
0.031570  4.614919 
0.033005  4.634044 
0.034440  4.637327 
0.035875  4.631226 
0.037310  4.623828 
0.038745  4.616158 
0.040180  4.608436 
0.041615  4.600750 
0.043050  4.593146 
0.044485  4.585656 
0.045920  4.578305 
0.047355  4.571116 
0.048790  4.564107 
0.050225  4.557294 
0.051660  4.550693 
0.053095  4.544318 
0.054530  4.538180 
0.055965  4.532292 
0.057399  4.526664 
0.058834  4.521303 
0.060269  4.516218 
0.061705  4.511415 
0.063140  4.506899 
0.064575  4.502674 
0.066009  4.498743 
0.067444  4.495107 
0.068879  4.491766 
0.070314  4.488719 
0.071749  4.485965 
0.073184  4.483500 
0.074619  4.481318 
0.076054  4.479415 
0.077489  4.477783 
0.078924  4.476414 
0.080359  4.475299 
0.081794  4.474428 
0.083229  4.473789 
0.084664  4.473369 
0.086099  4.473157 
0.087534  4.473137 
0.088969  4.473295 
0.090404  4.473615 
0.091839  4.474080 
0.093274  4.474675 
0.094709  4.475380 
0.096144  4.476179 
0.097579  4.477054 
0.099014  4.477985 
0.100449  4.478955 
0.101884  4.479945 
0.103319  4.480937 
0.104754  4.481911 
0.106189  4.482851 
0.107624  4.483737 
0.109059  4.484553 
0.110494  4.485280 
0.111929  4.485901 
0.113364  4.486400 
0.114799  4.486760 
0.116234  4.486965 
0.117669  4.486999 
0.119104  4.486848 
0.120539  4.486495 
0.121974  4.485927 
0.123409  4.485128 
0.124844  4.484087 
0.126279  4.482788 
0.127714  4.481220 
0.129149  4.479371 
0.130584  4.477228 
0.132019  4.474781 
0.133454  4.472021 
0.134889  4.468937 
0.136324  4.465521 
0.137759  4.461767 
0.139194  4.457668 
0.140629  4.453218 
0.142064  4.448415 
0.143499  4.443332 


0.000000  4.770195 
0.001435  4.769896 
0.002870  4.769001 
0.004305  4.767517 
0.005740  4.765454 
0.007175  4.762828 
0.008610  4.759657 
0.010045  4.755964 
0.011480  4.751772 
0.012915  4.747110 
0.014350  4.742007 
0.015785  4.736492 
0.017220  4.730600 
0.018655  4.724361 
0.020090  4.717812 
0.021525  4.710984 
0.022960  4.703915 
0.024395  4.696642 
0.025830  4.689205 
0.027265  4.681652 
0.028700  4.674055 
0.030135  4.666546 
0.031570  4.659553 
0.033005  4.655870 
0.034440  4.668511 
0.035875  4.691003 
0.037310  4.715240 
0.038745  4.740184 
0.040180  4.765592 
0.041615  4.791358 
0.043050  4.817414 
0.044485  4.843704 
0.045920  4.870180 
0.047355  4.896796 
0.048790  4.923505 
0.050225  4.950265 
0.051660  4.977032 
0.053095  5.003762 
0.054530  5.030412 
0.055965  5.056939 
0.057399  5.083302 
0.058834  5.109456 
0.060269  5.135360 
0.061705  5.160972 
0.063140  5.186250 
0.064575  5.211152 
0.066009  5.235638 
0.067444  5.259666 
0.068879  5.283196 
0.070314  5.306191 
0.071749  5.328611 
0.073184  5.350420 
0.074619  5.371582 
0.076054  5.392065 
0.077489  5.411836 
0.078924  5.430869 
0.080359  5.449136 
0.081794  5.466617 
0.083229  5.483293 
0.084664  5.499150 
0.086099  5.514179 
0.087534  5.528377 
0.088969  5.541745 
0.090404  5.554289 
0.091839  5.566022 
0.093274  5.576962 
0.094709  5.587132 
0.096144  5.596560 
0.097579  5.605278 
0.099014  5.613324 
0.100449  5.620736 
0.101884  5.627559 
0.103319  5.633836 
0.104754  5.639615 
0.106189  5.644942 
0.107624  5.649866 
0.109059  5.654434 
0.110494  5.658693 
0.111929  5.662687 
0.113364  5.666461 
0.114799  5.670056 
0.116234  5.673512 
0.117669  5.676865 
0.119104  5.680149 
0.120539  5.683395 
0.121974  5.686632 
0.123409  5.689883 
0.124844  5.693172 
0.126279  5.696515 
0.127714  5.699930 
0.129149  5.703428 
0.130584  5.707018 
0.132019  5.710708 
0.133454  5.714500 
0.134889  5.718397 
0.136324  5.722396 
0.137759  5.726493 
0.139194  5.730681 
0.140629  5.734946 
0.142064  5.739251 
0.143499  5.742776 


0.000000  5.432791 
0.001435  5.433070 
0.002870  5.433907 
0.004305  5.435296 
0.005740  5.437227 
0.007175  5.439688 
0.008610  5.442662 
0.010045  5.446130 
0.011480  5.450073 
0.012915  5.454467 
0.014350  5.459287 
0.015785  5.464510 
0.017220  5.470109 
0.018655  5.476058 
0.020090  5.482331 
0.021525  5.488902 
0.022960  5.495747 
0.024395  5.502841 
0.025830  5.510159 
0.027265  5.517680 
0.028700  5.525381 
0.030135  5.533242 
0.031570  5.541241 
0.033005  5.549359 
0.034440  5.557579 
0.035875  5.565883 
0.037310  5.574254 
0.038745  5.582675 
0.040180  5.591131 
0.041615  5.599609 
0.043050  5.608093 
0.044485  5.616570 
0.045920  5.625026 
0.047355  5.633451 
0.048790  5.641830 
0.050225  5.650152 
0.051660  5.658406 
0.053095  5.666580 
0.054530  5.674665 
0.055965  5.682648 
0.057399  5.690519 
0.058834  5.698270 
0.060269  5.705888 
0.061705  5.713366 
0.063140  5.720693 
0.064575  5.727860 
0.066009  5.734857 
0.067444  5.741676 
0.068879  5.748308 
0.070314  5.754744 
0.071749  5.760976 
0.073184  5.766995 
0.074619  5.772793 
0.076054  5.778363 
0.077489  5.783696 
0.078924  5.788785 
0.080359  5.793623 
0.081794  5.798203 
0.083229  5.802518 
0.084664  5.806561 
0.086099  5.810327 
0.087534  5.813810 
0.088969  5.817004 
0.090404  5.819904 
0.091839  5.822507 
0.093274  5.824808 
0.094709  5.826804 
0.096144  5.828491 
0.097579  5.829869 
0.099014  5.830935 
0.100449  5.831689 
0.101884  5.832131 
0.103319  5.832262 
0.104754  5.832084 
0.106189  5.831601 
0.107624  5.830815 
0.109059  5.829733 
0.110494  5.828359 
0.111929  5.826702 
0.113364  5.824768 
0.114799  5.822568 
0.116234  5.820112 
0.117669  5.817410 
0.119104  5.814475 
0.120539  5.811319 
0.121974  5.807958 
0.123409  5.804404 
0.124844  5.800674 
0.126279  5.796783 
0.127714  5.792749 
0.129149  5.788588 
0.130584  5.784317 
0.132019  5.779955 
0.133454  5.775519 
0.134889  5.771026 
0.136324  5.766496 
0.137759  5.761945 
0.139194  5.757393 
0.140629  5.752861 
0.142064  5.748394 
0.143499  5.744814 


0.000000  5.720033 
0.001435  5.720268 
0.002870  5.720971 
0.004305  5.722140 
0.005740  5.723773 
0.007175  5.725863 
0.008610  5.728407 
0.010045  5.731395 
0.011480  5.734820 
0.012915  5.738671 
0.014350  5.742938 
0.015785  5.747610 
0.017220  5.752671 
0.018655  5.758110 
0.020090  5.763910 
0.021525  5.770055 
0.022960  5.776529 
0.024395  5.783315 
0.025830  5.790394 
0.027265  5.797748 
0.028700  5.805358 
0.030135  5.813205 
0.031570  5.821269 
0.033005  5.829529 
0.034440  5.837968 
0.035875  5.846564 
0.037310  5.855298 
0.038745  5.864152 
0.040180  5.873105 
0.041615  5.882141 
0.043050  5.891241 
0.044485  5.900388 
0.045920  5.909565 
0.047355  5.918759 
0.048790  5.927953 
0.050225  5.937136 
0.051660  5.946295 
0.053095  5.955420 
0.054530  5.964502 
0.055965  5.973532 
0.057399  5.982506 
0.058834  5.991419 
0.060269  6.000268 
0.061705  6.009054 
0.063140  6.017776 
0.064575  6.026439 
0.066009  6.035047 
0.067444  6.043607 
0.068879  6.052128 
0.070314  6.060621 
0.071749  6.069098 
0.073184  6.077572 
0.074619  6.086058 
0.076054  6.094571 
0.077489  6.103129 
0.078924  6.111746 
0.080359  6.120440 
0.081794  6.129227 
0.083229  6.138121 
0.084664  6.147134 
0.086099  6.156280 
0.087534  6.165565 
0.088969  6.174998 
0.090404  6.184580 
0.091839  6.194313 
0.093274  6.204194 
0.094709  6.214217 
0.096144  6.224375 
0.097579  6.234654 
0.099014  6.245044 
0.100449  6.255528 
0.101884  6.266089 
0.103319  6.276710 
0.104754  6.287373 
0.106189  6.298058 
0.107624  6.308748 
0.109059  6.319425 
0.110494  6.330070 
0.111929  6.340669 
0.113364  6.351205 
0.114799  6.361666 
0.116234  6.372038 
0.117669  6.382311 
0.119104  6.392475 
0.120539  6.402523 
0.121974  6.412448 
0.123409  6.422246 
0.124844  6.431913 
0.126279  6.441448 
0.127714  6.450849 
0.129149  6.460117 
0.130584  6.469255 
0.132019  6.478265 
0.133454  6.487152 
0.134889  6.495920 
0.136324  6.504575 
0.137759  6.513125 
0.139194  6.521576 
0.140629  6.529935 
0.142064  6.538206 
0.143499  6.545818 


0.000000  6.888389 
0.001435  6.888516 
0.002870  6.888896 
0.004305  6.889527 
0.005740  6.890407 
0.007175  6.891529 
0.008610  6.892889 
0.010045  6.894479 
0.011480  6.896291 
0.012915  6.898314 
0.014350  6.900538 
0.015785  6.902951 
0.017220  6.905539 
0.018655  6.908289 
0.020090  6.911184 
0.021525  6.914209 
0.022960  6.917347 
0.024395  6.920579 
0.025830  6.923886 
0.027265  6.927250 
0.028700  6.930649 
0.030135  6.934063 
0.031570  6.937471 
0.033005  6.940851 
0.034440  6.944180 
0.035875  6.947437 
0.037310  6.950599 
0.038745  6.953644 
0.040180  6.956550 
0.041615  6.959293 
0.043050  6.961852 
0.044485  6.964205 
0.045920  6.966331 
0.047355  6.968211 
0.048790  6.969823 
0.050225  6.971149 
0.051660  6.972171 
0.053095  6.972873 
0.054530  6.973238 
0.055965  6.973252 
0.057399  6.972903 
0.058834  6.972179 
0.060269  6.971072 
0.061705  6.969571 
0.063140  6.967673 
0.064575  6.965372 
0.066009  6.962667 
0.067444  6.959556 
0.068879  6.956042 
0.070314  6.952128 
0.071749  6.947818 
0.073184  6.943122 
0.074619  6.938047 
0.076054  6.932605 
0.077489  6.926807 
0.078924  6.920668 
0.080359  6.914204 
0.081794  6.907430 
0.083229  6.900364 
0.084664  6.893025 
0.086099  6.885433 
0.087534  6.877607 
0.088969  6.869568 
0.090404  6.861337 
0.091839  6.852935 
0.093274  6.844383 
0.094709  6.835702 
0.096144  6.826911 
0.097579  6.818032 
0.099014  6.809083 
0.100449  6.800083 
0.101884  6.791049 
0.103319  6.781997 
0.104754  6.772944 
0.106189  6.763903 
0.107624  6.754887 
0.109059  6.745906 
0.110494  6.736973 
0.111929  6.728093 
0.113364  6.719275 
0.114799  6.710524 
0.116234  6.701844 
0.117669  6.693237 
0.119104  6.684705 
0.120539  6.676246 
0.121974  6.667859 
0.123409  6.659541 
0.124844  6.651288 
0.126279  6.643094 
0.127714  6.634954 
0.129149  6.626860 
0.130584  6.618803 
0.132019  6.610777 
0.133454  6.602771 
0.134889  6.594775 
0.136324  6.586780 
0.137759  6.578776 
0.139194  6.570752 
0.140629  6.562700 
0.142064  6.554614 
0.143499  6.547063 


0.000000  8.176166 
0.001435  8.176041 
0.002870  8.175665 
0.004305  8.175040 
0.005740  8.174166 
0.007175  8.173045 
0.008610  8.171679 
0.010045  8.170072 
0.011480  8.168226 
0.012915  8.166145 
0.014350  8.163833 
0.015785  8.161294 
0.017220  8.158535 
0.018655  8.155561 
0.020090  8.152377 
0.021525  8.148990 
0.022960  8.145407 
0.024395  8.141637 
0.025830  8.137685 
0.027265  8.133562 
0.028700  8.129275 
0.030135  8.124834 
0.031570  8.120247 
0.033005  8.115525 
0.034440  8.110676 
0.035875  8.105709 
0.037310  8.100634 
0.038745  8.095458 
0.040180  8.090185 
0.041615  8.084816 
0.043050  8.079341 
0.044485  8.073727 
0.045920  8.067886 
0.047355  8.061600 
0.048790  8.054496 
0.050225  8.046436 
0.051660  8.037737 
0.053095  8.028709 
0.054530  8.019509 
0.055965  8.010215 
0.057399  8.000872 
0.058834  7.991511 
0.060269  7.982157 
0.061705  7.972830 
0.063140  7.963550 
0.064575  7.954334 
0.066009  7.945200 
0.067444  7.936164 
0.068879  7.927243 
0.070314  7.918452 
0.071749  7.909807 
0.073184  7.901323 
0.074619  7.893014 
0.076054  7.884894 
0.077489  7.876976 
0.078924  7.869274 
0.080359  7.861800 
0.081794  7.854566 
0.083229  7.847581 
0.084664  7.840858 
0.086099  7.834405 
0.087534  7.828231 
0.088969  7.822344 
0.090404  7.816752 
0.091839  7.811460 
0.093274  7.806474 
0.094709  7.801798 
0.096144  7.797437 
0.097579  7.793392 
0.099014  7.789666 
0.100449  7.786260 
0.101884  7.783174 
0.103319  7.780407 
0.104754  7.777957 
0.106189  7.775822 
0.107624  7.773998 
0.109059  7.772482 
0.110494  7.771268 
0.111929  7.770350 
0.113364  7.769724 
0.114799  7.769380 
0.116234  7.769313 
0.117669  7.769514 
0.119104  7.769974 
0.120539  7.770683 
0.121974  7.771634 
0.123409  7.772814 
0.124844  7.774215 
0.126279  7.775824 
0.127714  7.777632 
0.129149  7.779627 
0.130584  7.781798 
0.132019  7.784131 
0.133454  7.786614 
0.134889  7.789234 
0.136324  7.791975 
0.137759  7.794816 
0.139194  7.797726 
0.140629  7.800637 
0.142064  7.803325 
0.143499  7.804748 


0.000000  8.241513 
0.001435  8.241330 
0.002870  8.240780 
0.004305  8.239865 
0.005740  8.238586 
0.007175  8.236944 
0.008610  8.234943 
0.010045  8.232585 
0.011480  8.229872 
0.012915  8.226811 
0.014350  8.223403 
0.015785  8.219656 
0.017220  8.215574 
0.018655  8.211163 
0.020090  8.206430 
0.021525  8.201381 
0.022960  8.196025 
0.024395  8.190369 
0.025830  8.184422 
0.027265  8.178193 
0.028700  8.171691 
0.030135  8.164928 
0.031570  8.157913 
0.033005  8.150659 
0.034440  8.143177 
0.035875  8.135480 
0.037310  8.127584 
0.038745  8.119505 
0.040180  8.111261 
0.041615  8.102878 
0.043050  8.094391 
0.044485  8.085859 
0.045920  8.077395 
0.047355  8.069245 
0.048790  8.061808 
0.050225  8.055247 
0.051660  8.049273 
0.053095  8.043601 
0.054530  8.038101 
0.055965  8.032721 
0.057399  8.027439 
0.058834  8.022250 
0.060269  8.017154 
0.061705  8.012151 
0.063140  8.007246 
0.064575  8.002440 
0.066009  7.997738 
0.067444  7.993140 
0.068879  7.988649 
0.070314  7.984265 
0.071749  7.979988 
0.073184  7.975817 
0.074619  7.971750 
0.076054  7.967784 
0.077489  7.963916 
0.078924  7.960142 
0.080359  7.956457 
0.081794  7.952856 
0.083229  7.949332 
0.084664  7.945880 
0.086099  7.942492 
0.087534  7.939163 
0.088969  7.935884 
0.090404  7.932650 
0.091839  7.929453 
0.093274  7.926285 
0.094709  7.923141 
0.096144  7.920013 
0.097579  7.916896 
0.099014  7.913782 
0.100449  7.910667 
0.101884  7.907544 
0.103319  7.904410 
0.104754  7.901259 
0.106189  7.898088 
0.107624  7.894892 
0.109059  7.891670 
0.110494  7.888418 
0.111929  7.885135 
0.113364  7.881819 
0.114799  7.878470 
0.116234  7.875087 
0.117669  7.871670 
0.119104  7.868221 
0.120539  7.864741 
0.121974  7.861232 
0.123409  7.857697 
0.124844  7.854138 
0.126279  7.850560 
0.127714  7.846968 
0.129149  7.843366 
0.130584  7.839761 
0.132019  7.836158 
0.133454  7.832567 
0.134889  7.828996 
0.136324  7.825457 
0.137759  7.821967 
0.139194  7.818556 
0.140629  7.815289 
0.142064  7.812388 
0.143499  7.810894 


