1.5318210787714315 3.4245370330621743 4549.087411027745 1.0750713501900833 0.07462730861064522 0.08402803502974014
0.0036960040160001206 0.6417401045573543 70.97320873994273 0.1506616239823912 0.23400581102285603 0.0989572912108965
0.2663469982550257 0.3139417738997716 18.21091287881177 0.4294111716491968 0.4862296915506995 0.05733517719333719
1.398306299755916 2.650625441352045 4057.521843680028 0.8581528554673226 0.17632018538902502 0.05317435392997707
0.6873490101166846 4.1816427593662056 1119.723595024767 0.812752483447716 0.12740405642816918 0.058567461607351705
1.3312324052739166 3.060126536134335 3267.3036398031495 1.2307031662489436 0.08819108383941111 0.3634107992231018
0.11780519801922873 0.5493421917869599 5.437857421732275 0.09575091361772686 0.13875110925931927 0.09405280552133136
1.5257237397701255 2.171221847569326 2619.1945887889765 0.8757298889839117 0.057790353857800805 0.0921574314556577
1.4825580044412003 3.056467713079175 2248.2878681011734 1.5848091831307036 0.10781672302179103 0.08961804397864785
0.11565998998093496 0.12452552472755052 73.16428121821046 0.10771927094748081 0.1436572034605424 0.08537451661640096
0.5164150945568768 2.335189224080036 724.0808584203292 0.4906171269902183 0.09965571182376357 0.11862874010272544
0.022552010299153658 0.8509761104477764 65.2989574502076 0.13378749306458607 0.15189364552196477 0.12385748713866868
0.13936299491588278 0.7858297069533933 25.93801236534003 0.19990867868846018 0.25139936525187945 0.060942485698366
1.456891007139352 2.9941582033882534 2802.88578679476 0.7306576687472277 0.13126319205893422 0.06080308452977081
1.431036058176983 2.2799363162351636 2213.4431162218752 0.7579725348687292 0.10883668821045664 0.06520423472026222
0.07754299233424167 0.9409865944852518 67.15880022350753 0.11996924316018177 0.15631010881007198 0.08442636537506706
1.339445997801287 2.6652928864822623 3419.0716624930565 0.7789712604589696 0.07556127128236824 0.05498088179350166
0.14646475513712431 0.14348782354291068 77.90576935204008 0.12429196464056284 0.12408961933047748 0.086761167028203
1.4711054251091333 3.0147926228795514 2427.4202197184673 0.8819954855651518 0.1075942424980657 0.08959861995353087
0.13438498970355361 0.2466446149155379 69.42403043748033 0.40296857379501 0.136879650103406 0.08274804294067152
0.00603399646671221 0.6236800243338063 70.20355549182536 0.14854195291027966 0.21303743288064603 0.09332505179881213
0.07008700569081894 0.7630055021046136 16.249472350436662 0.12990454073758473 0.11458198386882361 0.08041182541997534
0.25348501029658443 0.3835833311284471 62.58969964717252 0.10764233979092215 0.12833668384200256 0.08983208906855433
