# distance  frequency (bands are separated by blank lines)
# End points of segments: 
#   0.00000000 0.10668200 
0.000000  3.636582 
0.001067  3.636929 
0.002134  3.637971 
0.003200  3.639704 
0.004267  3.642123 
0.005334  3.645222 
0.006401  3.648989 
0.007468  3.653416 
0.008535  3.658488 
0.009601  3.664190 
0.010668  3.670504 
0.011735  3.677413 
0.012802  3.684892 
0.013869  3.692920 
0.014936  3.701471 
0.016002  3.710516 
0.017069  3.720026 
0.018136  3.729968 
0.019203  3.740307 
0.020270  3.751007 
0.021336  3.762027 
0.022403  3.773325 
0.023470  3.784857 
0.024537  3.796574 
0.025604  3.808427 
0.026670  3.820362 
0.027737  3.832323 
0.028804  3.844251 
0.029871  3.856083 
0.030938  3.867756 
0.032005  3.879203 
0.033071  3.890355 
0.034138  3.901144 
0.035205  3.911498 
0.036272  3.921350 
0.037339  3.930632 
0.038406  3.939280 
0.039472  3.947236 
0.040539  3.954447 
0.041606  3.960867 
0.042673  3.966461 
0.043740  3.971203 
0.044806  3.975076 
0.045873  3.978075 
0.046940  3.980204 
0.048007  3.981478 
0.049074  3.981919 
0.050141  3.981556 
0.051207  3.980425 
0.052274  3.978567 
0.053341  3.976023 
0.054408  3.972839 
0.055475  3.969061 
0.056542  3.964734 
0.057608  3.959906 
0.058675  3.954619 
0.059742  3.948918 
0.060809  3.942845 
0.061876  3.936438 
0.062942  3.929736 
0.064009  3.922776 
0.065076  3.915591 
0.066143  3.908215 
0.067210  3.900679 
0.068277  3.893013 
0.069343  3.885244 
0.070410  3.877400 
0.071477  3.869506 
0.072544  3.861588 
0.073611  3.853667 
0.074677  3.845768 
0.075744  3.837911 
0.076811  3.830117 
0.077878  3.822406 
0.078945  3.814797 
0.080011  3.807309 
0.081078  3.799960 
0.082145  3.792766 
0.083212  3.785744 
0.084279  3.778911 
0.085346  3.772281 
0.086412  3.765870 
0.087479  3.759691 
0.088546  3.753758 
0.089613  3.748085 
0.090680  3.742684 
0.091746  3.737567 
0.092813  3.732745 
0.093880  3.728230 
0.094947  3.724031 
0.096014  3.720159 
0.097081  3.716623 
0.098147  3.713432 
0.099214  3.710592 
0.100281  3.708113 
0.101348  3.706001 
0.102415  3.704262 
0.103482  3.702901 
0.104548  3.701924 
0.105615  3.701335 
0.106682  3.701138 


0.000000  4.585538 
0.001067  4.585454 
0.002134  4.585201 
0.003200  4.584782 
0.004267  4.583953 
0.005334  4.582810 
0.006401  4.581428 
0.007468  4.579815 
0.008535  4.577982 
0.009601  4.575939 
0.010668  4.573699 
0.011735  4.571274 
0.012802  4.568679 
0.013869  4.565927 
0.014936  4.563034 
0.016002  4.560014 
0.017069  4.556884 
0.018136  4.553659 
0.019203  4.550354 
0.020270  4.546985 
0.021336  4.543567 
0.022403  4.540116 
0.023470  4.536645 
0.024537  4.533171 
0.025604  4.529706 
0.026670  4.526264 
0.027737  4.522859 
0.028804  4.519502 
0.029871  4.516206 
0.030938  4.512983 
0.032005  4.509842 
0.033071  4.506796 
0.034138  4.503853 
0.035205  4.501022 
0.036272  4.498313 
0.037339  4.495733 
0.038406  4.493290 
0.039472  4.490991 
0.040539  4.488842 
0.041606  4.486850 
0.042673  4.485019 
0.043740  4.483355 
0.044806  4.481861 
0.045873  4.480542 
0.046940  4.479401 
0.048007  4.478441 
0.049074  4.477664 
0.050141  4.477072 
0.051207  4.476666 
0.052274  4.476447 
0.053341  4.476416 
0.054408  4.476572 
0.055475  4.476915 
0.056542  4.477444 
0.057608  4.478158 
0.058675  4.479055 
0.059742  4.480131 
0.060809  4.481385 
0.061876  4.482814 
0.062942  4.484412 
0.064009  4.486178 
0.065076  4.488104 
0.066143  4.490187 
0.067210  4.492422 
0.068277  4.494801 
0.069343  4.497318 
0.070410  4.499967 
0.071477  4.502740 
0.072544  4.505630 
0.073611  4.508627 
0.074677  4.511724 
0.075744  4.514910 
0.076811  4.518177 
0.077878  4.521514 
0.078945  4.524911 
0.080011  4.528356 
0.081078  4.531838 
0.082145  4.535346 
0.083212  4.538866 
0.084279  4.542387 
0.085346  4.545896 
0.086412  4.549378 
0.087479  4.552820 
0.088546  4.556208 
0.089613  4.559528 
0.090680  4.562764 
0.091746  4.565903 
0.092813  4.568929 
0.093880  4.571826 
0.094947  4.574579 
0.096014  4.577174 
0.097081  4.579593 
0.098147  4.581821 
0.099214  4.583844 
0.100281  4.585645 
0.101348  4.587209 
0.102415  4.588521 
0.103482  4.589566 
0.104548  4.590330 
0.105615  4.590799 
0.106682  4.590958 


0.000000  4.586012 
0.001067  4.585883 
0.002134  4.585494 
0.003200  4.584850 
0.004267  4.584198 
0.005334  4.583452 
0.006401  4.582548 
0.007468  4.581490 
0.008535  4.580285 
0.009601  4.578939 
0.010668  4.577459 
0.011735  4.575855 
0.012802  4.574136 
0.013869  4.572314 
0.014936  4.570401 
0.016002  4.568412 
0.017069  4.566362 
0.018136  4.564268 
0.019203  4.562149 
0.020270  4.560026 
0.021336  4.557924 
0.022403  4.555866 
0.023470  4.553881 
0.024537  4.551999 
0.025604  4.550254 
0.026670  4.548681 
0.027737  4.547319 
0.028804  4.546210 
0.029871  4.545399 
0.030938  4.544933 
0.032005  4.544862 
0.033071  4.545237 
0.034138  4.546112 
0.035205  4.547541 
0.036272  4.549577 
0.037339  4.552273 
0.038406  4.555677 
0.039472  4.559834 
0.040539  4.564784 
0.041606  4.570557 
0.042673  4.577178 
0.043740  4.584661 
0.044806  4.593010 
0.045873  4.602220 
0.046940  4.612275 
0.048007  4.623152 
0.049074  4.634819 
0.050141  4.647237 
0.051207  4.660362 
0.052274  4.674148 
0.053341  4.688542 
0.054408  4.703495 
0.055475  4.718952 
0.056542  4.734862 
0.057608  4.751173 
0.058675  4.767836 
0.059742  4.784802 
0.060809  4.802025 
0.061876  4.819461 
0.062942  4.837066 
0.064009  4.854802 
0.065076  4.872628 
0.066143  4.890509 
0.067210  4.908409 
0.068277  4.926295 
0.069343  4.944134 
0.070410  4.961896 
0.071477  4.979550 
0.072544  4.997068 
0.073611  5.014421 
0.074677  5.031581 
0.075744  5.048522 
0.076811  5.065217 
0.077878  5.081641 
0.078945  5.097766 
0.080011  5.113567 
0.081078  5.129019 
0.082145  5.144096 
0.083212  5.158773 
0.084279  5.173025 
0.085346  5.186826 
0.086412  5.200151 
0.087479  5.212975 
0.088546  5.225274 
0.089613  5.237022 
0.090680  5.248195 
0.091746  5.258770 
0.092813  5.268725 
0.093880  5.278035 
0.094947  5.286681 
0.096014  5.294642 
0.097081  5.301899 
0.098147  5.308435 
0.099214  5.314234 
0.100281  5.319284 
0.101348  5.323571 
0.102415  5.327088 
0.103482  5.329828 
0.104548  5.331785 
0.105615  5.332959 
0.106682  5.333349 


0.000000  5.635805 
0.001067  5.636111 
0.002134  5.637027 
0.003200  5.638551 
0.004267  5.640678 
0.005334  5.643400 
0.006401  5.646710 
0.007468  5.650596 
0.008535  5.655048 
0.009601  5.660051 
0.010668  5.665592 
0.011735  5.671653 
0.012802  5.678219 
0.013869  5.685271 
0.014936  5.692790 
0.016002  5.700757 
0.017069  5.709152 
0.018136  5.717955 
0.019203  5.727144 
0.020270  5.736699 
0.021336  5.746599 
0.022403  5.756821 
0.023470  5.767345 
0.024537  5.778149 
0.025604  5.789212 
0.026670  5.800512 
0.027737  5.812027 
0.028804  5.823738 
0.029871  5.835621 
0.030938  5.847657 
0.032005  5.859824 
0.033071  5.872100 
0.034138  5.884464 
0.035205  5.896894 
0.036272  5.909370 
0.037339  5.921868 
0.038406  5.934367 
0.039472  5.946843 
0.040539  5.959274 
0.041606  5.971634 
0.042673  5.983898 
0.043740  5.996041 
0.044806  6.008034 
0.045873  6.019849 
0.046940  6.031454 
0.048007  6.042817 
0.049074  6.053904 
0.050141  6.064676 
0.051207  6.075094 
0.052274  6.085117 
0.053341  6.094701 
0.054408  6.103799 
0.055475  6.112365 
0.056542  6.120352 
0.057608  6.127717 
0.058675  6.134419 
0.059742  6.140422 
0.060809  6.145701 
0.061876  6.150240 
0.062942  6.154035 
0.064009  6.157093 
0.065076  6.159437 
0.066143  6.161097 
0.067210  6.162114 
0.068277  6.162535 
0.069343  6.162411 
0.070410  6.161795 
0.071477  6.160739 
0.072544  6.159294 
0.073611  6.157510 
0.074677  6.155431 
0.075744  6.153100 
0.076811  6.150557 
0.077878  6.147836 
0.078945  6.144971 
0.080011  6.141993 
0.081078  6.138928 
0.082145  6.135802 
0.083212  6.132640 
0.084279  6.129462 
0.085346  6.126290 
0.086412  6.123142 
0.087479  6.120037 
0.088546  6.116991 
0.089613  6.114022 
0.090680  6.111144 
0.091746  6.108372 
0.092813  6.105719 
0.093880  6.103200 
0.094947  6.100827 
0.096014  6.098611 
0.097081  6.096565 
0.098147  6.094699 
0.099214  6.093023 
0.100281  6.091547 
0.101348  6.090280 
0.102415  6.089229 
0.103482  6.088402 
0.104548  6.087804 
0.105615  6.087443 
0.106682  6.087321 


0.000000  6.460725 
0.001067  6.460678 
0.002134  6.460538 
0.003200  6.460303 
0.004267  6.459976 
0.005334  6.459554 
0.006401  6.459040 
0.007468  6.458433 
0.008535  6.457734 
0.009601  6.456942 
0.010668  6.456060 
0.011735  6.455086 
0.012802  6.454021 
0.013869  6.452868 
0.014936  6.451625 
0.016002  6.450295 
0.017069  6.448877 
0.018136  6.447374 
0.019203  6.445786 
0.020270  6.444116 
0.021336  6.442364 
0.022403  6.440531 
0.023470  6.438621 
0.024537  6.436635 
0.025604  6.434576 
0.026670  6.432445 
0.027737  6.430246 
0.028804  6.427982 
0.029871  6.425656 
0.030938  6.423273 
0.032005  6.420836 
0.033071  6.418349 
0.034138  6.415820 
0.035205  6.413252 
0.036272  6.410653 
0.037339  6.408030 
0.038406  6.405390 
0.039472  6.402744 
0.040539  6.400100 
0.041606  6.397471 
0.042673  6.394869 
0.043740  6.392308 
0.044806  6.389804 
0.045873  6.387375 
0.046940  6.385042 
0.048007  6.382826 
0.049074  6.380753 
0.050141  6.378850 
0.051207  6.377149 
0.052274  6.375682 
0.053341  6.374487 
0.054408  6.373600 
0.055475  6.373061 
0.056542  6.372911 
0.057608  6.373188 
0.058675  6.373926 
0.059742  6.375155 
0.060809  6.376897 
0.061876  6.379163 
0.062942  6.381953 
0.064009  6.385256 
0.065076  6.389049 
0.066143  6.393296 
0.067210  6.397957 
0.068277  6.402983 
0.069343  6.408322 
0.070410  6.413921 
0.071477  6.419728 
0.072544  6.425692 
0.073611  6.431765 
0.074677  6.437904 
0.075744  6.444069 
0.076811  6.450224 
0.077878  6.456335 
0.078945  6.462374 
0.080011  6.468314 
0.081078  6.474132 
0.082145  6.479809 
0.083212  6.485326 
0.084279  6.490667 
0.085346  6.495817 
0.086412  6.500766 
0.087479  6.505500 
0.088546  6.510012 
0.089613  6.514293 
0.090680  6.518335 
0.091746  6.522133 
0.092813  6.525681 
0.093880  6.527463 
0.094947  6.522282 
0.096014  6.517502 
0.097081  6.513139 
0.098147  6.509204 
0.099214  6.505712 
0.100281  6.502672 
0.101348  6.500092 
0.102415  6.497979 
0.103482  6.496337 
0.104548  6.495167 
0.105615  6.494467 
0.106682  6.494236 


0.000000  7.098136 
0.001067  7.098027 
0.002134  7.097700 
0.003200  7.097157 
0.004267  7.096396 
0.005334  7.095419 
0.006401  7.094226 
0.007468  7.092818 
0.008535  7.091195 
0.009601  7.089360 
0.010668  7.087312 
0.011735  7.085054 
0.012802  7.082586 
0.013869  7.079911 
0.014936  7.077029 
0.016002  7.073942 
0.017069  7.070652 
0.018136  7.067162 
0.019203  7.063472 
0.020270  7.059585 
0.021336  7.055503 
0.022403  7.051229 
0.023470  7.046763 
0.024537  7.042110 
0.025604  7.037270 
0.026670  7.032246 
0.027737  7.027042 
0.028804  7.021658 
0.029871  7.016098 
0.030938  7.010364 
0.032005  7.004459 
0.033071  6.998386 
0.034138  6.992146 
0.035205  6.985744 
0.036272  6.979180 
0.037339  6.972460 
0.038406  6.965584 
0.039472  6.958557 
0.040539  6.951380 
0.041606  6.944058 
0.042673  6.936593 
0.043740  6.928989 
0.044806  6.921249 
0.045873  6.913376 
0.046940  6.905374 
0.048007  6.897247 
0.049074  6.888998 
0.050141  6.880631 
0.051207  6.872151 
0.052274  6.863562 
0.053341  6.854869 
0.054408  6.846076 
0.055475  6.837187 
0.056542  6.828210 
0.057608  6.819148 
0.058675  6.810008 
0.059742  6.800795 
0.060809  6.791517 
0.061876  6.782180 
0.062942  6.772790 
0.064009  6.763357 
0.065076  6.753886 
0.066143  6.744387 
0.067210  6.734869 
0.068277  6.725341 
0.069343  6.715812 
0.070410  6.706294 
0.071477  6.696796 
0.072544  6.687330 
0.073611  6.677908 
0.074677  6.668543 
0.075744  6.659247 
0.076811  6.650035 
0.077878  6.640922 
0.078945  6.631921 
0.080011  6.623049 
0.081078  6.614322 
0.082145  6.605757 
0.083212  6.597371 
0.084279  6.589182 
0.085346  6.581209 
0.086412  6.573470 
0.087479  6.565984 
0.088546  6.558771 
0.089613  6.551849 
0.090680  6.545239 
0.091746  6.538959 
0.092813  6.533027 
0.093880  6.528974 
0.094947  6.532009 
0.096014  6.534783 
0.097081  6.537293 
0.098147  6.539538 
0.099214  6.541517 
0.100281  6.543229 
0.101348  6.544674 
0.102415  6.545852 
0.103482  6.546766 
0.104548  6.547415 
0.105615  6.547803 
0.106682  6.547932 


0.000000  8.767911 
0.001067  8.767913 
0.002134  8.767917 
0.003200  8.767922 
0.004267  8.767929 
0.005334  8.767936 
0.006401  8.767940 
0.007468  8.767940 
0.008535  8.767933 
0.009601  8.767916 
0.010668  8.767887 
0.011735  8.767842 
0.012802  8.767777 
0.013869  8.767689 
0.014936  8.767573 
0.016002  8.767426 
0.017069  8.767242 
0.018136  8.767018 
0.019203  8.766750 
0.020270  8.766432 
0.021336  8.766061 
0.022403  8.765632 
0.023470  8.765141 
0.024537  8.764584 
0.025604  8.763956 
0.026670  8.763254 
0.027737  8.762475 
0.028804  8.761616 
0.029871  8.760672 
0.030938  8.759643 
0.032005  8.758524 
0.033071  8.757315 
0.034138  8.756013 
0.035205  8.754618 
0.036272  8.753128 
0.037339  8.751542 
0.038406  8.749862 
0.039472  8.748086 
0.040539  8.746215 
0.041606  8.744250 
0.042673  8.742193 
0.043740  8.740045 
0.044806  8.737808 
0.045873  8.735485 
0.046940  8.733077 
0.048007  8.730589 
0.049074  8.728023 
0.050141  8.725382 
0.051207  8.722670 
0.052274  8.719892 
0.053341  8.717051 
0.054408  8.714152 
0.055475  8.711199 
0.056542  8.708198 
0.057608  8.705152 
0.058675  8.702067 
0.059742  8.698948 
0.060809  8.695800 
0.061876  8.692628 
0.062942  8.689438 
0.064009  8.686235 
0.065076  8.683025 
0.066143  8.679812 
0.067210  8.676603 
0.068277  8.673402 
0.069343  8.670215 
0.070410  8.667048 
0.071477  8.663906 
0.072544  8.660794 
0.073611  8.657717 
0.074677  8.654680 
0.075744  8.651689 
0.076811  8.648749 
0.077878  8.645864 
0.078945  8.643039 
0.080011  8.640278 
0.081078  8.637588 
0.082145  8.634971 
0.083212  8.632432 
0.084279  8.629975 
0.085346  8.627604 
0.086412  8.625324 
0.087479  8.623137 
0.088546  8.621047 
0.089613  8.619058 
0.090680  8.617173 
0.091746  8.615395 
0.092813  8.613727 
0.093880  8.612171 
0.094947  8.610730 
0.096014  8.609406 
0.097081  8.608202 
0.098147  8.607118 
0.099214  8.606158 
0.100281  8.605323 
0.101348  8.604614 
0.102415  8.604032 
0.103482  8.603578 
0.104548  8.603253 
0.105615  8.603058 
0.106682  8.602993 


0.000000  9.255185 
0.001067  9.255175 
0.002134  9.255148 
0.003200  9.255102 
0.004267  9.255037 
0.005334  9.254955 
0.006401  9.254855 
0.007468  9.254737 
0.008535  9.254601 
0.009601  9.254449 
0.010668  9.254280 
0.011735  9.254094 
0.012802  9.253893 
0.013869  9.253676 
0.014936  9.253445 
0.016002  9.253199 
0.017069  9.252939 
0.018136  9.252666 
0.019203  9.252381 
0.020270  9.252084 
0.021336  9.251776 
0.022403  9.251457 
0.023470  9.251128 
0.024537  9.250791 
0.025604  9.250445 
0.026670  9.250092 
0.027737  9.249733 
0.028804  9.249367 
0.029871  9.248997 
0.030938  9.248623 
0.032005  9.248245 
0.033071  9.247865 
0.034138  9.247483 
0.035205  9.247100 
0.036272  9.246718 
0.037339  9.246336 
0.038406  9.245956 
0.039472  9.245578 
0.040539  9.245203 
0.041606  9.244833 
0.042673  9.244467 
0.043740  9.244106 
0.044806  9.243751 
0.045873  9.243403 
0.046940  9.243062 
0.048007  9.242729 
0.049074  9.242405 
0.050141  9.242089 
0.051207  9.241782 
0.052274  9.241486 
0.053341  9.241199 
0.054408  9.240923 
0.055475  9.240658 
0.056542  9.240403 
0.057608  9.240160 
0.058675  9.239928 
0.059742  9.239708 
0.060809  9.239499 
0.061876  9.239302 
0.062942  9.239116 
0.064009  9.238942 
0.065076  9.238779 
0.066143  9.238627 
0.067210  9.238486 
0.068277  9.238356 
0.069343  9.238235 
0.070410  9.238125 
0.071477  9.238025 
0.072544  9.237933 
0.073611  9.237850 
0.074677  9.237776 
0.075744  9.237709 
0.076811  9.237649 
0.077878  9.237596 
0.078945  9.237549 
0.080011  9.237507 
0.081078  9.237471 
0.082145  9.237439 
0.083212  9.237410 
0.084279  9.237385 
0.085346  9.237363 
0.086412  9.237343 
0.087479  9.237325 
0.088546  9.237308 
0.089613  9.237292 
0.090680  9.237276 
0.091746  9.237261 
0.092813  9.237245 
0.093880  9.237229 
0.094947  9.237213 
0.096014  9.237197 
0.097081  9.237180 
0.098147  9.237162 
0.099214  9.237145 
0.100281  9.237128 
0.101348  9.237112 
0.102415  9.237097 
0.103482  9.237083 
0.104548  9.237073 
0.105615  9.237066 
0.106682  9.237063 


0.000000  9.437938 
0.001067  9.438001 
0.002134  9.438189 
0.003200  9.438502 
0.004267  9.438941 
0.005334  9.439506 
0.006401  9.440198 
0.007468  9.441018 
0.008535  9.441966 
0.009601  9.443044 
0.010668  9.444253 
0.011735  9.445593 
0.012802  9.447066 
0.013869  9.448673 
0.014936  9.450415 
0.016002  9.452293 
0.017069  9.454309 
0.018136  9.456463 
0.019203  9.458757 
0.020270  9.461191 
0.021336  9.463765 
0.022403  9.466481 
0.023470  9.469339 
0.024537  9.472338 
0.025604  9.475479 
0.026670  9.478761 
0.027737  9.482183 
0.028804  9.485746 
0.029871  9.489446 
0.030938  9.493283 
0.032005  9.497254 
0.033071  9.501359 
0.034138  9.505593 
0.035205  9.509954 
0.036272  9.514439 
0.037339  9.519044 
0.038406  9.523765 
0.039472  9.528599 
0.040539  9.533540 
0.041606  9.538584 
0.042673  9.543726 
0.043740  9.548960 
0.044806  9.554280 
0.045873  9.559682 
0.046940  9.565159 
0.048007  9.570704 
0.049074  9.576311 
0.050141  9.581974 
0.051207  9.587685 
0.052274  9.593439 
0.053341  9.599228 
0.054408  9.605045 
0.055475  9.610883 
0.056542  9.616735 
0.057608  9.622593 
0.058675  9.628452 
0.059742  9.634302 
0.060809  9.640138 
0.061876  9.645952 
0.062942  9.651737 
0.064009  9.657486 
0.065076  9.663192 
0.066143  9.668849 
0.067210  9.674449 
0.068277  9.679985 
0.069343  9.685453 
0.070410  9.690844 
0.071477  9.696152 
0.072544  9.701373 
0.073611  9.706498 
0.074677  9.711523 
0.075744  9.716442 
0.076811  9.721249 
0.077878  9.725939 
0.078945  9.730506 
0.080011  9.734946 
0.081078  9.739253 
0.082145  9.743423 
0.083212  9.747451 
0.084279  9.751333 
0.085346  9.755064 
0.086412  9.758641 
0.087479  9.762059 
0.088546  9.765315 
0.089613  9.768405 
0.090680  9.771326 
0.091746  9.774075 
0.092813  9.776648 
0.093880  9.779044 
0.094947  9.781258 
0.096014  9.783289 
0.097081  9.785135 
0.098147  9.786792 
0.099214  9.788260 
0.100281  9.789537 
0.101348  9.790620 
0.102415  9.791509 
0.103482  9.792202 
0.104548  9.792698 
0.105615  9.792997 
0.106682  9.793096 


