# distance  frequency (bands are separated by blank lines)
# End points of segments: 
#   0.00000000 0.07497370 
0.000000  -0.004923 
0.000750  0.009256 
0.001499  0.019436 
0.002249  0.029399 
0.002999  0.039310 
0.003749  0.049197 
0.004498  0.059070 
0.005248  0.068933 
0.005998  0.078787 
0.006748  0.088633 
0.007497  0.098471 
0.008247  0.108301 
0.008997  0.118123 
0.009747  0.127938 
0.010496  0.137745 
0.011246  0.147545 
0.011996  0.157338 
0.012745  0.167125 
0.013495  0.176905 
0.014245  0.186682 
0.014995  0.196454 
0.015745  0.206224 
0.016494  0.215992 
0.017244  0.225761 
0.017994  0.235532 
0.018743  0.245307 
0.019493  0.255088 
0.020243  0.264878 
0.020993  0.274679 
0.021742  0.284493 
0.022492  0.294325 
0.023242  0.304177 
0.023992  0.314051 
0.024741  0.323953 
0.025491  0.333885 
0.026241  0.343851 
0.026991  0.353855 
0.027740  0.363901 
0.028490  0.373994 
0.029240  0.384138 
0.029989  0.394336 
0.030739  0.404594 
0.031489  0.414916 
0.032239  0.425307 
0.032988  0.435770 
0.033738  0.446311 
0.034488  0.456935 
0.035238  0.467645 
0.035987  0.478445 
0.036737  0.489342 
0.037487  0.500337 
0.038237  0.511436 
0.038986  0.522642 
0.039736  0.533960 
0.040486  0.545392 
0.041236  0.556941 
0.041985  0.568612 
0.042735  0.580407 
0.043485  0.592327 
0.044235  0.604377 
0.044984  0.616557 
0.045734  0.628869 
0.046484  0.641315 
0.047233  0.653895 
0.047983  0.666611 
0.048733  0.679462 
0.049483  0.692449 
0.050232  0.705572 
0.050982  0.718828 
0.051732  0.732218 
0.052482  0.745740 
0.053231  0.759392 
0.053981  0.773171 
0.054731  0.787075 
0.055481  0.801099 
0.056230  0.815240 
0.056980  0.829489 
0.057730  0.843835 
0.058479  0.858245 
0.059229  0.872528 
0.059979  0.879099 
0.060729  0.870044 
0.061478  0.859614 
0.062228  0.848488 
0.062978  0.836830 
0.063728  0.824777 
0.064477  0.812469 
0.065227  0.800050 
0.065977  0.787672 
0.066727  0.775488 
0.067476  0.763657 
0.068226  0.752337 
0.068976  0.741685 
0.069725  0.731856 
0.070475  0.722994 
0.071225  0.715237 
0.071975  0.708708 
0.072724  0.703512 
0.073474  0.699736 
0.074224  0.697444 
0.074974  0.696676 


0.000000  -0.002323 
0.000750  0.017628 
0.001499  0.035773 
0.002249  0.053786 
0.002999  0.071750 
0.003749  0.089678 
0.004498  0.107567 
0.005248  0.125415 
0.005998  0.143215 
0.006748  0.160964 
0.007497  0.178654 
0.008247  0.196281 
0.008997  0.213839 
0.009747  0.231322 
0.010496  0.248724 
0.011246  0.266041 
0.011996  0.283266 
0.012745  0.300396 
0.013495  0.317424 
0.014245  0.334346 
0.014995  0.351158 
0.015745  0.367855 
0.016494  0.384432 
0.017244  0.400885 
0.017994  0.417211 
0.018743  0.433405 
0.019493  0.449464 
0.020243  0.465383 
0.020993  0.481160 
0.021742  0.496791 
0.022492  0.512272 
0.023242  0.527601 
0.023992  0.542773 
0.024741  0.557787 
0.025491  0.572637 
0.026241  0.587321 
0.026991  0.601835 
0.027740  0.616177 
0.028490  0.630341 
0.029240  0.644324 
0.029989  0.658121 
0.030739  0.671728 
0.031489  0.685139 
0.032239  0.698350 
0.032988  0.711353 
0.033738  0.724141 
0.034488  0.736707 
0.035238  0.749043 
0.035987  0.761139 
0.036737  0.772983 
0.037487  0.784565 
0.038237  0.795871 
0.038986  0.806887 
0.039736  0.817595 
0.040486  0.827978 
0.041236  0.838016 
0.041985  0.847686 
0.042735  0.856965 
0.043485  0.865824 
0.044235  0.874236 
0.044984  0.882166 
0.045734  0.889583 
0.046484  0.896447 
0.047233  0.902719 
0.047983  0.908357 
0.048733  0.913316 
0.049483  0.917552 
0.050232  0.921017 
0.050982  0.923665 
0.051732  0.925449 
0.052482  0.926326 
0.053231  0.926257 
0.053981  0.925206 
0.054731  0.923147 
0.055481  0.920060 
0.056230  0.915938 
0.056980  0.910787 
0.057730  0.904633 
0.058479  0.897533 
0.059229  0.889720 
0.059979  0.888831 
0.060729  0.902851 
0.061478  0.917610 
0.062228  0.932528 
0.062978  0.947547 
0.063728  0.962649 
0.064477  0.977821 
0.065227  0.993056 
0.065977  1.008344 
0.066727  1.023678 
0.067476  1.039049 
0.068226  1.054449 
0.068976  1.069865 
0.069725  1.085288 
0.070475  1.100699 
0.071225  1.116079 
0.071975  1.131388 
0.072724  1.146553 
0.073474  1.161375 
0.074224  1.175080 
0.074974  1.182785 


0.000000  -0.000992 
0.000750  0.027447 
0.001499  0.055073 
0.002249  0.082662 
0.002999  0.110241 
0.003749  0.137818 
0.004498  0.165394 
0.005248  0.192971 
0.005998  0.220549 
0.006748  0.248127 
0.007497  0.275707 
0.008247  0.303288 
0.008997  0.330870 
0.009747  0.358452 
0.010496  0.386033 
0.011246  0.413613 
0.011996  0.441191 
0.012745  0.468765 
0.013495  0.496335 
0.014245  0.523898 
0.014995  0.551454 
0.015745  0.579000 
0.016494  0.606534 
0.017244  0.634053 
0.017994  0.661556 
0.018743  0.689040 
0.019493  0.716502 
0.020243  0.743938 
0.020993  0.771347 
0.021742  0.798723 
0.022492  0.826065 
0.023242  0.853368 
0.023992  0.880628 
0.024741  0.907841 
0.025491  0.935003 
0.026241  0.962110 
0.026991  0.989158 
0.027740  1.016141 
0.028490  1.043055 
0.029240  1.069895 
0.029989  1.096657 
0.030739  1.123335 
0.031489  1.149924 
0.032239  1.176418 
0.032988  1.202814 
0.033738  1.229103 
0.034488  1.255282 
0.035238  1.281344 
0.035987  1.307282 
0.036737  1.333091 
0.037487  1.358763 
0.038237  1.384289 
0.038986  1.409662 
0.039736  1.434871 
0.040486  1.459903 
0.041236  1.484741 
0.041985  1.509363 
0.042735  1.533734 
0.043485  1.557801 
0.044235  1.581467 
0.044984  1.604540 
0.045734  1.626582 
0.046484  1.646430 
0.047233  1.660873 
0.047983  1.665235 
0.048733  1.661147 
0.049483  1.653307 
0.050232  1.643878 
0.050982  1.633624 
0.051732  1.622850 
0.052482  1.611696 
0.053231  1.600236 
0.053981  1.588511 
0.054731  1.576548 
0.055481  1.564365 
0.056230  1.551976 
0.056980  1.539390 
0.057730  1.526616 
0.058479  1.513661 
0.059229  1.500532 
0.059979  1.487234 
0.060729  1.473775 
0.061478  1.460159 
0.062228  1.446393 
0.062978  1.432482 
0.063728  1.418433 
0.064477  1.404251 
0.065227  1.389944 
0.065977  1.375517 
0.066727  1.360979 
0.067476  1.346337 
0.068226  1.331599 
0.068976  1.316776 
0.069725  1.301879 
0.070475  1.286923 
0.071225  1.271930 
0.071975  1.256937 
0.072724  1.242018 
0.073474  1.227372 
0.074224  1.213773 
0.074974  1.206104 


0.000000  1.992307 
0.000750  1.992243 
0.001499  1.992051 
0.002249  1.991730 
0.002999  1.991280 
0.003749  1.990701 
0.004498  1.989993 
0.005248  1.989154 
0.005998  1.988184 
0.006748  1.987083 
0.007497  1.985849 
0.008247  1.984482 
0.008997  1.982979 
0.009747  1.981341 
0.010496  1.979566 
0.011246  1.977653 
0.011996  1.975600 
0.012745  1.973406 
0.013495  1.971070 
0.014245  1.968590 
0.014995  1.965964 
0.015745  1.963191 
0.016494  1.960269 
0.017244  1.957197 
0.017994  1.953973 
0.018743  1.950596 
0.019493  1.947063 
0.020243  1.943374 
0.020993  1.939526 
0.021742  1.935518 
0.022492  1.931349 
0.023242  1.927016 
0.023992  1.922518 
0.024741  1.917854 
0.025491  1.913022 
0.026241  1.908021 
0.026991  1.902849 
0.027740  1.897505 
0.028490  1.891988 
0.029240  1.886296 
0.029989  1.880428 
0.030739  1.874384 
0.031489  1.868162 
0.032239  1.861761 
0.032988  1.855181 
0.033738  1.848421 
0.034488  1.841481 
0.035238  1.834361 
0.035987  1.827060 
0.036737  1.819581 
0.037487  1.811924 
0.038237  1.804091 
0.038986  1.796086 
0.039736  1.787914 
0.040486  1.779582 
0.041236  1.771101 
0.041985  1.762490 
0.042735  1.753778 
0.043485  1.745015 
0.044235  1.736293 
0.044984  1.727799 
0.045734  1.719967 
0.046484  1.713958 
0.047233  1.712979 
0.047983  1.721703 
0.048733  1.738494 
0.049483  1.755643 
0.050232  1.745416 
0.050982  1.735457 
0.051732  1.725856 
0.052482  1.716667 
0.053231  1.707944 
0.053981  1.699733 
0.054731  1.692081 
0.055481  1.685026 
0.056230  1.678602 
0.056980  1.672833 
0.057730  1.667733 
0.058479  1.663308 
0.059229  1.659553 
0.059979  1.656454 
0.060729  1.653985 
0.061478  1.652113 
0.062228  1.650797 
0.062978  1.649990 
0.063728  1.649639 
0.064477  1.649686 
0.065227  1.650074 
0.065977  1.650740 
0.066727  1.651625 
0.067476  1.652667 
0.068226  1.653811 
0.068976  1.654999 
0.069725  1.656180 
0.070475  1.657307 
0.071225  1.658337 
0.071975  1.659232 
0.072724  1.659961 
0.073474  1.660501 
0.074224  1.660831 
0.074974  1.660943 


0.000000  2.189794 
0.000750  2.189674 
0.001499  2.189314 
0.002249  2.188715 
0.002999  2.187877 
0.003749  2.186802 
0.004498  2.185492 
0.005248  2.183949 
0.005998  2.182175 
0.006748  2.180172 
0.007497  2.177944 
0.008247  2.175493 
0.008997  2.172823 
0.009747  2.169938 
0.010496  2.166839 
0.011246  2.163531 
0.011996  2.160017 
0.012745  2.156300 
0.013495  2.152384 
0.014245  2.148271 
0.014995  2.143964 
0.015745  2.139465 
0.016494  2.134778 
0.017244  2.129904 
0.017994  2.124844 
0.018743  2.119601 
0.019493  2.114176 
0.020243  2.108568 
0.020993  2.102780 
0.021742  2.096811 
0.022492  2.090661 
0.023242  2.084329 
0.023992  2.077816 
0.024741  2.071120 
0.025491  2.064240 
0.026241  2.057175 
0.026991  2.049923 
0.027740  2.042483 
0.028490  2.034854 
0.029240  2.027033 
0.029989  2.019021 
0.030739  2.010814 
0.031489  2.002412 
0.032239  1.993815 
0.032988  1.985022 
0.033738  1.976034 
0.034488  1.966850 
0.035238  1.957473 
0.035987  1.947906 
0.036737  1.938151 
0.037487  1.928213 
0.038237  1.918099 
0.038986  1.907815 
0.039736  1.897372 
0.040486  1.886780 
0.041236  1.876052 
0.041985  1.865205 
0.042735  1.854257 
0.043485  1.843228 
0.044235  1.832143 
0.044984  1.821029 
0.045734  1.809916 
0.046484  1.798839 
0.047233  1.787836 
0.047983  1.776948 
0.048733  1.766219 
0.049483  1.758707 
0.050232  1.780031 
0.050982  1.801832 
0.051732  1.823765 
0.052482  1.845689 
0.053231  1.867527 
0.053981  1.889238 
0.054731  1.910793 
0.055481  1.932174 
0.056230  1.953368 
0.056980  1.974363 
0.057730  1.995151 
0.058479  2.015725 
0.059229  2.036077 
0.059979  2.056200 
0.060729  2.076088 
0.061478  2.095731 
0.062228  2.115121 
0.062978  2.134248 
0.063728  2.153100 
0.064477  2.171661 
0.065227  2.189913 
0.065977  2.207832 
0.066727  2.225386 
0.067476  2.242535 
0.068226  2.259225 
0.068976  2.275379 
0.069725  2.290892 
0.070475  2.305615 
0.071225  2.319336 
0.071975  2.331748 
0.072724  2.342423 
0.073474  2.350794 
0.074224  2.356205 
0.074974  2.358087 


0.000000  2.958460 
0.000750  2.958198 
0.001499  2.957442 
0.002249  2.956274 
0.002999  2.954787 
0.003749  2.953061 
0.004498  2.951161 
0.005248  2.949130 
0.005998  2.947000 
0.006748  2.944794 
0.007497  2.942524 
0.008247  2.940202 
0.008997  2.937833 
0.009747  2.935422 
0.010496  2.932971 
0.011246  2.930481 
0.011996  2.927953 
0.012745  2.925384 
0.013495  2.922775 
0.014245  2.920122 
0.014995  2.917424 
0.015745  2.914678 
0.016494  2.911881 
0.017244  2.909029 
0.017994  2.906119 
0.018743  2.903147 
0.019493  2.900109 
0.020243  2.897000 
0.020993  2.893816 
0.021742  2.890552 
0.022492  2.887203 
0.023242  2.883764 
0.023992  2.880230 
0.024741  2.876595 
0.025491  2.872854 
0.026241  2.869001 
0.026991  2.865029 
0.027740  2.860934 
0.028490  2.856708 
0.029240  2.852346 
0.029989  2.847842 
0.030739  2.843188 
0.031489  2.838380 
0.032239  2.833411 
0.032988  2.828274 
0.033738  2.822964 
0.034488  2.817475 
0.035238  2.811802 
0.035987  2.805938 
0.036737  2.799880 
0.037487  2.793623 
0.038237  2.787163 
0.038986  2.780495 
0.039736  2.773618 
0.040486  2.766529 
0.041236  2.759226 
0.041985  2.751709 
0.042735  2.743978 
0.043485  2.736034 
0.044235  2.727878 
0.044984  2.719516 
0.045734  2.710949 
0.046484  2.702185 
0.047233  2.693230 
0.047983  2.684091 
0.048733  2.674779 
0.049483  2.665304 
0.050232  2.655679 
0.050982  2.645916 
0.051732  2.636030 
0.052482  2.626039 
0.053231  2.615960 
0.053981  2.605813 
0.054731  2.595617 
0.055481  2.585396 
0.056230  2.575172 
0.056980  2.564971 
0.057730  2.554819 
0.058479  2.544744 
0.059229  2.534774 
0.059979  2.524939 
0.060729  2.515271 
0.061478  2.505801 
0.062228  2.496564 
0.062978  2.487591 
0.063728  2.478920 
0.064477  2.470583 
0.065227  2.462618 
0.065977  2.455060 
0.066727  2.447944 
0.067476  2.441305 
0.068226  2.435177 
0.068976  2.429593 
0.069725  2.424584 
0.070475  2.420178 
0.071225  2.416402 
0.071975  2.413280 
0.072724  2.410830 
0.073474  2.409069 
0.074224  2.408007 
0.074974  2.407652 


0.000000  2.981579 
0.000750  2.981838 
0.001499  2.982582 
0.002249  2.983731 
0.002999  2.985190 
0.003749  2.986876 
0.004498  2.988724 
0.005248  2.990687 
0.005998  2.992730 
0.006748  2.994828 
0.007497  2.996965 
0.008247  2.999124 
0.008997  3.001297 
0.009747  3.003474 
0.010496  3.005647 
0.011246  3.007812 
0.011996  3.009962 
0.012745  3.012093 
0.013495  3.014200 
0.014245  3.016281 
0.014995  3.018330 
0.015745  3.020340 
0.016494  3.018673 
0.017244  3.012241 
0.017994  3.005841 
0.018743  2.999487 
0.019493  2.993187 
0.020243  2.986948 
0.020993  2.980774 
0.021742  2.974673 
0.022492  2.968648 
0.023242  2.962706 
0.023992  2.956850 
0.024741  2.951085 
0.025491  2.945415 
0.026241  2.939843 
0.026991  2.934373 
0.027740  2.929008 
0.028490  2.923751 
0.029240  2.918604 
0.029989  2.913571 
0.030739  2.908653 
0.031489  2.903852 
0.032239  2.899170 
0.032988  2.894608 
0.033738  2.890166 
0.034488  2.885846 
0.035238  2.881647 
0.035987  2.877568 
0.036737  2.873610 
0.037487  2.869769 
0.038237  2.866043 
0.038986  2.862430 
0.039736  2.858924 
0.040486  2.855521 
0.041236  2.852214 
0.041985  2.848994 
0.042735  2.845852 
0.043485  2.842774 
0.044235  2.839746 
0.044984  2.836750 
0.045734  2.833764 
0.046484  2.830761 
0.047233  2.827711 
0.047983  2.824576 
0.048733  2.821311 
0.049483  2.817864 
0.050232  2.814177 
0.050982  2.810182 
0.051732  2.805808 
0.052482  2.800984 
0.053231  2.795641 
0.053981  2.789723 
0.054731  2.783188 
0.055481  2.776018 
0.056230  2.768215 
0.056980  2.759800 
0.057730  2.750808 
0.058479  2.741283 
0.059229  2.731272 
0.059979  2.720822 
0.060729  2.709980 
0.061478  2.698787 
0.062228  2.687281 
0.062978  2.675499 
0.063728  2.663475 
0.064477  2.651242 
0.065227  2.638834 
0.065977  2.626289 
0.066727  2.613648 
0.067476  2.600960 
0.068226  2.588290 
0.068976  2.575717 
0.069725  2.563353 
0.070475  2.551351 
0.071225  2.539928 
0.071975  2.529392 
0.072724  2.520174 
0.073474  2.512843 
0.074224  2.508054 
0.074974  2.506380 


0.000000  3.134021 
0.000750  3.133438 
0.001499  3.131746 
0.002249  3.129082 
0.002999  3.125620 
0.003749  3.121517 
0.004498  3.116908 
0.005248  3.111896 
0.005998  3.106561 
0.006748  3.100965 
0.007497  3.095156 
0.008247  3.089175 
0.008997  3.083053 
0.009747  3.076819 
0.010496  3.070495 
0.011246  3.064101 
0.011996  3.057657 
0.012745  3.051176 
0.013495  3.044674 
0.014245  3.038164 
0.014995  3.031657 
0.015745  3.025168 
0.016494  3.022342 
0.017244  3.024274 
0.017994  3.026170 
0.018743  3.028024 
0.019493  3.029832 
0.020243  3.031592 
0.020993  3.033302 
0.021742  3.034962 
0.022492  3.036569 
0.023242  3.038123 
0.023992  3.039623 
0.024741  3.041068 
0.025491  3.042458 
0.026241  3.043793 
0.026991  3.045073 
0.027740  3.046298 
0.028490  3.047468 
0.029240  3.048584 
0.029989  3.049647 
0.030739  3.050657 
0.031489  3.051616 
0.032239  3.052525 
0.032988  3.053385 
0.033738  3.054197 
0.034488  3.054963 
0.035238  3.055684 
0.035987  3.056361 
0.036737  3.056995 
0.037487  3.057563 
0.038237  3.053046 
0.038986  3.045776 
0.039736  3.038355 
0.040486  3.030797 
0.041236  3.023112 
0.041985  3.015310 
0.042735  3.007401 
0.043485  2.999399 
0.044235  2.991319 
0.044984  2.983179 
0.045734  2.974999 
0.046484  2.966807 
0.047233  2.958631 
0.047983  2.950509 
0.048733  2.942482 
0.049483  2.934601 
0.050232  2.926923 
0.050982  2.919511 
0.051732  2.912433 
0.052482  2.905759 
0.053231  2.899553 
0.053981  2.893868 
0.054731  2.888740 
0.055481  2.884185 
0.056230  2.880197 
0.056980  2.876751 
0.057730  2.873807 
0.058479  2.871319 
0.059229  2.869234 
0.059979  2.867504 
0.060729  2.866081 
0.061478  2.864922 
0.062228  2.863989 
0.062978  2.863247 
0.063728  2.862667 
0.064477  2.862223 
0.065227  2.861891 
0.065977  2.861653 
0.066727  2.861490 
0.067476  2.861387 
0.068226  2.861331 
0.068976  2.861311 
0.069725  2.861315 
0.070475  2.861336 
0.071225  2.861365 
0.071975  2.861398 
0.072724  2.861428 
0.073474  2.861453 
0.074224  2.861468 
0.074974  2.861474 


0.000000  3.180407 
0.000750  3.180723 
0.001499  3.181619 
0.002249  3.182957 
0.002999  3.184576 
0.003749  3.186323 
0.004498  3.188079 
0.005248  3.189754 
0.005998  3.191284 
0.006748  3.192627 
0.007497  3.193753 
0.008247  3.194644 
0.008997  3.195289 
0.009747  3.195682 
0.010496  3.195824 
0.011246  3.195713 
0.011996  3.195355 
0.012745  3.194753 
0.013495  3.193912 
0.014245  3.192836 
0.014995  3.191532 
0.015745  3.190004 
0.016494  3.188257 
0.017244  3.186294 
0.017994  3.184121 
0.018743  3.181740 
0.019493  3.179153 
0.020243  3.176365 
0.020993  3.173378 
0.021742  3.170193 
0.022492  3.166811 
0.023242  3.163236 
0.023992  3.159468 
0.024741  3.155509 
0.025491  3.151359 
0.026241  3.147020 
0.026991  3.142493 
0.027740  3.137779 
0.028490  3.132879 
0.029240  3.127795 
0.029989  3.122527 
0.030739  3.117078 
0.031489  3.111449 
0.032239  3.105642 
0.032988  3.099659 
0.033738  3.093502 
0.034488  3.087173 
0.035238  3.080677 
0.035987  3.074016 
0.036737  3.067196 
0.037487  3.060244 
0.038237  3.058189 
0.038986  3.058702 
0.039736  3.059192 
0.040486  3.059652 
0.041236  3.060082 
0.041985  3.060485 
0.042735  3.060861 
0.043485  3.061213 
0.044235  3.061542 
0.044984  3.061850 
0.045734  3.062139 
0.046484  3.062409 
0.047233  3.062662 
0.047983  3.062900 
0.048733  3.063123 
0.049483  3.063334 
0.050232  3.063532 
0.050982  3.063719 
0.051732  3.063896 
0.052482  3.064064 
0.053231  3.064223 
0.053981  3.064373 
0.054731  3.064517 
0.055481  3.064653 
0.056230  3.064783 
0.056980  3.064906 
0.057730  3.065024 
0.058479  3.065136 
0.059229  3.065243 
0.059979  3.065345 
0.060729  3.065441 
0.061478  3.065533 
0.062228  3.065620 
0.062978  3.065702 
0.063728  3.065779 
0.064477  3.065851 
0.065227  3.065919 
0.065977  3.065982 
0.066727  3.066040 
0.067476  3.066093 
0.068226  3.066141 
0.068976  3.066185 
0.069725  3.066223 
0.070475  3.066256 
0.071225  3.066285 
0.071975  3.066308 
0.072724  3.066326 
0.073474  3.066339 
0.074224  3.066347 
0.074974  3.066349 


0.000000  3.347096 
0.000750  3.347202 
0.001499  3.347520 
0.002249  3.348042 
0.002999  3.348762 
0.003749  3.349667 
0.004498  3.350743 
0.005248  3.351972 
0.005998  3.353334 
0.006748  3.354810 
0.007497  3.356375 
0.008247  3.358007 
0.008997  3.359683 
0.009747  3.361381 
0.010496  3.363081 
0.011246  3.364762 
0.011996  3.366408 
0.012745  3.368004 
0.013495  3.369537 
0.014245  3.370997 
0.014995  3.372377 
0.015745  3.373671 
0.016494  3.374876 
0.017244  3.375991 
0.017994  3.377016 
0.018743  3.377954 
0.019493  3.378808 
0.020243  3.379581 
0.020993  3.380279 
0.021742  3.380908 
0.022492  3.381472 
0.023242  3.381979 
0.023992  3.382434 
0.024741  3.382844 
0.025491  3.383214 
0.026241  3.383551 
0.026991  3.383859 
0.027740  3.384144 
0.028490  3.384411 
0.029240  3.384665 
0.029989  3.384909 
0.030739  3.385147 
0.031489  3.385382 
0.032239  3.385619 
0.032988  3.385858 
0.033738  3.386102 
0.034488  3.386353 
0.035238  3.386613 
0.035987  3.386883 
0.036737  3.387163 
0.037487  3.387455 
0.038237  3.387757 
0.038986  3.388072 
0.039736  3.388398 
0.040486  3.388734 
0.041236  3.389082 
0.041985  3.389439 
0.042735  3.389806 
0.043485  3.390180 
0.044235  3.390561 
0.044984  3.390949 
0.045734  3.391340 
0.046484  3.391736 
0.047233  3.392133 
0.047983  3.392531 
0.048733  3.392929 
0.049483  3.393324 
0.050232  3.393716 
0.050982  3.394104 
0.051732  3.394485 
0.052482  3.394860 
0.053231  3.395226 
0.053981  3.395583 
0.054731  3.395930 
0.055481  3.396265 
0.056230  3.396589 
0.056980  3.396900 
0.057730  3.397197 
0.058479  3.397481 
0.059229  3.397750 
0.059979  3.398005 
0.060729  3.398245 
0.061478  3.398470 
0.062228  3.398680 
0.062978  3.398876 
0.063728  3.399057 
0.064477  3.399223 
0.065227  3.399376 
0.065977  3.399514 
0.066727  3.399640 
0.067476  3.399752 
0.068226  3.399852 
0.068976  3.399940 
0.069725  3.400016 
0.070475  3.400081 
0.071225  3.400136 
0.071975  3.400180 
0.072724  3.400214 
0.073474  3.400238 
0.074224  3.400252 
0.074974  3.400257 


0.000000  3.572142 
0.000750  3.572255 
0.001499  3.572593 
0.002249  3.573158 
0.002999  3.573951 
0.003749  3.574973 
0.004498  3.576227 
0.005248  3.577715 
0.005998  3.579439 
0.006748  3.581401 
0.007497  3.583602 
0.008247  3.586043 
0.008997  3.588724 
0.009747  3.591644 
0.010496  3.594800 
0.011246  3.598188 
0.011996  3.601803 
0.012745  3.605639 
0.013495  3.609686 
0.014245  3.613937 
0.014995  3.618379 
0.015745  3.623000 
0.016494  3.627789 
0.017244  3.632730 
0.017994  3.637809 
0.018743  3.643013 
0.019493  3.648325 
0.020243  3.653730 
0.020993  3.659214 
0.021742  3.664761 
0.022492  3.670356 
0.023242  3.675986 
0.023992  3.681636 
0.024741  3.687293 
0.025491  3.692945 
0.026241  3.698579 
0.026991  3.704184 
0.027740  3.709749 
0.028490  3.715263 
0.029240  3.720718 
0.029989  3.726103 
0.030739  3.731411 
0.031489  3.736634 
0.032239  3.741765 
0.032988  3.746798 
0.033738  3.751725 
0.034488  3.756543 
0.035238  3.761245 
0.035987  3.765829 
0.036737  3.770289 
0.037487  3.774622 
0.038237  3.778827 
0.038986  3.782899 
0.039736  3.786838 
0.040486  3.790641 
0.041236  3.794309 
0.041985  3.797839 
0.042735  3.801231 
0.043485  3.804487 
0.044235  3.807606 
0.044984  3.810588 
0.045734  3.813436 
0.046484  3.816149 
0.047233  3.818731 
0.047983  3.821183 
0.048733  3.823508 
0.049483  3.825707 
0.050232  3.827783 
0.050982  3.829741 
0.051732  3.831581 
0.052482  3.833309 
0.053231  3.834927 
0.053981  3.836440 
0.054731  3.837850 
0.055481  3.839162 
0.056230  3.840379 
0.056980  3.841506 
0.057730  3.842548 
0.058479  3.843507 
0.059229  3.844388 
0.059979  3.845195 
0.060729  3.845932 
0.061478  3.846604 
0.062228  3.847213 
0.062978  3.847765 
0.063728  3.848262 
0.064477  3.848709 
0.065227  3.849109 
0.065977  3.849465 
0.066727  3.849780 
0.067476  3.850057 
0.068226  3.850299 
0.068976  3.850509 
0.069725  3.850689 
0.070475  3.850840 
0.071225  3.850966 
0.071975  3.851066 
0.072724  3.851142 
0.073474  3.851196 
0.074224  3.851229 
0.074974  3.851239 


0.000000  4.417425 
0.000750  4.417447 
0.001499  4.417515 
0.002249  4.417629 
0.002999  4.417786 
0.003749  4.417988 
0.004498  4.418233 
0.005248  4.418519 
0.005998  4.418846 
0.006748  4.419212 
0.007497  4.419615 
0.008247  4.420054 
0.008997  4.420527 
0.009747  4.421031 
0.010496  4.421564 
0.011246  4.422125 
0.011996  4.422710 
0.012745  4.423318 
0.013495  4.423945 
0.014245  4.424589 
0.014995  4.425248 
0.015745  4.425918 
0.016494  4.426597 
0.017244  4.427283 
0.017994  4.427972 
0.018743  4.428662 
0.019493  4.429350 
0.020243  4.430034 
0.020993  4.430711 
0.021742  4.431379 
0.022492  4.432034 
0.023242  4.432676 
0.023992  4.433302 
0.024741  4.433909 
0.025491  4.434495 
0.026241  4.435059 
0.026991  4.435599 
0.027740  4.436112 
0.028490  4.436598 
0.029240  4.437055 
0.029989  4.437481 
0.030739  4.437876 
0.031489  4.438237 
0.032239  4.438565 
0.032988  4.438858 
0.033738  4.439115 
0.034488  4.439337 
0.035238  4.439521 
0.035987  4.439669 
0.036737  4.439780 
0.037487  4.439853 
0.038237  4.439889 
0.038986  4.439888 
0.039736  4.439849 
0.040486  4.439775 
0.041236  4.439664 
0.041985  4.439518 
0.042735  4.439337 
0.043485  4.439123 
0.044235  4.438875 
0.044984  4.438596 
0.045734  4.438287 
0.046484  4.437948 
0.047233  4.437581 
0.047983  4.437188 
0.048733  4.436769 
0.049483  4.436327 
0.050232  4.435862 
0.050982  4.435374 
0.051732  4.434843 
0.052482  4.431134 
0.053231  4.420831 
0.053981  4.410629 
0.054731  4.400620 
0.055481  4.390829 
0.056230  4.381275 
0.056980  4.371978 
0.057730  4.362954 
0.058479  4.354219 
0.059229  4.345788 
0.059979  4.337675 
0.060729  4.329893 
0.061478  4.322452 
0.062228  4.315364 
0.062978  4.308639 
0.063728  4.302284 
0.064477  4.296309 
0.065227  4.290720 
0.065977  4.285523 
0.066727  4.280724 
0.067476  4.276328 
0.068226  4.272339 
0.068976  4.268761 
0.069725  4.265597 
0.070475  4.262849 
0.071225  4.260521 
0.071975  4.258614 
0.072724  4.257129 
0.073474  4.256068 
0.074224  4.255430 
0.074974  4.255218 


0.000000  4.809146 
0.000750  4.809102 
0.001499  4.808967 
0.002249  4.808744 
0.002999  4.808430 
0.003749  4.808027 
0.004498  4.807535 
0.005248  4.806952 
0.005998  4.806280 
0.006748  4.805517 
0.007497  4.804662 
0.008247  4.803715 
0.008997  4.802675 
0.009747  4.801540 
0.010496  4.800308 
0.011246  4.798977 
0.011996  4.797545 
0.012745  4.796007 
0.013495  4.794361 
0.014245  4.792601 
0.014995  4.790724 
0.015745  4.788724 
0.016494  4.786595 
0.017244  4.784330 
0.017994  4.781922 
0.018743  4.779364 
0.019493  4.776647 
0.020243  4.773763 
0.020993  4.770703 
0.021742  4.767456 
0.022492  4.764014 
0.023242  4.760367 
0.023992  4.756504 
0.024741  4.752414 
0.025491  4.748089 
0.026241  4.743519 
0.026991  4.738693 
0.027740  4.733602 
0.028490  4.728239 
0.029240  4.722596 
0.029989  4.716665 
0.030739  4.710441 
0.031489  4.703921 
0.032239  4.697099 
0.032988  4.689976 
0.033738  4.682550 
0.034488  4.674824 
0.035238  4.666799 
0.035987  4.658482 
0.036737  4.649879 
0.037487  4.640998 
0.038237  4.631850 
0.038986  4.622447 
0.039736  4.612803 
0.040486  4.602933 
0.041236  4.592854 
0.041985  4.582584 
0.042735  4.572143 
0.043485  4.561552 
0.044235  4.550833 
0.044984  4.540009 
0.045734  4.529102 
0.046484  4.518138 
0.047233  4.507139 
0.047983  4.496132 
0.048733  4.485141 
0.049483  4.474191 
0.050232  4.463307 
0.050982  4.452516 
0.051732  4.441863 
0.052482  4.434507 
0.053231  4.433891 
0.053981  4.433341 
0.054731  4.432791 
0.055481  4.432236 
0.056230  4.431678 
0.056980  4.431118 
0.057730  4.430559 
0.058479  4.430003 
0.059229  4.429451 
0.059979  4.428908 
0.060729  4.428373 
0.061478  4.427851 
0.062228  4.427342 
0.062978  4.426850 
0.063728  4.426376 
0.064477  4.425922 
0.065227  4.425490 
0.065977  4.425082 
0.066727  4.424700 
0.067476  4.424345 
0.068226  4.424020 
0.068976  4.423724 
0.069725  4.423461 
0.070475  4.423230 
0.071225  4.423033 
0.071975  4.422870 
0.072724  4.422743 
0.073474  4.422652 
0.074224  4.422597 
0.074974  4.422579 


0.000000  4.855627 
0.000750  4.855676 
0.001499  4.855821 
0.002249  4.856062 
0.002999  4.856401 
0.003749  4.856835 
0.004498  4.857366 
0.005248  4.857992 
0.005998  4.858714 
0.006748  4.859532 
0.007497  4.860444 
0.008247  4.861452 
0.008997  4.862553 
0.009747  4.863747 
0.010496  4.865035 
0.011246  4.866415 
0.011996  4.867888 
0.012745  4.869451 
0.013495  4.871105 
0.014245  4.872848 
0.014995  4.874680 
0.015745  4.876601 
0.016494  4.878608 
0.017244  4.880702 
0.017994  4.882882 
0.018743  4.885145 
0.019493  4.887492 
0.020243  4.889922 
0.020993  4.892432 
0.021742  4.895023 
0.022492  4.897693 
0.023242  4.900440 
0.023992  4.903264 
0.024741  4.906164 
0.025491  4.909137 
0.026241  4.912184 
0.026991  4.915302 
0.027740  4.918490 
0.028490  4.921746 
0.029240  4.925070 
0.029989  4.928460 
0.030739  4.931914 
0.031489  4.935430 
0.032239  4.939008 
0.032988  4.942645 
0.033738  4.946339 
0.034488  4.950089 
0.035238  4.953893 
0.035987  4.957749 
0.036737  4.961654 
0.037487  4.965607 
0.038237  4.969606 
0.038986  4.973647 
0.039736  4.977728 
0.040486  4.981847 
0.041236  4.986000 
0.041985  4.990186 
0.042735  4.994399 
0.043485  4.998639 
0.044235  5.002900 
0.044984  5.007179 
0.045734  5.011472 
0.046484  5.015775 
0.047233  5.020084 
0.047983  5.024394 
0.048733  5.028701 
0.049483  5.032999 
0.050232  5.037283 
0.050982  5.041547 
0.051732  5.045787 
0.052482  5.049995 
0.053231  5.054166 
0.053981  5.058294 
0.054731  5.062371 
0.055481  5.066391 
0.056230  5.070347 
0.056980  5.074232 
0.057730  5.078038 
0.058479  5.081758 
0.059229  5.085384 
0.059979  5.088909 
0.060729  5.092325 
0.061478  5.095625 
0.062228  5.098799 
0.062978  5.101842 
0.063728  5.104745 
0.064477  5.107501 
0.065227  5.110103 
0.065977  5.112543 
0.066727  5.114816 
0.067476  5.116914 
0.068226  5.118832 
0.068976  5.120564 
0.069725  5.122104 
0.070475  5.123449 
0.071225  5.124592 
0.071975  5.125516 
0.072724  5.125695 
0.073474  5.125599 
0.074224  5.125539 
0.074974  5.125519 


0.000000  5.207870 
0.000750  5.207888 
0.001499  5.207942 
0.002249  5.208029 
0.002999  5.208148 
0.003749  5.208297 
0.004498  5.208470 
0.005248  5.208664 
0.005998  5.208873 
0.006748  5.209092 
0.007497  5.209313 
0.008247  5.209532 
0.008997  5.209739 
0.009747  5.209928 
0.010496  5.210091 
0.011246  5.210221 
0.011996  5.210310 
0.012745  5.210350 
0.013495  5.210335 
0.014245  5.210257 
0.014995  5.210111 
0.015745  5.209889 
0.016494  5.209587 
0.017244  5.209199 
0.017994  5.208723 
0.018743  5.208154 
0.019493  5.207490 
0.020243  5.206730 
0.020993  5.205873 
0.021742  5.204919 
0.022492  5.203869 
0.023242  5.202726 
0.023992  5.201491 
0.024741  5.200170 
0.025491  5.198765 
0.026241  5.197284 
0.026991  5.195730 
0.027740  5.194111 
0.028490  5.192434 
0.029240  5.190706 
0.029989  5.188934 
0.030739  5.187126 
0.031489  5.185289 
0.032239  5.183432 
0.032988  5.181562 
0.033738  5.179686 
0.034488  5.177810 
0.035238  5.175943 
0.035987  5.174088 
0.036737  5.172252 
0.037487  5.170440 
0.038237  5.168656 
0.038986  5.166904 
0.039736  5.165186 
0.040486  5.163505 
0.041236  5.161864 
0.041985  5.160264 
0.042735  5.158705 
0.043485  5.157188 
0.044235  5.155714 
0.044984  5.154282 
0.045734  5.152892 
0.046484  5.151543 
0.047233  5.150234 
0.047983  5.148965 
0.048733  5.147734 
0.049483  5.146540 
0.050232  5.145383 
0.050982  5.144260 
0.051732  5.143172 
0.052482  5.142117 
0.053231  5.141094 
0.053981  5.140103 
0.054731  5.139143 
0.055481  5.138213 
0.056230  5.137314 
0.056980  5.136444 
0.057730  5.135604 
0.058479  5.134794 
0.059229  5.134015 
0.059979  5.133265 
0.060729  5.132546 
0.061478  5.131858 
0.062228  5.131202 
0.062978  5.130577 
0.063728  5.129986 
0.064477  5.129428 
0.065227  5.128905 
0.065977  5.128416 
0.066727  5.127964 
0.067476  5.127547 
0.068226  5.127168 
0.068976  5.126827 
0.069725  5.126525 
0.070475  5.126262 
0.071225  5.126041 
0.071975  5.125874 
0.072724  5.126288 
0.073474  5.126809 
0.074224  5.127124 
0.074974  5.127230 


0.000000  6.344141 
0.000750  6.344124 
0.001499  6.344075 
0.002249  6.343993 
0.002999  6.343878 
0.003749  6.343728 
0.004498  6.343545 
0.005248  6.343326 
0.005998  6.343072 
0.006748  6.342781 
0.007497  6.342452 
0.008247  6.342085 
0.008997  6.341678 
0.009747  6.341230 
0.010496  6.340739 
0.011246  6.340204 
0.011996  6.339624 
0.012745  6.338997 
0.013495  6.338321 
0.014245  6.337595 
0.014995  6.336817 
0.015745  6.335985 
0.016494  6.335098 
0.017244  6.334154 
0.017994  6.333151 
0.018743  6.332086 
0.019493  6.330960 
0.020243  6.329769 
0.020993  6.328513 
0.021742  6.327188 
0.022492  6.325795 
0.023242  6.324332 
0.023992  6.322796 
0.024741  6.321186 
0.025491  6.319502 
0.026241  6.317743 
0.026991  6.315906 
0.027740  6.313991 
0.028490  6.311998 
0.029240  6.309925 
0.029989  6.307772 
0.030739  6.305539 
0.031489  6.303225 
0.032239  6.300831 
0.032988  6.298356 
0.033738  6.295801 
0.034488  6.293166 
0.035238  6.290451 
0.035987  6.287659 
0.036737  6.284790 
0.037487  6.281845 
0.038237  6.278826 
0.038986  6.275734 
0.039736  6.272572 
0.040486  6.269343 
0.041236  6.266047 
0.041985  6.262690 
0.042735  6.259272 
0.043485  6.255799 
0.044235  6.252273 
0.044984  6.248699 
0.045734  6.245080 
0.046484  6.241421 
0.047233  6.237728 
0.047983  6.234004 
0.048733  6.230255 
0.049483  6.226488 
0.050232  6.222707 
0.050982  6.218919 
0.051732  6.215131 
0.052482  6.211349 
0.053231  6.207580 
0.053981  6.203831 
0.054731  6.200110 
0.055481  6.196425 
0.056230  6.192783 
0.056980  6.189192 
0.057730  6.185661 
0.058479  6.182197 
0.059229  6.178810 
0.059979  6.175506 
0.060729  6.172296 
0.061478  6.169188 
0.062228  6.166189 
0.062978  6.163308 
0.063728  6.160554 
0.064477  6.157934 
0.065227  6.155456 
0.065977  6.153128 
0.066727  6.150957 
0.067476  6.148950 
0.068226  6.147113 
0.068976  6.145452 
0.069725  6.143973 
0.070475  6.142681 
0.071225  6.141580 
0.071975  6.140674 
0.072724  6.139966 
0.073474  6.139459 
0.074224  6.139153 
0.074974  6.139052 


0.000000  7.411841 
0.000750  7.411895 
0.001499  7.412055 
0.002249  7.412322 
0.002999  7.412695 
0.003749  7.413174 
0.004498  7.413759 
0.005248  7.414449 
0.005998  7.415244 
0.006748  7.416143 
0.007497  7.417146 
0.008247  7.418251 
0.008997  7.419459 
0.009747  7.420767 
0.010496  7.422175 
0.011246  7.423682 
0.011996  7.425286 
0.012745  7.426987 
0.013495  7.428782 
0.014245  7.430670 
0.014995  7.432650 
0.015745  7.434720 
0.016494  7.436878 
0.017244  7.439122 
0.017994  7.441451 
0.018743  7.443861 
0.019493  7.446351 
0.020243  7.448919 
0.020993  7.451562 
0.021742  7.454277 
0.022492  7.457063 
0.023242  7.459916 
0.023992  7.462834 
0.024741  7.465813 
0.025491  7.468852 
0.026241  7.471947 
0.026991  7.475095 
0.027740  7.478293 
0.028490  7.481538 
0.029240  7.484826 
0.029989  7.488155 
0.030739  7.491522 
0.031489  7.494922 
0.032239  7.498353 
0.032988  7.501811 
0.033738  7.505293 
0.034488  7.508795 
0.035238  7.512315 
0.035987  7.515849 
0.036737  7.519393 
0.037487  7.522943 
0.038237  7.526498 
0.038986  7.530052 
0.039736  7.533604 
0.040486  7.537149 
0.041236  7.540684 
0.041985  7.544206 
0.042735  7.547712 
0.043485  7.551198 
0.044235  7.554661 
0.044984  7.558098 
0.045734  7.561506 
0.046484  7.564881 
0.047233  7.568220 
0.047983  7.571521 
0.048733  7.574780 
0.049483  7.577993 
0.050232  7.581159 
0.050982  7.584273 
0.051732  7.587333 
0.052482  7.590336 
0.053231  7.593279 
0.053981  7.596158 
0.054731  7.598971 
0.055481  7.601715 
0.056230  7.604386 
0.056980  7.606983 
0.057730  7.609501 
0.058479  7.611938 
0.059229  7.614292 
0.059979  7.616559 
0.060729  7.618736 
0.061478  7.620821 
0.062228  7.622812 
0.062978  7.624704 
0.063728  7.626497 
0.064477  7.628187 
0.065227  7.629772 
0.065977  7.631250 
0.066727  7.632618 
0.067476  7.633875 
0.068226  7.635018 
0.068976  7.636046 
0.069725  7.636957 
0.070475  7.637749 
0.071225  7.638422 
0.071975  7.638975 
0.072724  7.639405 
0.073474  7.639713 
0.074224  7.639898 
0.074974  7.639960 


0.000000  8.098773 
0.000750  8.098782 
0.001499  8.098808 
0.002249  8.098852 
0.002999  8.098912 
0.003749  8.098990 
0.004498  8.099083 
0.005248  8.099192 
0.005998  8.099316 
0.006748  8.099455 
0.007497  8.099606 
0.008247  8.099769 
0.008997  8.099944 
0.009747  8.100128 
0.010496  8.100322 
0.011246  8.100522 
0.011996  8.100728 
0.012745  8.100939 
0.013495  8.101153 
0.014245  8.101368 
0.014995  8.101583 
0.015745  8.101796 
0.016494  8.102005 
0.017244  8.102209 
0.017994  8.102405 
0.018743  8.102593 
0.019493  8.102769 
0.020243  8.102933 
0.020993  8.103082 
0.021742  8.103216 
0.022492  8.103331 
0.023242  8.103426 
0.023992  8.103500 
0.024741  8.103551 
0.025491  8.103576 
0.026241  8.103576 
0.026991  8.103547 
0.027740  8.103489 
0.028490  8.103401 
0.029240  8.103280 
0.029989  8.103126 
0.030739  8.102937 
0.031489  8.102713 
0.032239  8.102452 
0.032988  8.102155 
0.033738  8.101819 
0.034488  8.101444 
0.035238  8.101031 
0.035987  8.100578 
0.036737  8.100085 
0.037487  8.099553 
0.038237  8.098981 
0.038986  8.098369 
0.039736  8.097718 
0.040486  8.097028 
0.041236  8.096300 
0.041985  8.095535 
0.042735  8.094733 
0.043485  8.093896 
0.044235  8.093025 
0.044984  8.092121 
0.045734  8.091186 
0.046484  8.090220 
0.047233  8.089228 
0.047983  8.088209 
0.048733  8.087166 
0.049483  8.086102 
0.050232  8.085019 
0.050982  8.083919 
0.051732  8.082805 
0.052482  8.081680 
0.053231  8.080546 
0.053981  8.079407 
0.054731  8.078265 
0.055481  8.077124 
0.056230  8.075988 
0.056980  8.074858 
0.057730  8.073739 
0.058479  8.072635 
0.059229  8.071547 
0.059979  8.070481 
0.060729  8.069440 
0.061478  8.068426 
0.062228  8.067444 
0.062978  8.066496 
0.063728  8.065586 
0.064477  8.064718 
0.065227  8.063895 
0.065977  8.063118 
0.066727  8.062393 
0.067476  8.061720 
0.068226  8.061103 
0.068976  8.060545 
0.069725  8.060046 
0.070475  8.059610 
0.071225  8.059238 
0.071975  8.058932 
0.072724  8.058692 
0.073474  8.058520 
0.074224  8.058417 
0.074974  8.058382 


