1 1 1 1 10 0
   13.112896    13.112896    13.112896    90.000000    90.000000    90.000000
    0.000000     0.164280     0.066726     0.000000     0.000000     0.000000     0.000000 4.00000000000011     0.000000     0.000000
    0.124985     0.164296     0.066764     0.000000     0.000000     0.000000     0.000000 1.00000000000021     0.000000     0.000000
    0.186849     0.261079     0.066811     0.000000     0.000000     0.000000     0.000000 1.00000000000031     0.000000     0.000000
    0.186868     0.067527     0.066812     0.000000     0.000000     0.000000     0.000000 1.00000000000041     0.000000     0.000000
    0.236897     0.263047     0.133926     0.000000     0.000000     0.000000     0.000000 2.00000000000051     0.000000     0.000000
    0.237392     0.262849     0.000066     0.000000     0.000000     0.000000     0.000000 2.00000000000061     0.000000     0.000000
    0.138433     0.328596     0.066547     0.000000     0.000000     0.000000     0.000000 2.00000000000071     0.000000     0.000000
    0.138464     0.000000     0.066653     0.000000     0.000000     0.000000     0.000000 2.00000000000081     0.000000     0.000000
    0.237008     0.065620     0.133860     0.000000     0.000000     0.000000     0.000000 2.00000000000091     0.000000     0.000000
    0.237321     0.065725     0.000000     0.000000     0.000000     0.000000     0.000000 2.00000000000101     0.000000     0.000000
