sw2
Te1  Te3        3.253555        2.380944      31.110835   0.00 5.500000   1 0 0
Te1  Te4        3.253555        2.380944      31.110835   0.00 5.500000   1 0 0
Te2  Te3        3.253555        2.380944      31.110835   0.00 5.500000   1 0 0
Te2  Te4        3.253555        2.380944      31.110835   0.00 5.500000   1 0 0
Te1  Te1        5.239700        3.477328      34.367194   0.00 5.500000   1 0 0
Te1  Te2        5.239700        3.477328      34.367194   0.00 5.500000   1 0 0
Te2  Te2        5.239700        3.477328      34.367194   0.00 5.500000   1 0 0
Te3  Te3        2.787505        1.684302      57.932616   0.00 5.500000   1 0 0
Te3  Te4        2.787505        1.684302      57.932616   0.00 5.500000   1 0 0
Te4  Te4        2.787505        1.684302      57.932616   0.00 5.500000   1 0 0
Mo1  Te1        4.890512        0.205450      12.609608   0.00 4.250000   1 0 0
Mo1  Te2        4.890512        0.205450      12.609608   0.00 4.250000   1 0 0
Mo1  Te3        4.357695        0.985426      19.220817   0.00 4.050000   1 0 0
Mo1  Te4        4.357695        0.985426      19.220817   0.00 4.050000   1 0 0
Mo1  Mo1        2.214992        0.394075      14.547853   0.00 4.770000   1 0 0
Mo2  Te1        4.890512        0.205450      12.609608   0.00 4.250000   1 0 0
Mo2  Te2        4.890512        0.205450      12.609608   0.00 4.250000   1 0 0
Mo2  Te3        4.357695        0.985426      19.220817   0.00 4.050000   1 0 0
Mo2  Te4        4.357695        0.985426      19.220817   0.00 4.050000   1 0 0
Mo2  Mo2        2.214992        0.394075      14.547853   0.00 4.770000   1 0 0


sw3
Mo2 Te1 Te3    39.713178  84.0500      0.943987      1.550688  0.0 3.55   0.0 3.55   0.0 3.90  1  0  0  0
Mo2 Te1 Te4    39.713178  98.0500      0.943987      1.550688  0.0 3.55   0.0 3.55   0.0 3.90  1  0  0  0
Mo2 Te2 Te3    39.713178 156.5000      0.943987      1.550688  0.0 3.55   0.0 3.55   0.0 3.90  1  0  0  0
Mo2 Te2 Te4    39.713178  82.5000      0.943987      1.550688  0.0 3.55   0.0 3.55   0.0 3.90  1  0  0  0
Mo2 Te1 Te2    52.130918  77.4500      0.868191      0.868191  0.0 3.55   0.0 3.55   0.0 5.50  1  0  0  0
Mo2 Te1 Te1    52.130918  76.7500      0.868191      0.868191  0.0 3.55   0.0 3.55   0.0 5.50  1  0  0  0
Mo2 Te4 Te4    13.882898  80.1500      3.064197      3.064197  0.0 3.55   0.0 3.55   0.0 5.50  1  0  0  0
Mo2 Te3 Te4    13.882898 115.7500      3.064197      3.064197  0.0 3.55   0.0 3.55   0.0 5.50  1  0  0  0
Te1 Mo2 Mo2     6.013206  76.0400      3.169978      3.169978  0.0 3.55   0.0 3.55   0.0 3.25  1  0  0  0
Te4 Mo2 Mo2    14.654170  80.1400      5.350823      5.350823  0.0 3.55   0.0 3.55   0.0 3.25  1  0  0  0
Mo1 Te1 Te3    39.713178  82.5000      0.943987      1.550688  0.0 3.55   0.0 3.55   0.0 3.90  1  0  0  0
Mo1 Te1 Te4    39.713178 156.5000      0.943987      1.550688  0.0 3.55   0.0 3.55   0.0 3.90  1  0  0  0
Mo1 Te2 Te3    39.713178  98.0500      0.943987      1.550688  0.0 3.55   0.0 3.55   0.0 3.90  1  0  0  0
Mo1 Te2 Te4    39.713178  84.0500      0.943987      1.550688  0.0 3.55   0.0 3.55   0.0 3.90  1  0  0  0
Mo1 Te1 Te2    52.130918  77.4500      0.868191      0.868191  0.0 3.55   0.0 3.55   0.0 5.50  1  0  0  0
Mo1 Te2 Te2    52.130918  76.7500      0.868191      0.868191  0.0 3.55   0.0 3.55   0.0 5.50  1  0  0  0
Mo1 Te3 Te3    13.882898  80.1500      3.064197      3.064197  0.0 3.55   0.0 3.55   0.0 5.50  1  0  0  0
Mo1 Te3 Te4    13.882898 115.7500      3.064197      3.064197  0.0 3.55   0.0 3.55   0.0 5.50  1  0  0  0
Te2 Mo1 Mo1     6.013206  76.0400      3.169978      3.169978  0.0 3.55   0.0 3.55   0.0 3.25  1  0  0  0
Te3 Mo1 Mo1    14.654170  80.1400      5.350823      5.350823  0.0 3.55   0.0 3.55   0.0 3.25  1  0  0  0
