sw2
Te1  Te3        2.436827        2.379883      31.132564   0.00 5.500000   1 0 0
Te1  Te4        2.436827        2.379883      31.132564   0.00 5.500000   1 0 0
Te2  Te3        2.436827        2.379883      31.132564   0.00 5.500000   1 0 0
Te2  Te4        2.436827        2.379883      31.132564   0.00 5.500000   1 0 0
Te1  Te1        5.239700        3.478860      34.623340   0.00 5.500000   1 0 0
Te1  Te2        5.239700        3.478860      34.623340   0.00 5.500000   1 0 0
Te2  Te2        5.239700        3.478860      34.623340   0.00 5.500000   1 0 0
Te3  Te3        3.548626        1.649074      53.750785   0.00 5.500000   1 0 0
Te3  Te4        3.548626        1.649074      53.750785   0.00 5.500000   1 0 0
Te4  Te4        3.548626        1.649074      53.750785   0.00 5.500000   1 0 0
Mo1  Te1        3.691396        0.205450      14.837497   0.00 4.250000   1 0 0
Mo1  Te2        3.691396        0.205450      14.837497   0.00 4.250000   1 0 0
Mo1  Te3        4.887387        0.998995      19.220817   0.00 4.050000   1 0 0
Mo1  Te4        4.887387        0.998995      19.220817   0.00 4.050000   1 0 0
Mo1  Mo1        2.214992        0.394075      14.547853   0.00 4.770000   1 0 0
Mo2  Te1        3.691396        0.205450      14.837497   0.00 4.250000   1 0 0
Mo2  Te2        3.691396        0.205450      14.837497   0.00 4.250000   1 0 0
Mo2  Te3        4.887387        0.998995      19.220817   0.00 4.050000   1 0 0
Mo2  Te4        4.887387        0.998995      19.220817   0.00 4.050000   1 0 0
Mo2  Mo2        2.214992        0.394075      14.547853   0.00 4.770000   1 0 0


sw3
Mo2 Te1 Te3    52.181844  84.0500      0.933527      1.531326  0.0 3.55   0.0 3.55   0.0 3.90  1  0  0  0
Mo2 Te1 Te4    52.181844  98.0500      0.933527      1.531326  0.0 3.55   0.0 3.55   0.0 3.90  1  0  0  0
Mo2 Te2 Te3    52.181844 156.5000      0.933527      1.531326  0.0 3.55   0.0 3.55   0.0 3.90  1  0  0  0
Mo2 Te2 Te4    52.181844  82.5000      0.933527      1.531326  0.0 3.55   0.0 3.55   0.0 3.90  1  0  0  0
Mo2 Te1 Te2    52.130918  77.4500      0.868084      0.868084  0.0 3.55   0.0 3.55   0.0 5.50  1  0  0  0
Mo2 Te1 Te1    52.130918  76.7500      0.868084      0.868084  0.0 3.55   0.0 3.55   0.0 5.50  1  0  0  0
Mo2 Te4 Te4    21.154738  80.1500      3.064197      3.064197  0.0 3.55   0.0 3.55   0.0 5.50  1  0  0  0
Mo2 Te3 Te4    21.154738 115.7500      3.064197      3.064197  0.0 3.55   0.0 3.55   0.0 5.50  1  0  0  0
Te1 Mo2 Mo2    16.674752  76.0400      4.793545      4.793545  0.0 3.55   0.0 3.55   0.0 3.25  1  0  0  0
Te4 Mo2 Mo2    16.444881  80.1400      5.876259      5.876259  0.0 3.55   0.0 3.55   0.0 3.25  1  0  0  0
Mo1 Te1 Te3    52.181844  82.5000      0.933527      1.531326  0.0 3.55   0.0 3.55   0.0 3.90  1  0  0  0
Mo1 Te1 Te4    52.181844 156.5000      0.933527      1.531326  0.0 3.55   0.0 3.55   0.0 3.90  1  0  0  0
Mo1 Te2 Te3    52.181844  98.0500      0.933527      1.531326  0.0 3.55   0.0 3.55   0.0 3.90  1  0  0  0
Mo1 Te2 Te4    52.181844  84.0500      0.933527      1.531326  0.0 3.55   0.0 3.55   0.0 3.90  1  0  0  0
Mo1 Te1 Te2    52.130918  77.4500      0.868084      0.868084  0.0 3.55   0.0 3.55   0.0 5.50  1  0  0  0
Mo1 Te2 Te2    52.130918  76.7500      0.868084      0.868084  0.0 3.55   0.0 3.55   0.0 5.50  1  0  0  0
Mo1 Te3 Te3    21.154738  80.1500      3.064197      3.064197  0.0 3.55   0.0 3.55   0.0 5.50  1  0  0  0
Mo1 Te3 Te4    21.154738 115.7500      3.064197      3.064197  0.0 3.55   0.0 3.55   0.0 5.50  1  0  0  0
Te2 Mo1 Mo1    16.674752  76.0400      4.793545      4.793545  0.0 3.55   0.0 3.55   0.0 3.25  1  0  0  0
Te3 Mo1 Mo1    16.444881  80.1400      5.876259      5.876259  0.0 3.55   0.0 3.55   0.0 3.25  1  0  0  0
