sw2
Te1  Te3        3.476631        1.620082      33.016972   0.00 5.500000   1 0 0
Te1  Te4        3.476631        1.620082      33.016972   0.00 5.500000   1 0 0
Te2  Te3        3.476631        1.620082      33.016972   0.00 5.500000   1 0 0
Te2  Te4        3.476631        1.620082      33.016972   0.00 5.500000   1 0 0
Te1  Te1        6.820146        3.684378      30.631141   0.00 5.500000   1 0 0
Te1  Te2        6.820146        3.684378      30.631141   0.00 5.500000   1 0 0
Te2  Te2        6.820146        3.684378      30.631141   0.00 5.500000   1 0 0
Te3  Te3        4.841007        3.110173      58.776772   0.00 5.500000   1 0 0
Te3  Te4        4.841007        3.110173      58.776772   0.00 5.500000   1 0 0
Te4  Te4        4.841007        3.110173      58.776772   0.00 5.500000   1 0 0
Mo1  Te1        2.970704        0.149891      19.453985   0.00 4.250000   1 0 0
Mo1  Te2        2.970704        0.149891      19.453985   0.00 4.250000   1 0 0
Mo1  Te3        7.468803        0.740848      19.972499   0.00 4.050000   1 0 0
Mo1  Te4        7.468803        0.740848      19.972499   0.00 4.050000   1 0 0
Mo1  Mo1        3.007558        0.378404      12.972289   0.00 4.770000   1 0 0
Mo2  Te1        2.970704        0.149891      19.453985   0.00 4.250000   1 0 0
Mo2  Te2        2.970704        0.149891      19.453985   0.00 4.250000   1 0 0
Mo2  Te3        7.468803        0.740848      19.972499   0.00 4.050000   1 0 0
Mo2  Te4        7.468803        0.740848      19.972499   0.00 4.050000   1 0 0
Mo2  Mo2        3.007558        0.378404      12.972289   0.00 4.770000   1 0 0


sw3
Mo2 Te1 Te3    38.222575  84.0500      0.998553      1.023573  0.0 3.55   0.0 3.55   0.0 3.90  1  0  0  0
Mo2 Te1 Te4    38.222575  98.0500      0.998553      1.023573  0.0 3.55   0.0 3.55   0.0 3.90  1  0  0  0
Mo2 Te2 Te3    38.222575 156.5000      0.998553      1.023573  0.0 3.55   0.0 3.55   0.0 3.90  1  0  0  0
Mo2 Te2 Te4    38.222575  82.5000      0.998553      1.023573  0.0 3.55   0.0 3.55   0.0 3.90  1  0  0  0
Mo2 Te1 Te2    53.726955  77.4500      1.395548      1.395548  0.0 3.55   0.0 3.55   0.0 5.50  1  0  0  0
Mo2 Te1 Te1    53.726955  76.7500      1.395548      1.395548  0.0 3.55   0.0 3.55   0.0 5.50  1  0  0  0
Mo2 Te4 Te4    11.759747  80.1500      3.664455      3.664455  0.0 3.55   0.0 3.55   0.0 5.50  1  0  0  0
Mo2 Te3 Te4    11.759747 115.7500      3.664455      3.664455  0.0 3.55   0.0 3.55   0.0 5.50  1  0  0  0
Te1 Mo2 Mo2    12.824380  76.0400      4.121329      4.121329  0.0 3.55   0.0 3.55   0.0 3.25  1  0  0  0
Te4 Mo2 Mo2    13.531483  80.1400      4.947966      4.947966  0.0 3.55   0.0 3.55   0.0 3.25  1  0  0  0
Mo1 Te1 Te3    38.222575  82.5000      0.998553      1.023573  0.0 3.55   0.0 3.55   0.0 3.90  1  0  0  0
Mo1 Te1 Te4    38.222575 156.5000      0.998553      1.023573  0.0 3.55   0.0 3.55   0.0 3.90  1  0  0  0
Mo1 Te2 Te3    38.222575  98.0500      0.998553      1.023573  0.0 3.55   0.0 3.55   0.0 3.90  1  0  0  0
Mo1 Te2 Te4    38.222575  84.0500      0.998553      1.023573  0.0 3.55   0.0 3.55   0.0 3.90  1  0  0  0
Mo1 Te1 Te2    53.726955  77.4500      1.395548      1.395548  0.0 3.55   0.0 3.55   0.0 5.50  1  0  0  0
Mo1 Te2 Te2    53.726955  76.7500      1.395548      1.395548  0.0 3.55   0.0 3.55   0.0 5.50  1  0  0  0
Mo1 Te3 Te3    11.759747  80.1500      3.664455      3.664455  0.0 3.55   0.0 3.55   0.0 5.50  1  0  0  0
Mo1 Te3 Te4    11.759747 115.7500      3.664455      3.664455  0.0 3.55   0.0 3.55   0.0 5.50  1  0  0  0
Te2 Mo1 Mo1    12.824380  76.0400      4.121329      4.121329  0.0 3.55   0.0 3.55   0.0 3.25  1  0  0  0
Te3 Mo1 Mo1    13.531483  80.1400      4.947966      4.947966  0.0 3.55   0.0 3.55   0.0 3.25  1  0  0  0
