sw2
Te1  Te3        3.476631        2.117368      32.894280   0.00 5.500000   1 0 0
Te1  Te4        3.476631        2.117368      32.894280   0.00 5.500000   1 0 0
Te2  Te3        3.476631        2.117368      32.894280   0.00 5.500000   1 0 0
Te2  Te4        3.476631        2.117368      32.894280   0.00 5.500000   1 0 0
Te1  Te1        6.997757        3.684378      30.631141   0.00 5.500000   1 0 0
Te1  Te2        6.997757        3.684378      30.631141   0.00 5.500000   1 0 0
Te2  Te2        6.997757        3.684378      30.631141   0.00 5.500000   1 0 0
Te3  Te3        4.899270        3.117308      58.798502   0.00 5.500000   1 0 0
Te3  Te4        4.899270        3.117308      58.798502   0.00 5.500000   1 0 0
Te4  Te4        4.899270        3.117308      58.798502   0.00 5.500000   1 0 0
Mo1  Te1        3.703778        0.149891      16.939816   0.00 4.250000   1 0 0
Mo1  Te2        3.703778        0.149891      16.939816   0.00 4.250000   1 0 0
Mo1  Te3        7.279556        0.740848      19.998357   0.00 4.050000   1 0 0
Mo1  Te4        7.279556        0.740848      19.998357   0.00 4.050000   1 0 0
Mo1  Mo1        2.238789        0.341307      12.972289   0.00 4.770000   1 0 0
Mo2  Te1        3.703778        0.149891      16.939816   0.00 4.250000   1 0 0
Mo2  Te2        3.703778        0.149891      16.939816   0.00 4.250000   1 0 0
Mo2  Te3        7.279556        0.740848      19.998357   0.00 4.050000   1 0 0
Mo2  Te4        7.279556        0.740848      19.998357   0.00 4.050000   1 0 0
Mo2  Mo2        2.238789        0.341307      12.972289   0.00 4.770000   1 0 0


sw3
Mo2 Te1 Te3    47.236217  84.0500      0.998780      1.291920  0.0 3.55   0.0 3.55   0.0 3.90  1  0  0  0
Mo2 Te1 Te4    47.236217  98.0500      0.998780      1.291920  0.0 3.55   0.0 3.55   0.0 3.90  1  0  0  0
Mo2 Te2 Te3    47.236217 156.5000      0.998780      1.291920  0.0 3.55   0.0 3.55   0.0 3.90  1  0  0  0
Mo2 Te2 Te4    47.236217  82.5000      0.998780      1.291920  0.0 3.55   0.0 3.55   0.0 3.90  1  0  0  0
Mo2 Te1 Te2    51.320044  77.4500      1.389620      1.389620  0.0 3.55   0.0 3.55   0.0 5.50  1  0  0  0
Mo2 Te1 Te1    51.320044  76.7500      1.389620      1.389620  0.0 3.55   0.0 3.55   0.0 5.50  1  0  0  0
Mo2 Te4 Te4    11.759747  80.1500      3.066304      3.066304  0.0 3.55   0.0 3.55   0.0 5.50  1  0  0  0
Mo2 Te3 Te4    11.759747 115.7500      3.066304      3.066304  0.0 3.55   0.0 3.55   0.0 5.50  1  0  0  0
Te1 Mo2 Mo2    13.147214  76.0400      4.121329      4.121329  0.0 3.55   0.0 3.55   0.0 3.25  1  0  0  0
Te4 Mo2 Mo2    17.799791  80.1400      4.942411      4.942411  0.0 3.55   0.0 3.55   0.0 3.25  1  0  0  0
Mo1 Te1 Te3    47.236217  82.5000      0.998780      1.291920  0.0 3.55   0.0 3.55   0.0 3.90  1  0  0  0
Mo1 Te1 Te4    47.236217 156.5000      0.998780      1.291920  0.0 3.55   0.0 3.55   0.0 3.90  1  0  0  0
Mo1 Te2 Te3    47.236217  98.0500      0.998780      1.291920  0.0 3.55   0.0 3.55   0.0 3.90  1  0  0  0
Mo1 Te2 Te4    47.236217  84.0500      0.998780      1.291920  0.0 3.55   0.0 3.55   0.0 3.90  1  0  0  0
Mo1 Te1 Te2    51.320044  77.4500      1.389620      1.389620  0.0 3.55   0.0 3.55   0.0 5.50  1  0  0  0
Mo1 Te2 Te2    51.320044  76.7500      1.389620      1.389620  0.0 3.55   0.0 3.55   0.0 5.50  1  0  0  0
Mo1 Te3 Te3    11.759747  80.1500      3.066304      3.066304  0.0 3.55   0.0 3.55   0.0 5.50  1  0  0  0
Mo1 Te3 Te4    11.759747 115.7500      3.066304      3.066304  0.0 3.55   0.0 3.55   0.0 5.50  1  0  0  0
Te2 Mo1 Mo1    13.147214  76.0400      4.121329      4.121329  0.0 3.55   0.0 3.55   0.0 3.25  1  0  0  0
Te3 Mo1 Mo1    17.799791  80.1400      4.942411      4.942411  0.0 3.55   0.0 3.55   0.0 3.25  1  0  0  0
