sw2
Te1  Te3        2.118066        1.119158      34.649891   0.00 5.500000   1 0 0
Te1  Te4        2.118066        1.119158      34.649891   0.00 5.500000   1 0 0
Te2  Te3        2.118066        1.119158      34.649891   0.00 5.500000   1 0 0
Te2  Te4        2.118066        1.119158      34.649891   0.00 5.500000   1 0 0
Te1  Te1        5.396629        3.021630      30.486589   0.00 5.500000   1 0 0
Te1  Te2        5.396629        3.021630      30.486589   0.00 5.500000   1 0 0
Te2  Te2        5.396629        3.021630      30.486589   0.00 5.500000   1 0 0
Te3  Te3        4.968200        1.150972      54.381086   0.00 5.500000   1 0 0
Te3  Te4        4.968200        1.150972      54.381086   0.00 5.500000   1 0 0
Te4  Te4        4.968200        1.150972      54.381086   0.00 5.500000   1 0 0
Mo1  Te1        2.305996        0.789754      16.792025   0.00 4.250000   1 0 0
Mo1  Te2        2.305996        0.789754      16.792025   0.00 4.250000   1 0 0
Mo1  Te3        6.998302        0.376398      19.948241   0.00 4.050000   1 0 0
Mo1  Te4        6.998302        0.376398      19.948241   0.00 4.050000   1 0 0
Mo1  Mo1        2.808457        0.562703      15.749212   0.00 4.770000   1 0 0
Mo2  Te1        2.305996        0.789754      16.792025   0.00 4.250000   1 0 0
Mo2  Te2        2.305996        0.789754      16.792025   0.00 4.250000   1 0 0
Mo2  Te3        6.998302        0.376398      19.948241   0.00 4.050000   1 0 0
Mo2  Te4        6.998302        0.376398      19.948241   0.00 4.050000   1 0 0
Mo2  Mo2        2.808457        0.562703      15.749212   0.00 4.770000   1 0 0


sw3
Mo2 Te1 Te3    48.481715  84.0500      0.887787      1.748593  0.0 3.55   0.0 3.55   0.0 3.90  1  0  0  0
Mo2 Te1 Te4    48.481715  98.0500      0.887787      1.748593  0.0 3.55   0.0 3.55   0.0 3.90  1  0  0  0
Mo2 Te2 Te3    48.481715 156.5000      0.887787      1.748593  0.0 3.55   0.0 3.55   0.0 3.90  1  0  0  0
Mo2 Te2 Te4    48.481715  82.5000      0.887787      1.748593  0.0 3.55   0.0 3.55   0.0 3.90  1  0  0  0
Mo2 Te1 Te2    37.764964  77.4500      1.269954      1.269954  0.0 3.55   0.0 3.55   0.0 5.50  1  0  0  0
Mo2 Te1 Te1    37.764964  76.7500      1.269954      1.269954  0.0 3.55   0.0 3.55   0.0 5.50  1  0  0  0
Mo2 Te4 Te4    26.273902  80.1500      1.971020      1.971020  0.0 3.55   0.0 3.55   0.0 5.50  1  0  0  0
Mo2 Te3 Te4    26.273902 115.7500      1.971020      1.971020  0.0 3.55   0.0 3.55   0.0 5.50  1  0  0  0
Te1 Mo2 Mo2     7.755118  76.0400      4.071837      4.071837  0.0 3.55   0.0 3.55   0.0 3.25  1  0  0  0
Te4 Mo2 Mo2    10.329571  80.1400      5.316820      5.316820  0.0 3.55   0.0 3.55   0.0 3.25  1  0  0  0
Mo1 Te1 Te3    48.481715  82.5000      0.887787      1.748593  0.0 3.55   0.0 3.55   0.0 3.90  1  0  0  0
Mo1 Te1 Te4    48.481715 156.5000      0.887787      1.748593  0.0 3.55   0.0 3.55   0.0 3.90  1  0  0  0
Mo1 Te2 Te3    48.481715  98.0500      0.887787      1.748593  0.0 3.55   0.0 3.55   0.0 3.90  1  0  0  0
Mo1 Te2 Te4    48.481715  84.0500      0.887787      1.748593  0.0 3.55   0.0 3.55   0.0 3.90  1  0  0  0
Mo1 Te1 Te2    37.764964  77.4500      1.269954      1.269954  0.0 3.55   0.0 3.55   0.0 5.50  1  0  0  0
Mo1 Te2 Te2    37.764964  76.7500      1.269954      1.269954  0.0 3.55   0.0 3.55   0.0 5.50  1  0  0  0
Mo1 Te3 Te3    26.273902  80.1500      1.971020      1.971020  0.0 3.55   0.0 3.55   0.0 5.50  1  0  0  0
Mo1 Te3 Te4    26.273902 115.7500      1.971020      1.971020  0.0 3.55   0.0 3.55   0.0 5.50  1  0  0  0
Te2 Mo1 Mo1     7.755118  76.0400      4.071837      4.071837  0.0 3.55   0.0 3.55   0.0 3.25  1  0  0  0
Te3 Mo1 Mo1    10.329571  80.1400      5.316820      5.316820  0.0 3.55   0.0 3.55   0.0 3.25  1  0  0  0
