sw2
Te1  Te3        2.325611        1.018731      33.456909   0.00 5.500000   1 0 0
Te1  Te4        2.325611        1.018731      33.456909   0.00 5.500000   1 0 0
Te2  Te3        2.325611        1.018731      33.456909   0.00 5.500000   1 0 0
Te2  Te4        2.325611        1.018731      33.456909   0.00 5.500000   1 0 0
Te1  Te1        4.991016        1.175995      39.293745   0.00 5.500000   1 0 0
Te1  Te2        4.991016        1.175995      39.293745   0.00 5.500000   1 0 0
Te2  Te2        4.991016        1.175995      39.293745   0.00 5.500000   1 0 0
Te3  Te3        2.993508        3.506831      58.474314   0.00 5.500000   1 0 0
Te3  Te4        2.993508        3.506831      58.474314   0.00 5.500000   1 0 0
Te4  Te4        2.993508        3.506831      58.474314   0.00 5.500000   1 0 0
Mo1  Te1        3.014344        0.845095      18.799578   0.00 4.250000   1 0 0
Mo1  Te2        3.014344        0.845095      18.799578   0.00 4.250000   1 0 0
Mo1  Te3        7.150590        0.288075      17.954347   0.00 4.050000   1 0 0
Mo1  Te4        7.150590        0.288075      17.954347   0.00 4.050000   1 0 0
Mo1  Mo1        3.214281        0.698036      13.333723   0.00 4.770000   1 0 0
Mo2  Te1        3.014344        0.845095      18.799578   0.00 4.250000   1 0 0
Mo2  Te2        3.014344        0.845095      18.799578   0.00 4.250000   1 0 0
Mo2  Te3        7.150590        0.288075      17.954347   0.00 4.050000   1 0 0
Mo2  Te4        7.150590        0.288075      17.954347   0.00 4.050000   1 0 0
Mo2  Mo2        3.214281        0.698036      13.333723   0.00 4.770000   1 0 0


sw3
Mo2 Te1 Te3    54.183653  84.0500      1.088009      1.757471  0.0 3.55   0.0 3.55   0.0 3.90  1  0  0  0
Mo2 Te1 Te4    54.183653  98.0500      1.088009      1.757471  0.0 3.55   0.0 3.55   0.0 3.90  1  0  0  0
Mo2 Te2 Te3    54.183653 156.5000      1.088009      1.757471  0.0 3.55   0.0 3.55   0.0 3.90  1  0  0  0
Mo2 Te2 Te4    54.183653  82.5000      1.088009      1.757471  0.0 3.55   0.0 3.55   0.0 3.90  1  0  0  0
Mo2 Te1 Te2    32.634041  77.4500      0.941307      0.941307  0.0 3.55   0.0 3.55   0.0 5.50  1  0  0  0
Mo2 Te1 Te1    32.634041  76.7500      0.941307      0.941307  0.0 3.55   0.0 3.55   0.0 5.50  1  0  0  0
Mo2 Te4 Te4    23.110462  80.1500      2.493496      2.493496  0.0 3.55   0.0 3.55   0.0 5.50  1  0  0  0
Mo2 Te3 Te4    23.110462 115.7500      2.493496      2.493496  0.0 3.55   0.0 3.55   0.0 5.50  1  0  0  0
Te1 Mo2 Mo2     5.397823  76.0400      3.168855      3.168855  0.0 3.55   0.0 3.55   0.0 3.25  1  0  0  0
Te4 Mo2 Mo2    17.324008  80.1400      5.206951      5.206951  0.0 3.55   0.0 3.55   0.0 3.25  1  0  0  0
Mo1 Te1 Te3    54.183653  82.5000      1.088009      1.757471  0.0 3.55   0.0 3.55   0.0 3.90  1  0  0  0
Mo1 Te1 Te4    54.183653 156.5000      1.088009      1.757471  0.0 3.55   0.0 3.55   0.0 3.90  1  0  0  0
Mo1 Te2 Te3    54.183653  98.0500      1.088009      1.757471  0.0 3.55   0.0 3.55   0.0 3.90  1  0  0  0
Mo1 Te2 Te4    54.183653  84.0500      1.088009      1.757471  0.0 3.55   0.0 3.55   0.0 3.90  1  0  0  0
Mo1 Te1 Te2    32.634041  77.4500      0.941307      0.941307  0.0 3.55   0.0 3.55   0.0 5.50  1  0  0  0
Mo1 Te2 Te2    32.634041  76.7500      0.941307      0.941307  0.0 3.55   0.0 3.55   0.0 5.50  1  0  0  0
Mo1 Te3 Te3    23.110462  80.1500      2.493496      2.493496  0.0 3.55   0.0 3.55   0.0 5.50  1  0  0  0
Mo1 Te3 Te4    23.110462 115.7500      2.493496      2.493496  0.0 3.55   0.0 3.55   0.0 5.50  1  0  0  0
Te2 Mo1 Mo1     5.397823  76.0400      3.168855      3.168855  0.0 3.55   0.0 3.55   0.0 3.25  1  0  0  0
Te3 Mo1 Mo1    17.324008  80.1400      5.206951      5.206951  0.0 3.55   0.0 3.55   0.0 3.25  1  0  0  0
