sw2
Te1  Te3        1.603094        3.081226      33.337519   0.00 5.500000   1 0 0
Te1  Te4        1.603094        3.081226      33.337519   0.00 5.500000   1 0 0
Te2  Te3        1.603094        3.081226      33.337519   0.00 5.500000   1 0 0
Te2  Te4        1.603094        3.081226      33.337519   0.00 5.500000   1 0 0
Te1  Te1        5.501436        2.359541      37.556865   0.00 5.500000   1 0 0
Te1  Te2        5.501436        2.359541      37.556865   0.00 5.500000   1 0 0
Te2  Te2        5.501436        2.359541      37.556865   0.00 5.500000   1 0 0
Te3  Te3        2.194428        2.213520      59.583315   0.00 5.500000   1 0 0
Te3  Te4        2.194428        2.213520      59.583315   0.00 5.500000   1 0 0
Te4  Te4        2.194428        2.213520      59.583315   0.00 5.500000   1 0 0
Mo1  Te1        3.700333        0.406979      14.845078   0.00 4.250000   1 0 0
Mo1  Te2        3.700333        0.406979      14.845078   0.00 4.250000   1 0 0
Mo1  Te3        8.635000        0.881722      18.152309   0.00 4.050000   1 0 0
Mo1  Te4        8.635000        0.881722      18.152309   0.00 4.050000   1 0 0
Mo1  Mo1        2.244423        0.124268      18.471859   0.00 4.770000   1 0 0
Mo2  Te1        3.700333        0.406979      14.845078   0.00 4.250000   1 0 0
Mo2  Te2        3.700333        0.406979      14.845078   0.00 4.250000   1 0 0
Mo2  Te3        8.635000        0.881722      18.152309   0.00 4.050000   1 0 0
Mo2  Te4        8.635000        0.881722      18.152309   0.00 4.050000   1 0 0
Mo2  Mo2        2.244423        0.124268      18.471859   0.00 4.770000   1 0 0


sw3
Mo2 Te1 Te3    52.361104  84.0500      1.496718      1.547837  0.0 3.55   0.0 3.55   0.0 3.90  1  0  0  0
Mo2 Te1 Te4    52.361104  98.0500      1.496718      1.547837  0.0 3.55   0.0 3.55   0.0 3.90  1  0  0  0
Mo2 Te2 Te3    52.361104 156.5000      1.496718      1.547837  0.0 3.55   0.0 3.55   0.0 3.90  1  0  0  0
Mo2 Te2 Te4    52.361104  82.5000      1.496718      1.547837  0.0 3.55   0.0 3.55   0.0 3.90  1  0  0  0
Mo2 Te1 Te2    52.466454  77.4500      1.400878      1.400878  0.0 3.55   0.0 3.55   0.0 5.50  1  0  0  0
Mo2 Te1 Te1    52.466454  76.7500      1.400878      1.400878  0.0 3.55   0.0 3.55   0.0 5.50  1  0  0  0
Mo2 Te4 Te4    23.637534  80.1500      1.401086      1.401086  0.0 3.55   0.0 3.55   0.0 5.50  1  0  0  0
Mo2 Te3 Te4    23.637534 115.7500      1.401086      1.401086  0.0 3.55   0.0 3.55   0.0 5.50  1  0  0  0
Te1 Mo2 Mo2    16.717546  76.0400      3.340316      3.340316  0.0 3.55   0.0 3.55   0.0 3.25  1  0  0  0
Te4 Mo2 Mo2    12.396175  80.1400      5.856969      5.856969  0.0 3.55   0.0 3.55   0.0 3.25  1  0  0  0
Mo1 Te1 Te3    52.361104  82.5000      1.496718      1.547837  0.0 3.55   0.0 3.55   0.0 3.90  1  0  0  0
Mo1 Te1 Te4    52.361104 156.5000      1.496718      1.547837  0.0 3.55   0.0 3.55   0.0 3.90  1  0  0  0
Mo1 Te2 Te3    52.361104  98.0500      1.496718      1.547837  0.0 3.55   0.0 3.55   0.0 3.90  1  0  0  0
Mo1 Te2 Te4    52.361104  84.0500      1.496718      1.547837  0.0 3.55   0.0 3.55   0.0 3.90  1  0  0  0
Mo1 Te1 Te2    52.466454  77.4500      1.400878      1.400878  0.0 3.55   0.0 3.55   0.0 5.50  1  0  0  0
Mo1 Te2 Te2    52.466454  76.7500      1.400878      1.400878  0.0 3.55   0.0 3.55   0.0 5.50  1  0  0  0
Mo1 Te3 Te3    23.637534  80.1500      1.401086      1.401086  0.0 3.55   0.0 3.55   0.0 5.50  1  0  0  0
Mo1 Te3 Te4    23.637534 115.7500      1.401086      1.401086  0.0 3.55   0.0 3.55   0.0 5.50  1  0  0  0
Te2 Mo1 Mo1    16.717546  76.0400      3.340316      3.340316  0.0 3.55   0.0 3.55   0.0 3.25  1  0  0  0
Te3 Mo1 Mo1    12.396175  80.1400      5.856969      5.856969  0.0 3.55   0.0 3.55   0.0 3.25  1  0  0  0
