sw2
Te1  Te3        2.471015        1.251157      31.165706   0.00 5.500000   1 0 0
Te1  Te4        2.471015        1.251157      31.165706   0.00 5.500000   1 0 0
Te2  Te3        2.471015        1.251157      31.165706   0.00 5.500000   1 0 0
Te2  Te4        2.471015        1.251157      31.165706   0.00 5.500000   1 0 0
Te1  Te1        6.791407        3.412121      33.893699   0.00 5.500000   1 0 0
Te1  Te2        6.791407        3.412121      33.893699   0.00 5.500000   1 0 0
Te2  Te2        6.791407        3.412121      33.893699   0.00 5.500000   1 0 0
Te3  Te3        3.647392        3.497654      48.085530   0.00 5.500000   1 0 0
Te3  Te4        3.647392        3.497654      48.085530   0.00 5.500000   1 0 0
Te4  Te4        3.647392        3.497654      48.085530   0.00 5.500000   1 0 0
Mo1  Te1        4.514561        0.462984      14.392005   0.00 4.250000   1 0 0
Mo1  Te2        4.514561        0.462984      14.392005   0.00 4.250000   1 0 0
Mo1  Te3        7.251030        0.220720      19.214228   0.00 4.050000   1 0 0
Mo1  Te4        7.251030        0.220720      19.214228   0.00 4.050000   1 0 0
Mo1  Mo1        2.292975        0.572521      18.460594   0.00 4.770000   1 0 0
Mo2  Te1        4.514561        0.462984      14.392005   0.00 4.250000   1 0 0
Mo2  Te2        4.514561        0.462984      14.392005   0.00 4.250000   1 0 0
Mo2  Te3        7.251030        0.220720      19.214228   0.00 4.050000   1 0 0
Mo2  Te4        7.251030        0.220720      19.214228   0.00 4.050000   1 0 0
Mo2  Mo2        2.292975        0.572521      18.460594   0.00 4.770000   1 0 0


sw3
Mo2 Te1 Te3    53.844635  84.0500      0.989077      1.313621  0.0 3.55   0.0 3.55   0.0 3.90  1  0  0  0
Mo2 Te1 Te4    53.844635  98.0500      0.989077      1.313621  0.0 3.55   0.0 3.55   0.0 3.90  1  0  0  0
Mo2 Te2 Te3    53.844635 156.5000      0.989077      1.313621  0.0 3.55   0.0 3.55   0.0 3.90  1  0  0  0
Mo2 Te2 Te4    53.844635  82.5000      0.989077      1.313621  0.0 3.55   0.0 3.55   0.0 3.90  1  0  0  0
Mo2 Te1 Te2    32.883973  77.4500      1.418951      1.418951  0.0 3.55   0.0 3.55   0.0 5.50  1  0  0  0
Mo2 Te1 Te1    32.883973  76.7500      1.418951      1.418951  0.0 3.55   0.0 3.55   0.0 5.50  1  0  0  0
Mo2 Te4 Te4    11.059705  80.1500      1.523549      1.523549  0.0 3.55   0.0 3.55   0.0 5.50  1  0  0  0
Mo2 Te3 Te4    11.059705 115.7500      1.523549      1.523549  0.0 3.55   0.0 3.55   0.0 5.50  1  0  0  0
Te1 Mo2 Mo2    19.030683  76.0400      4.792579      4.792579  0.0 3.55   0.0 3.55   0.0 3.25  1  0  0  0
Te4 Mo2 Mo2    12.126793  80.1400      5.836752      5.836752  0.0 3.55   0.0 3.55   0.0 3.25  1  0  0  0
Mo1 Te1 Te3    53.844635  82.5000      0.989077      1.313621  0.0 3.55   0.0 3.55   0.0 3.90  1  0  0  0
Mo1 Te1 Te4    53.844635 156.5000      0.989077      1.313621  0.0 3.55   0.0 3.55   0.0 3.90  1  0  0  0
Mo1 Te2 Te3    53.844635  98.0500      0.989077      1.313621  0.0 3.55   0.0 3.55   0.0 3.90  1  0  0  0
Mo1 Te2 Te4    53.844635  84.0500      0.989077      1.313621  0.0 3.55   0.0 3.55   0.0 3.90  1  0  0  0
Mo1 Te1 Te2    32.883973  77.4500      1.418951      1.418951  0.0 3.55   0.0 3.55   0.0 5.50  1  0  0  0
Mo1 Te2 Te2    32.883973  76.7500      1.418951      1.418951  0.0 3.55   0.0 3.55   0.0 5.50  1  0  0  0
Mo1 Te3 Te3    11.059705  80.1500      1.523549      1.523549  0.0 3.55   0.0 3.55   0.0 5.50  1  0  0  0
Mo1 Te3 Te4    11.059705 115.7500      1.523549      1.523549  0.0 3.55   0.0 3.55   0.0 5.50  1  0  0  0
Te2 Mo1 Mo1    19.030683  76.0400      4.792579      4.792579  0.0 3.55   0.0 3.55   0.0 3.25  1  0  0  0
Te3 Mo1 Mo1    12.126793  80.1400      5.836752      5.836752  0.0 3.55   0.0 3.55   0.0 3.25  1  0  0  0
