sw2
Te1  Te3        3.253555        3.055211      31.269535   0.00 5.500000   1 0 0
Te1  Te4        3.253555        3.055211      31.269535   0.00 5.500000   1 0 0
Te2  Te3        3.253555        3.055211      31.269535   0.00 5.500000   1 0 0
Te2  Te4        3.253555        3.055211      31.269535   0.00 5.500000   1 0 0
Te1  Te1        5.493875        3.478860      33.544044   0.00 5.500000   1 0 0
Te1  Te2        5.493875        3.478860      33.544044   0.00 5.500000   1 0 0
Te2  Te2        5.493875        3.478860      33.544044   0.00 5.500000   1 0 0
Te3  Te3        3.577266        1.679277      57.916581   0.00 5.500000   1 0 0
Te3  Te4        3.577266        1.679277      57.916581   0.00 5.500000   1 0 0
Te4  Te4        3.577266        1.679277      57.916581   0.00 5.500000   1 0 0
Mo1  Te1        4.895089        0.204999      14.841648   0.00 4.250000   1 0 0
Mo1  Te2        4.895089        0.204999      14.841648   0.00 4.250000   1 0 0
Mo1  Te3        5.258296        0.985426      12.802538   0.00 4.050000   1 0 0
Mo1  Te4        5.258296        0.985426      12.802538   0.00 4.050000   1 0 0
Mo1  Mo1        2.213866        0.394075      18.581290   0.00 4.770000   1 0 0
Mo2  Te1        4.895089        0.204999      14.841648   0.00 4.250000   1 0 0
Mo2  Te2        4.895089        0.204999      14.841648   0.00 4.250000   1 0 0
Mo2  Te3        5.258296        0.985426      12.802538   0.00 4.050000   1 0 0
Mo2  Te4        5.258296        0.985426      12.802538   0.00 4.050000   1 0 0
Mo2  Mo2        2.213866        0.394075      18.581290   0.00 4.770000   1 0 0


sw3
Mo2 Te1 Te3    54.965817  84.0500      1.475387      1.550688  0.0 3.55   0.0 3.55   0.0 3.90  1  0  0  0
Mo2 Te1 Te4    54.965817  98.0500      1.475387      1.550688  0.0 3.55   0.0 3.55   0.0 3.90  1  0  0  0
Mo2 Te2 Te3    54.965817 156.5000      1.475387      1.550688  0.0 3.55   0.0 3.55   0.0 3.90  1  0  0  0
Mo2 Te2 Te4    54.965817  82.5000      1.475387      1.550688  0.0 3.55   0.0 3.55   0.0 3.90  1  0  0  0
Mo2 Te1 Te2    52.478827  77.4500      0.868191      0.868191  0.0 3.55   0.0 3.55   0.0 5.50  1  0  0  0
Mo2 Te1 Te1    52.478827  76.7500      0.868191      0.868191  0.0 3.55   0.0 3.55   0.0 5.50  1  0  0  0
Mo2 Te4 Te4    11.970872  80.1500      3.064197      3.064197  0.0 3.55   0.0 3.55   0.0 5.50  1  0  0  0
Mo2 Te3 Te4    11.970872 115.7500      3.064197      3.064197  0.0 3.55   0.0 3.55   0.0 5.50  1  0  0  0
Te1 Mo2 Mo2    16.874056  76.0400      4.793545      4.793545  0.0 3.55   0.0 3.55   0.0 3.25  1  0  0  0
Te4 Mo2 Mo2    16.497867  80.1400      4.790882      4.790882  0.0 3.55   0.0 3.55   0.0 3.25  1  0  0  0
Mo1 Te1 Te3    54.965817  82.5000      1.475387      1.550688  0.0 3.55   0.0 3.55   0.0 3.90  1  0  0  0
Mo1 Te1 Te4    54.965817 156.5000      1.475387      1.550688  0.0 3.55   0.0 3.55   0.0 3.90  1  0  0  0
Mo1 Te2 Te3    54.965817  98.0500      1.475387      1.550688  0.0 3.55   0.0 3.55   0.0 3.90  1  0  0  0
Mo1 Te2 Te4    54.965817  84.0500      1.475387      1.550688  0.0 3.55   0.0 3.55   0.0 3.90  1  0  0  0
Mo1 Te1 Te2    52.478827  77.4500      0.868191      0.868191  0.0 3.55   0.0 3.55   0.0 5.50  1  0  0  0
Mo1 Te2 Te2    52.478827  76.7500      0.868191      0.868191  0.0 3.55   0.0 3.55   0.0 5.50  1  0  0  0
Mo1 Te3 Te3    11.970872  80.1500      3.064197      3.064197  0.0 3.55   0.0 3.55   0.0 5.50  1  0  0  0
Mo1 Te3 Te4    11.970872 115.7500      3.064197      3.064197  0.0 3.55   0.0 3.55   0.0 5.50  1  0  0  0
Te2 Mo1 Mo1    16.874056  76.0400      4.793545      4.793545  0.0 3.55   0.0 3.55   0.0 3.25  1  0  0  0
Te3 Mo1 Mo1    16.497867  80.1400      4.790882      4.790882  0.0 3.55   0.0 3.55   0.0 3.25  1  0  0  0
