sw2
Te1  Te3        2.177624        1.974743      30.804050   0.00 5.500000   1 0 0
Te1  Te4        2.177624        1.974743      30.804050   0.00 5.500000   1 0 0
Te2  Te3        2.177624        1.974743      30.804050   0.00 5.500000   1 0 0
Te2  Te4        2.177624        1.974743      30.804050   0.00 5.500000   1 0 0
Te1  Te1        3.499108        1.567786      30.349707   0.00 5.500000   1 0 0
Te1  Te2        3.499108        1.567786      30.349707   0.00 5.500000   1 0 0
Te2  Te2        3.499108        1.567786      30.349707   0.00 5.500000   1 0 0
Te3  Te3        3.509762        1.676145      45.231853   0.00 5.500000   1 0 0
Te3  Te4        3.509762        1.676145      45.231853   0.00 5.500000   1 0 0
Te4  Te4        3.509762        1.676145      45.231853   0.00 5.500000   1 0 0
Mo1  Te1        4.362383        0.854312      19.445743   0.00 4.250000   1 0 0
Mo1  Te2        4.362383        0.854312      19.445743   0.00 4.250000   1 0 0
Mo1  Te3        7.468010        0.842946      17.990282   0.00 4.050000   1 0 0
Mo1  Te4        7.468010        0.842946      17.990282   0.00 4.050000   1 0 0
Mo1  Mo1        2.284290        0.378602      13.881094   0.00 4.770000   1 0 0
Mo2  Te1        4.362383        0.854312      19.445743   0.00 4.250000   1 0 0
Mo2  Te2        4.362383        0.854312      19.445743   0.00 4.250000   1 0 0
Mo2  Te3        7.468010        0.842946      17.990282   0.00 4.050000   1 0 0
Mo2  Te4        7.468010        0.842946      17.990282   0.00 4.050000   1 0 0
Mo2  Mo2        2.284290        0.378602      13.881094   0.00 4.770000   1 0 0


sw3
Mo2 Te1 Te3    43.771472  84.0500      0.591282      1.686191  0.0 3.55   0.0 3.55   0.0 3.90  1  0  0  0
Mo2 Te1 Te4    43.771472  98.0500      0.591282      1.686191  0.0 3.55   0.0 3.55   0.0 3.90  1  0  0  0
Mo2 Te2 Te3    43.771472 156.5000      0.591282      1.686191  0.0 3.55   0.0 3.55   0.0 3.90  1  0  0  0
Mo2 Te2 Te4    43.771472  82.5000      0.591282      1.686191  0.0 3.55   0.0 3.55   0.0 3.90  1  0  0  0
Mo2 Te1 Te2    53.745374  77.4500      0.725472      0.725472  0.0 3.55   0.0 3.55   0.0 5.50  1  0  0  0
Mo2 Te1 Te1    53.745374  76.7500      0.725472      0.725472  0.0 3.55   0.0 3.55   0.0 5.50  1  0  0  0
Mo2 Te4 Te4    28.472980  80.1500      2.266982      2.266982  0.0 3.55   0.0 3.55   0.0 5.50  1  0  0  0
Mo2 Te3 Te4    28.472980 115.7500      2.266982      2.266982  0.0 3.55   0.0 3.55   0.0 5.50  1  0  0  0
Te1 Mo2 Mo2     8.331520  76.0400      4.738509      4.738509  0.0 3.55   0.0 3.55   0.0 3.25  1  0  0  0
Te4 Mo2 Mo2    10.066978  80.1400      4.042334      4.042334  0.0 3.55   0.0 3.55   0.0 3.25  1  0  0  0
Mo1 Te1 Te3    43.771472  82.5000      0.591282      1.686191  0.0 3.55   0.0 3.55   0.0 3.90  1  0  0  0
Mo1 Te1 Te4    43.771472 156.5000      0.591282      1.686191  0.0 3.55   0.0 3.55   0.0 3.90  1  0  0  0
Mo1 Te2 Te3    43.771472  98.0500      0.591282      1.686191  0.0 3.55   0.0 3.55   0.0 3.90  1  0  0  0
Mo1 Te2 Te4    43.771472  84.0500      0.591282      1.686191  0.0 3.55   0.0 3.55   0.0 3.90  1  0  0  0
Mo1 Te1 Te2    53.745374  77.4500      0.725472      0.725472  0.0 3.55   0.0 3.55   0.0 5.50  1  0  0  0
Mo1 Te2 Te2    53.745374  76.7500      0.725472      0.725472  0.0 3.55   0.0 3.55   0.0 5.50  1  0  0  0
Mo1 Te3 Te3    28.472980  80.1500      2.266982      2.266982  0.0 3.55   0.0 3.55   0.0 5.50  1  0  0  0
Mo1 Te3 Te4    28.472980 115.7500      2.266982      2.266982  0.0 3.55   0.0 3.55   0.0 5.50  1  0  0  0
Te2 Mo1 Mo1     8.331520  76.0400      4.738509      4.738509  0.0 3.55   0.0 3.55   0.0 3.25  1  0  0  0
Te3 Mo1 Mo1    10.066978  80.1400      4.042334      4.042334  0.0 3.55   0.0 3.55   0.0 3.25  1  0  0  0
