sw2
Te1  Te3        3.223773        1.685709      34.890759   0.00 5.500000   1 0 0
Te1  Te4        3.223773        1.685709      34.890759   0.00 5.500000   1 0 0
Te2  Te3        3.223773        1.685709      34.890759   0.00 5.500000   1 0 0
Te2  Te4        3.223773        1.685709      34.890759   0.00 5.500000   1 0 0
Te1  Te1        5.780806        1.923061      27.677004   0.00 5.500000   1 0 0
Te1  Te2        5.780806        1.923061      27.677004   0.00 5.500000   1 0 0
Te2  Te2        5.780806        1.923061      27.677004   0.00 5.500000   1 0 0
Te3  Te3        2.540407        1.479388      57.770922   0.00 5.500000   1 0 0
Te3  Te4        2.540407        1.479388      57.770922   0.00 5.500000   1 0 0
Te4  Te4        2.540407        1.479388      57.770922   0.00 5.500000   1 0 0
Mo1  Te1        4.820945        0.841918      15.152870   0.00 4.250000   1 0 0
Mo1  Te2        4.820945        0.841918      15.152870   0.00 4.250000   1 0 0
Mo1  Te3        5.223729        0.432985      17.730136   0.00 4.050000   1 0 0
Mo1  Te4        5.223729        0.432985      17.730136   0.00 4.050000   1 0 0
Mo1  Mo1        3.413846        0.682279      16.037250   0.00 4.770000   1 0 0
Mo2  Te1        4.820945        0.841918      15.152870   0.00 4.250000   1 0 0
Mo2  Te2        4.820945        0.841918      15.152870   0.00 4.250000   1 0 0
Mo2  Te3        5.223729        0.432985      17.730136   0.00 4.050000   1 0 0
Mo2  Te4        5.223729        0.432985      17.730136   0.00 4.050000   1 0 0
Mo2  Mo2        3.413846        0.682279      16.037250   0.00 4.770000   1 0 0


sw3
Mo2 Te1 Te3    42.533681  84.0500      0.681995      1.551475  0.0 3.55   0.0 3.55   0.0 3.90  1  0  0  0
Mo2 Te1 Te4    42.533681  98.0500      0.681995      1.551475  0.0 3.55   0.0 3.55   0.0 3.90  1  0  0  0
Mo2 Te2 Te3    42.533681 156.5000      0.681995      1.551475  0.0 3.55   0.0 3.55   0.0 3.90  1  0  0  0
Mo2 Te2 Te4    42.533681  82.5000      0.681995      1.551475  0.0 3.55   0.0 3.55   0.0 3.90  1  0  0  0
Mo2 Te1 Te2    34.286974  77.4500      0.684789      0.684789  0.0 3.55   0.0 3.55   0.0 5.50  1  0  0  0
Mo2 Te1 Te1    34.286974  76.7500      0.684789      0.684789  0.0 3.55   0.0 3.55   0.0 5.50  1  0  0  0
Mo2 Te4 Te4    24.348728  80.1500      1.528645      1.528645  0.0 3.55   0.0 3.55   0.0 5.50  1  0  0  0
Mo2 Te3 Te4    24.348728 115.7500      1.528645      1.528645  0.0 3.55   0.0 3.55   0.0 5.50  1  0  0  0
Te1 Mo2 Mo2     7.413863  76.0400      3.792865      3.792865  0.0 3.55   0.0 3.55   0.0 3.25  1  0  0  0
Te4 Mo2 Mo2    12.122630  80.1400      5.124415      5.124415  0.0 3.55   0.0 3.55   0.0 3.25  1  0  0  0
Mo1 Te1 Te3    42.533681  82.5000      0.681995      1.551475  0.0 3.55   0.0 3.55   0.0 3.90  1  0  0  0
Mo1 Te1 Te4    42.533681 156.5000      0.681995      1.551475  0.0 3.55   0.0 3.55   0.0 3.90  1  0  0  0
Mo1 Te2 Te3    42.533681  98.0500      0.681995      1.551475  0.0 3.55   0.0 3.55   0.0 3.90  1  0  0  0
Mo1 Te2 Te4    42.533681  84.0500      0.681995      1.551475  0.0 3.55   0.0 3.55   0.0 3.90  1  0  0  0
Mo1 Te1 Te2    34.286974  77.4500      0.684789      0.684789  0.0 3.55   0.0 3.55   0.0 5.50  1  0  0  0
Mo1 Te2 Te2    34.286974  76.7500      0.684789      0.684789  0.0 3.55   0.0 3.55   0.0 5.50  1  0  0  0
Mo1 Te3 Te3    24.348728  80.1500      1.528645      1.528645  0.0 3.55   0.0 3.55   0.0 5.50  1  0  0  0
Mo1 Te3 Te4    24.348728 115.7500      1.528645      1.528645  0.0 3.55   0.0 3.55   0.0 5.50  1  0  0  0
Te2 Mo1 Mo1     7.413863  76.0400      3.792865      3.792865  0.0 3.55   0.0 3.55   0.0 3.25  1  0  0  0
Te3 Mo1 Mo1    12.122630  80.1400      5.124415      5.124415  0.0 3.55   0.0 3.55   0.0 3.25  1  0  0  0
