sw2
Te1  Te3        1.862279        1.429861      29.105320   0.00 5.500000   1 0 0
Te1  Te4        1.862279        1.429861      29.105320   0.00 5.500000   1 0 0
Te2  Te3        1.862279        1.429861      29.105320   0.00 5.500000   1 0 0
Te2  Te4        1.862279        1.429861      29.105320   0.00 5.500000   1 0 0
Te1  Te1        5.958451        2.569075      34.623990   0.00 5.500000   1 0 0
Te1  Te2        5.958451        2.569075      34.623990   0.00 5.500000   1 0 0
Te2  Te2        5.958451        2.569075      34.623990   0.00 5.500000   1 0 0
Te3  Te3        4.706706        1.639881      48.247312   0.00 5.500000   1 0 0
Te3  Te4        4.706706        1.639881      48.247312   0.00 5.500000   1 0 0
Te4  Te4        4.706706        1.639881      48.247312   0.00 5.500000   1 0 0
Mo1  Te1        4.632000        0.610113      16.116995   0.00 4.250000   1 0 0
Mo1  Te2        4.632000        0.610113      16.116995   0.00 4.250000   1 0 0
Mo1  Te3        5.179196        0.637442      15.829211   0.00 4.050000   1 0 0
Mo1  Te4        5.179196        0.637442      15.829211   0.00 4.050000   1 0 0
Mo1  Mo1        2.634558        0.974370      19.177899   0.00 4.770000   1 0 0
Mo2  Te1        4.632000        0.610113      16.116995   0.00 4.250000   1 0 0
Mo2  Te2        4.632000        0.610113      16.116995   0.00 4.250000   1 0 0
Mo2  Te3        5.179196        0.637442      15.829211   0.00 4.050000   1 0 0
Mo2  Te4        5.179196        0.637442      15.829211   0.00 4.050000   1 0 0
Mo2  Mo2        2.634558        0.974370      19.177899   0.00 4.770000   1 0 0


sw3
Mo2 Te1 Te3    48.214117  84.0500      1.360650      1.592791  0.0 3.55   0.0 3.55   0.0 3.90  1  0  0  0
Mo2 Te1 Te4    48.214117  98.0500      1.360650      1.592791  0.0 3.55   0.0 3.55   0.0 3.90  1  0  0  0
Mo2 Te2 Te3    48.214117 156.5000      1.360650      1.592791  0.0 3.55   0.0 3.55   0.0 3.90  1  0  0  0
Mo2 Te2 Te4    48.214117  82.5000      1.360650      1.592791  0.0 3.55   0.0 3.55   0.0 3.90  1  0  0  0
Mo2 Te1 Te2    54.560869  77.4500      1.214516      1.214516  0.0 3.55   0.0 3.55   0.0 5.50  1  0  0  0
Mo2 Te1 Te1    54.560869  76.7500      1.214516      1.214516  0.0 3.55   0.0 3.55   0.0 5.50  1  0  0  0
Mo2 Te4 Te4    10.035220  80.1500      3.247222      3.247222  0.0 3.55   0.0 3.55   0.0 5.50  1  0  0  0
Mo2 Te3 Te4    10.035220 115.7500      3.247222      3.247222  0.0 3.55   0.0 3.55   0.0 5.50  1  0  0  0
Te1 Mo2 Mo2    16.444131  76.0400      4.708443      4.708443  0.0 3.55   0.0 3.55   0.0 3.25  1  0  0  0
Te4 Mo2 Mo2    16.421524  80.1400      4.069524      4.069524  0.0 3.55   0.0 3.55   0.0 3.25  1  0  0  0
Mo1 Te1 Te3    48.214117  82.5000      1.360650      1.592791  0.0 3.55   0.0 3.55   0.0 3.90  1  0  0  0
Mo1 Te1 Te4    48.214117 156.5000      1.360650      1.592791  0.0 3.55   0.0 3.55   0.0 3.90  1  0  0  0
Mo1 Te2 Te3    48.214117  98.0500      1.360650      1.592791  0.0 3.55   0.0 3.55   0.0 3.90  1  0  0  0
Mo1 Te2 Te4    48.214117  84.0500      1.360650      1.592791  0.0 3.55   0.0 3.55   0.0 3.90  1  0  0  0
Mo1 Te1 Te2    54.560869  77.4500      1.214516      1.214516  0.0 3.55   0.0 3.55   0.0 5.50  1  0  0  0
Mo1 Te2 Te2    54.560869  76.7500      1.214516      1.214516  0.0 3.55   0.0 3.55   0.0 5.50  1  0  0  0
Mo1 Te3 Te3    10.035220  80.1500      3.247222      3.247222  0.0 3.55   0.0 3.55   0.0 5.50  1  0  0  0
Mo1 Te3 Te4    10.035220 115.7500      3.247222      3.247222  0.0 3.55   0.0 3.55   0.0 5.50  1  0  0  0
Te2 Mo1 Mo1    16.444131  76.0400      4.708443      4.708443  0.0 3.55   0.0 3.55   0.0 3.25  1  0  0  0
Te3 Mo1 Mo1    16.421524  80.1400      4.069524      4.069524  0.0 3.55   0.0 3.55   0.0 3.25  1  0  0  0
