sw2
Te1  Te3        3.069905        1.251157      33.186320   0.00 5.500000   1 0 0
Te1  Te4        3.069905        1.251157      33.186320   0.00 5.500000   1 0 0
Te2  Te3        3.069905        1.251157      33.186320   0.00 5.500000   1 0 0
Te2  Te4        3.069905        1.251157      33.186320   0.00 5.500000   1 0 0
Te1  Te1        6.791407        3.412121      33.893699   0.00 5.500000   1 0 0
Te1  Te2        6.791407        3.412121      33.893699   0.00 5.500000   1 0 0
Te2  Te2        6.791407        3.412121      33.893699   0.00 5.500000   1 0 0
Te3  Te3        3.647838        3.447156      48.085530   0.00 5.500000   1 0 0
Te3  Te4        3.647838        3.447156      48.085530   0.00 5.500000   1 0 0
Te4  Te4        3.647838        3.447156      48.085530   0.00 5.500000   1 0 0
Mo1  Te1        4.514561        0.484643      14.836896   0.00 4.250000   1 0 0
Mo1  Te2        4.514561        0.484643      14.836896   0.00 4.250000   1 0 0
Mo1  Te3        7.176944        0.220720      19.689162   0.00 4.050000   1 0 0
Mo1  Te4        7.176944        0.220720      19.689162   0.00 4.050000   1 0 0
Mo1  Mo1        2.292975        0.579316      18.432327   0.00 4.770000   1 0 0
Mo2  Te1        4.514561        0.484643      14.836896   0.00 4.250000   1 0 0
Mo2  Te2        4.514561        0.484643      14.836896   0.00 4.250000   1 0 0
Mo2  Te3        7.176944        0.220720      19.689162   0.00 4.050000   1 0 0
Mo2  Te4        7.176944        0.220720      19.689162   0.00 4.050000   1 0 0
Mo2  Mo2        2.292975        0.579316      18.432327   0.00 4.770000   1 0 0


sw3
Mo2 Te1 Te3    54.209626  84.0500      0.989077      1.319388  0.0 3.55   0.0 3.55   0.0 3.90  1  0  0  0
Mo2 Te1 Te4    54.209626  98.0500      0.989077      1.319388  0.0 3.55   0.0 3.55   0.0 3.90  1  0  0  0
Mo2 Te2 Te3    54.209626 156.5000      0.989077      1.319388  0.0 3.55   0.0 3.55   0.0 3.90  1  0  0  0
Mo2 Te2 Te4    54.209626  82.5000      0.989077      1.319388  0.0 3.55   0.0 3.55   0.0 3.90  1  0  0  0
Mo2 Te1 Te2    32.883973  77.4500      1.418951      1.418951  0.0 3.55   0.0 3.55   0.0 5.50  1  0  0  0
Mo2 Te1 Te1    32.883973  76.7500      1.418951      1.418951  0.0 3.55   0.0 3.55   0.0 5.50  1  0  0  0
Mo2 Te4 Te4    11.059705  80.1500      1.523549      1.523549  0.0 3.55   0.0 3.55   0.0 5.50  1  0  0  0
Mo2 Te3 Te4    11.059705 115.7500      1.523549      1.523549  0.0 3.55   0.0 3.55   0.0 5.50  1  0  0  0
Te1 Mo2 Mo2    19.030683  76.0400      4.877733      4.877733  0.0 3.55   0.0 3.55   0.0 3.25  1  0  0  0
Te4 Mo2 Mo2    12.126793  80.1400      5.836752      5.836752  0.0 3.55   0.0 3.55   0.0 3.25  1  0  0  0
Mo1 Te1 Te3    54.209626  82.5000      0.989077      1.319388  0.0 3.55   0.0 3.55   0.0 3.90  1  0  0  0
Mo1 Te1 Te4    54.209626 156.5000      0.989077      1.319388  0.0 3.55   0.0 3.55   0.0 3.90  1  0  0  0
Mo1 Te2 Te3    54.209626  98.0500      0.989077      1.319388  0.0 3.55   0.0 3.55   0.0 3.90  1  0  0  0
Mo1 Te2 Te4    54.209626  84.0500      0.989077      1.319388  0.0 3.55   0.0 3.55   0.0 3.90  1  0  0  0
Mo1 Te1 Te2    32.883973  77.4500      1.418951      1.418951  0.0 3.55   0.0 3.55   0.0 5.50  1  0  0  0
Mo1 Te2 Te2    32.883973  76.7500      1.418951      1.418951  0.0 3.55   0.0 3.55   0.0 5.50  1  0  0  0
Mo1 Te3 Te3    11.059705  80.1500      1.523549      1.523549  0.0 3.55   0.0 3.55   0.0 5.50  1  0  0  0
Mo1 Te3 Te4    11.059705 115.7500      1.523549      1.523549  0.0 3.55   0.0 3.55   0.0 5.50  1  0  0  0
Te2 Mo1 Mo1    19.030683  76.0400      4.877733      4.877733  0.0 3.55   0.0 3.55   0.0 3.25  1  0  0  0
Te3 Mo1 Mo1    12.126793  80.1400      5.836752      5.836752  0.0 3.55   0.0 3.55   0.0 3.25  1  0  0  0
