sw2
Te1  Te3        3.400260        2.141970      29.038291   0.00 5.500000   1 0 0
Te1  Te4        3.400260        2.141970      29.038291   0.00 5.500000   1 0 0
Te2  Te3        3.400260        2.141970      29.038291   0.00 5.500000   1 0 0
Te2  Te4        3.400260        2.141970      29.038291   0.00 5.500000   1 0 0
Te1  Te1        4.403697        2.390785      38.030570   0.00 5.500000   1 0 0
Te1  Te2        4.403697        2.390785      38.030570   0.00 5.500000   1 0 0
Te2  Te2        4.403697        2.390785      38.030570   0.00 5.500000   1 0 0
Te3  Te3        2.123049        1.778245      59.181506   0.00 5.500000   1 0 0
Te3  Te4        2.123049        1.778245      59.181506   0.00 5.500000   1 0 0
Te4  Te4        2.123049        1.778245      59.181506   0.00 5.500000   1 0 0
Mo1  Te1        3.876668        0.215475      19.982286   0.00 4.250000   1 0 0
Mo1  Te2        3.876668        0.215475      19.982286   0.00 4.250000   1 0 0
Mo1  Te3        6.996838        0.144268      14.814032   0.00 4.050000   1 0 0
Mo1  Te4        6.996838        0.144268      14.814032   0.00 4.050000   1 0 0
Mo1  Mo1        1.725578        0.379829      14.932100   0.00 4.770000   1 0 0
Mo2  Te1        3.876668        0.215475      19.982286   0.00 4.250000   1 0 0
Mo2  Te2        3.876668        0.215475      19.982286   0.00 4.250000   1 0 0
Mo2  Te3        6.996838        0.144268      14.814032   0.00 4.050000   1 0 0
Mo2  Te4        6.996838        0.144268      14.814032   0.00 4.050000   1 0 0
Mo2  Mo2        1.725578        0.379829      14.932100   0.00 4.770000   1 0 0


sw3
Mo2 Te1 Te3    47.249421  84.0500      1.078134      1.270181  0.0 3.55   0.0 3.55   0.0 3.90  1  0  0  0
Mo2 Te1 Te4    47.249421  98.0500      1.078134      1.270181  0.0 3.55   0.0 3.55   0.0 3.90  1  0  0  0
Mo2 Te2 Te3    47.249421 156.5000      1.078134      1.270181  0.0 3.55   0.0 3.55   0.0 3.90  1  0  0  0
Mo2 Te2 Te4    47.249421  82.5000      1.078134      1.270181  0.0 3.55   0.0 3.55   0.0 3.90  1  0  0  0
Mo2 Te1 Te2    53.812165  77.4500      1.154815      1.154815  0.0 3.55   0.0 3.55   0.0 5.50  1  0  0  0
Mo2 Te1 Te1    53.812165  76.7500      1.154815      1.154815  0.0 3.55   0.0 3.55   0.0 5.50  1  0  0  0
Mo2 Te4 Te4    22.497492  80.1500      1.296797      1.296797  0.0 3.55   0.0 3.55   0.0 5.50  1  0  0  0
Mo2 Te3 Te4    22.497492 115.7500      1.296797      1.296797  0.0 3.55   0.0 3.55   0.0 5.50  1  0  0  0
Te1 Mo2 Mo2    12.787050  76.0400      3.535460      3.535460  0.0 3.55   0.0 3.55   0.0 3.25  1  0  0  0
Te4 Mo2 Mo2    17.636620  80.1400      5.309556      5.309556  0.0 3.55   0.0 3.55   0.0 3.25  1  0  0  0
Mo1 Te1 Te3    47.249421  82.5000      1.078134      1.270181  0.0 3.55   0.0 3.55   0.0 3.90  1  0  0  0
Mo1 Te1 Te4    47.249421 156.5000      1.078134      1.270181  0.0 3.55   0.0 3.55   0.0 3.90  1  0  0  0
Mo1 Te2 Te3    47.249421  98.0500      1.078134      1.270181  0.0 3.55   0.0 3.55   0.0 3.90  1  0  0  0
Mo1 Te2 Te4    47.249421  84.0500      1.078134      1.270181  0.0 3.55   0.0 3.55   0.0 3.90  1  0  0  0
Mo1 Te1 Te2    53.812165  77.4500      1.154815      1.154815  0.0 3.55   0.0 3.55   0.0 5.50  1  0  0  0
Mo1 Te2 Te2    53.812165  76.7500      1.154815      1.154815  0.0 3.55   0.0 3.55   0.0 5.50  1  0  0  0
Mo1 Te3 Te3    22.497492  80.1500      1.296797      1.296797  0.0 3.55   0.0 3.55   0.0 5.50  1  0  0  0
Mo1 Te3 Te4    22.497492 115.7500      1.296797      1.296797  0.0 3.55   0.0 3.55   0.0 5.50  1  0  0  0
Te2 Mo1 Mo1    12.787050  76.0400      3.535460      3.535460  0.0 3.55   0.0 3.55   0.0 3.25  1  0  0  0
Te3 Mo1 Mo1    17.636620  80.1400      5.309556      5.309556  0.0 3.55   0.0 3.55   0.0 3.25  1  0  0  0
