sw2
Te1  Te3        1.561732        1.430922      29.035079   0.00 5.500000   1 0 0
Te1  Te4        1.561732        1.430922      29.035079   0.00 5.500000   1 0 0
Te2  Te3        1.561732        1.430922      29.035079   0.00 5.500000   1 0 0
Te2  Te4        1.561732        1.430922      29.035079   0.00 5.500000   1 0 0
Te1  Te1        5.958451        2.567543      34.367844   0.00 5.500000   1 0 0
Te1  Te2        5.958451        2.567543      34.367844   0.00 5.500000   1 0 0
Te2  Te2        5.958451        2.567543      34.367844   0.00 5.500000   1 0 0
Te3  Te3        4.706706        1.641845      48.247312   0.00 5.500000   1 0 0
Te3  Te4        4.706706        1.641845      48.247312   0.00 5.500000   1 0 0
Te4  Te4        4.706706        1.641845      48.247312   0.00 5.500000   1 0 0
Mo1  Te1        4.627424        0.846098      16.116995   0.00 4.250000   1 0 0
Mo1  Te2        4.627424        0.846098      16.116995   0.00 4.250000   1 0 0
Mo1  Te3        4.378217        0.637442      15.840940   0.00 4.050000   1 0 0
Mo1  Te4        4.378217        0.637442      15.840940   0.00 4.050000   1 0 0
Mo1  Mo1        2.634558        0.974370      19.177899   0.00 4.770000   1 0 0
Mo2  Te1        4.627424        0.846098      16.116995   0.00 4.250000   1 0 0
Mo2  Te2        4.627424        0.846098      16.116995   0.00 4.250000   1 0 0
Mo2  Te3        4.378217        0.637442      15.840940   0.00 4.050000   1 0 0
Mo2  Te4        4.378217        0.637442      15.840940   0.00 4.050000   1 0 0
Mo2  Mo2        2.634558        0.974370      19.177899   0.00 4.770000   1 0 0


sw3
Mo2 Te1 Te3    48.214117  84.0500      1.360650      1.592791  0.0 3.55   0.0 3.55   0.0 3.90  1  0  0  0
Mo2 Te1 Te4    48.214117  98.0500      1.360650      1.592791  0.0 3.55   0.0 3.55   0.0 3.90  1  0  0  0
Mo2 Te2 Te3    48.214117 156.5000      1.360650      1.592791  0.0 3.55   0.0 3.55   0.0 3.90  1  0  0  0
Mo2 Te2 Te4    48.214117  82.5000      1.360650      1.592791  0.0 3.55   0.0 3.55   0.0 3.90  1  0  0  0
Mo2 Te1 Te2    54.560869  77.4500      1.214516      1.214516  0.0 3.55   0.0 3.55   0.0 5.50  1  0  0  0
Mo2 Te1 Te1    54.560869  76.7500      1.214516      1.214516  0.0 3.55   0.0 3.55   0.0 5.50  1  0  0  0
Mo2 Te4 Te4    10.035311  80.1500      3.247222      3.247222  0.0 3.55   0.0 3.55   0.0 5.50  1  0  0  0
Mo2 Te3 Te4    10.035311 115.7500      3.247222      3.247222  0.0 3.55   0.0 3.55   0.0 5.50  1  0  0  0
Te1 Mo2 Mo2    16.004896  76.0400      4.708187      4.708187  0.0 3.55   0.0 3.55   0.0 3.25  1  0  0  0
Te4 Mo2 Mo2    14.771304  80.1400      4.067816      4.067816  0.0 3.55   0.0 3.55   0.0 3.25  1  0  0  0
Mo1 Te1 Te3    48.214117  82.5000      1.360650      1.592791  0.0 3.55   0.0 3.55   0.0 3.90  1  0  0  0
Mo1 Te1 Te4    48.214117 156.5000      1.360650      1.592791  0.0 3.55   0.0 3.55   0.0 3.90  1  0  0  0
Mo1 Te2 Te3    48.214117  98.0500      1.360650      1.592791  0.0 3.55   0.0 3.55   0.0 3.90  1  0  0  0
Mo1 Te2 Te4    48.214117  84.0500      1.360650      1.592791  0.0 3.55   0.0 3.55   0.0 3.90  1  0  0  0
Mo1 Te1 Te2    54.560869  77.4500      1.214516      1.214516  0.0 3.55   0.0 3.55   0.0 5.50  1  0  0  0
Mo1 Te2 Te2    54.560869  76.7500      1.214516      1.214516  0.0 3.55   0.0 3.55   0.0 5.50  1  0  0  0
Mo1 Te3 Te3    10.035311  80.1500      3.247222      3.247222  0.0 3.55   0.0 3.55   0.0 5.50  1  0  0  0
Mo1 Te3 Te4    10.035311 115.7500      3.247222      3.247222  0.0 3.55   0.0 3.55   0.0 5.50  1  0  0  0
Te2 Mo1 Mo1    16.004896  76.0400      4.708187      4.708187  0.0 3.55   0.0 3.55   0.0 3.25  1  0  0  0
Te3 Mo1 Mo1    14.771304  80.1400      4.067816      4.067816  0.0 3.55   0.0 3.55   0.0 3.25  1  0  0  0
