sw2
Te1  Te3        2.340259        1.250739      33.456909   0.00 5.500000   1 0 0
Te1  Te4        2.340259        1.250739      33.456909   0.00 5.500000   1 0 0
Te2  Te3        2.340259        1.250739      33.456909   0.00 5.500000   1 0 0
Te2  Te4        2.340259        1.250739      33.456909   0.00 5.500000   1 0 0
Te1  Te1        4.372139        1.373034      39.293745   0.00 5.500000   1 0 0
Te1  Te2        4.372139        1.373034      39.293745   0.00 5.500000   1 0 0
Te2  Te2        4.372139        1.373034      39.293745   0.00 5.500000   1 0 0
Te3  Te3        3.637503        1.009271      58.474314   0.00 5.500000   1 0 0
Te3  Te4        3.637503        1.009271      58.474314   0.00 5.500000   1 0 0
Te4  Te4        3.637503        1.009271      58.474314   0.00 5.500000   1 0 0
Mo1  Te1        3.043345        0.845095      15.596305   0.00 4.250000   1 0 0
Mo1  Te2        3.043345        0.845095      15.596305   0.00 4.250000   1 0 0
Mo1  Te3        6.850607        0.217363      17.947701   0.00 4.050000   1 0 0
Mo1  Te4        6.850607        0.217363      17.947701   0.00 4.050000   1 0 0
Mo1  Mo1        3.214281        0.413262      13.261045   0.00 4.770000   1 0 0
Mo2  Te1        3.043345        0.845095      15.596305   0.00 4.250000   1 0 0
Mo2  Te2        3.043345        0.845095      15.596305   0.00 4.250000   1 0 0
Mo2  Te3        6.850607        0.217363      17.947701   0.00 4.050000   1 0 0
Mo2  Te4        6.850607        0.217363      17.947701   0.00 4.050000   1 0 0
Mo2  Mo2        3.214281        0.413262      13.261045   0.00 4.770000   1 0 0


sw3
Mo2 Te1 Te3    53.542456  84.0500      1.088009      1.804869  0.0 3.55   0.0 3.55   0.0 3.90  1  0  0  0
Mo2 Te1 Te4    53.542456  98.0500      1.088009      1.804869  0.0 3.55   0.0 3.55   0.0 3.90  1  0  0  0
Mo2 Te2 Te3    53.542456 156.5000      1.088009      1.804869  0.0 3.55   0.0 3.55   0.0 3.90  1  0  0  0
Mo2 Te2 Te4    53.542456  82.5000      1.088009      1.804869  0.0 3.55   0.0 3.55   0.0 3.90  1  0  0  0
Mo2 Te1 Te2    32.618086  77.4500      0.932305      0.932305  0.0 3.55   0.0 3.55   0.0 5.50  1  0  0  0
Mo2 Te1 Te1    32.618086  76.7500      0.932305      0.932305  0.0 3.55   0.0 3.55   0.0 5.50  1  0  0  0
Mo2 Te4 Te4    14.670262  80.1500      2.303889      2.303889  0.0 3.55   0.0 3.55   0.0 5.50  1  0  0  0
Mo2 Te3 Te4    14.670262 115.7500      2.303889      2.303889  0.0 3.55   0.0 3.55   0.0 5.50  1  0  0  0
Te1 Mo2 Mo2     5.369390  76.0400      3.178992      3.178992  0.0 3.55   0.0 3.55   0.0 3.25  1  0  0  0
Te4 Mo2 Mo2    17.324008  80.1400      4.596413      4.596413  0.0 3.55   0.0 3.55   0.0 3.25  1  0  0  0
Mo1 Te1 Te3    53.542456  82.5000      1.088009      1.804869  0.0 3.55   0.0 3.55   0.0 3.90  1  0  0  0
Mo1 Te1 Te4    53.542456 156.5000      1.088009      1.804869  0.0 3.55   0.0 3.55   0.0 3.90  1  0  0  0
Mo1 Te2 Te3    53.542456  98.0500      1.088009      1.804869  0.0 3.55   0.0 3.55   0.0 3.90  1  0  0  0
Mo1 Te2 Te4    53.542456  84.0500      1.088009      1.804869  0.0 3.55   0.0 3.55   0.0 3.90  1  0  0  0
Mo1 Te1 Te2    32.618086  77.4500      0.932305      0.932305  0.0 3.55   0.0 3.55   0.0 5.50  1  0  0  0
Mo1 Te2 Te2    32.618086  76.7500      0.932305      0.932305  0.0 3.55   0.0 3.55   0.0 5.50  1  0  0  0
Mo1 Te3 Te3    14.670262  80.1500      2.303889      2.303889  0.0 3.55   0.0 3.55   0.0 5.50  1  0  0  0
Mo1 Te3 Te4    14.670262 115.7500      2.303889      2.303889  0.0 3.55   0.0 3.55   0.0 5.50  1  0  0  0
Te2 Mo1 Mo1     5.369390  76.0400      3.178992      3.178992  0.0 3.55   0.0 3.55   0.0 3.25  1  0  0  0
Te3 Mo1 Mo1    17.324008  80.1400      4.596413      4.596413  0.0 3.55   0.0 3.55   0.0 3.25  1  0  0  0
