sw2
Te1  Te3        3.069905        1.233953      29.994516   0.00 5.500000   1 0 0
Te1  Te4        3.069905        1.233953      29.994516   0.00 5.500000   1 0 0
Te2  Te3        3.069905        1.233953      29.994516   0.00 5.500000   1 0 0
Te2  Te4        3.069905        1.233953      29.994516   0.00 5.500000   1 0 0
Te1  Te1        6.899148        3.412121      34.195144   0.00 5.500000   1 0 0
Te1  Te2        6.899148        3.412121      34.195144   0.00 5.500000   1 0 0
Te2  Te2        6.899148        3.412121      34.195144   0.00 5.500000   1 0 0
Te3  Te3        3.647838        3.447156      59.265121   0.00 5.500000   1 0 0
Te3  Te4        3.647838        3.447156      59.265121   0.00 5.500000   1 0 0
Te4  Te4        3.647838        3.447156      59.265121   0.00 5.500000   1 0 0
Mo1  Te1        4.514561        0.484643      19.955353   0.00 4.250000   1 0 0
Mo1  Te2        4.514561        0.484643      19.955353   0.00 4.250000   1 0 0
Mo1  Te3        7.161338        0.193434      19.689162   0.00 4.050000   1 0 0
Mo1  Te4        7.161338        0.193434      19.689162   0.00 4.050000   1 0 0
Mo1  Mo1        2.292975        0.579316      14.013830   0.00 4.770000   1 0 0
Mo2  Te1        4.514561        0.484643      19.955353   0.00 4.250000   1 0 0
Mo2  Te2        4.514561        0.484643      19.955353   0.00 4.250000   1 0 0
Mo2  Te3        7.161338        0.193434      19.689162   0.00 4.050000   1 0 0
Mo2  Te4        7.161338        0.193434      19.689162   0.00 4.050000   1 0 0
Mo2  Mo2        2.292975        0.579316      14.013830   0.00 4.770000   1 0 0


sw3
Mo2 Te1 Te3    54.209626  84.0500      0.987622      1.319388  0.0 3.55   0.0 3.55   0.0 3.90  1  0  0  0
Mo2 Te1 Te4    54.209626  98.0500      0.987622      1.319388  0.0 3.55   0.0 3.55   0.0 3.90  1  0  0  0
Mo2 Te2 Te3    54.209626 156.5000      0.987622      1.319388  0.0 3.55   0.0 3.55   0.0 3.90  1  0  0  0
Mo2 Te2 Te4    54.209626  82.5000      0.987622      1.319388  0.0 3.55   0.0 3.55   0.0 3.90  1  0  0  0
Mo2 Te1 Te2    34.178058  77.4500      0.606888      0.606888  0.0 3.55   0.0 3.55   0.0 5.50  1  0  0  0
Mo2 Te1 Te1    34.178058  76.7500      0.606888      0.606888  0.0 3.55   0.0 3.55   0.0 5.50  1  0  0  0
Mo2 Te4 Te4    22.349357  80.1500      1.939274      1.939274  0.0 3.55   0.0 3.55   0.0 5.50  1  0  0  0
Mo2 Te3 Te4    22.349357 115.7500      1.939274      1.939274  0.0 3.55   0.0 3.55   0.0 5.50  1  0  0  0
Te1 Mo2 Mo2    19.030683  76.0400      4.877733      4.877733  0.0 3.55   0.0 3.55   0.0 3.25  1  0  0  0
Te4 Mo2 Mo2    12.113624  80.1400      5.827241      5.827241  0.0 3.55   0.0 3.55   0.0 3.25  1  0  0  0
Mo1 Te1 Te3    54.209626  82.5000      0.987622      1.319388  0.0 3.55   0.0 3.55   0.0 3.90  1  0  0  0
Mo1 Te1 Te4    54.209626 156.5000      0.987622      1.319388  0.0 3.55   0.0 3.55   0.0 3.90  1  0  0  0
Mo1 Te2 Te3    54.209626  98.0500      0.987622      1.319388  0.0 3.55   0.0 3.55   0.0 3.90  1  0  0  0
Mo1 Te2 Te4    54.209626  84.0500      0.987622      1.319388  0.0 3.55   0.0 3.55   0.0 3.90  1  0  0  0
Mo1 Te1 Te2    34.178058  77.4500      0.606888      0.606888  0.0 3.55   0.0 3.55   0.0 5.50  1  0  0  0
Mo1 Te2 Te2    34.178058  76.7500      0.606888      0.606888  0.0 3.55   0.0 3.55   0.0 5.50  1  0  0  0
Mo1 Te3 Te3    22.349357  80.1500      1.939274      1.939274  0.0 3.55   0.0 3.55   0.0 5.50  1  0  0  0
Mo1 Te3 Te4    22.349357 115.7500      1.939274      1.939274  0.0 3.55   0.0 3.55   0.0 5.50  1  0  0  0
Te2 Mo1 Mo1    19.030683  76.0400      4.877733      4.877733  0.0 3.55   0.0 3.55   0.0 3.25  1  0  0  0
Te3 Mo1 Mo1    12.113624  80.1400      5.827241      5.827241  0.0 3.55   0.0 3.55   0.0 3.25  1  0  0  0
