sw2
Te1  Te3        2.886102        1.365383      33.460906   0.00 5.500000   1 0 0
Te1  Te4        2.886102        1.365383      33.460906   0.00 5.500000   1 0 0
Te2  Te3        2.886102        1.365383      33.460906   0.00 5.500000   1 0 0
Te2  Te4        2.886102        1.365383      33.460906   0.00 5.500000   1 0 0
Te1  Te1        3.486319        2.449637      33.566679   0.00 5.500000   1 0 0
Te1  Te2        3.486319        2.449637      33.566679   0.00 5.500000   1 0 0
Te2  Te2        3.486319        2.449637      33.566679   0.00 5.500000   1 0 0
Te3  Te3        4.240670        3.575610      48.150155   0.00 5.500000   1 0 0
Te3  Te4        4.240670        3.575610      48.150155   0.00 5.500000   1 0 0
Te4  Te4        4.240670        3.575610      48.150155   0.00 5.500000   1 0 0
Mo1  Te1        4.413140        0.840886      16.571610   0.00 4.250000   1 0 0
Mo1  Te2        4.413140        0.840886      16.571610   0.00 4.250000   1 0 0
Mo1  Te3        8.339823        0.821619      13.299193   0.00 4.050000   1 0 0
Mo1  Te4        8.339823        0.821619      13.299193   0.00 4.050000   1 0 0
Mo1  Mo1        3.309085        0.807641      13.960168   0.00 4.770000   1 0 0
Mo2  Te1        4.413140        0.840886      16.571610   0.00 4.250000   1 0 0
Mo2  Te2        4.413140        0.840886      16.571610   0.00 4.250000   1 0 0
Mo2  Te3        8.339823        0.821619      13.299193   0.00 4.050000   1 0 0
Mo2  Te4        8.339823        0.821619      13.299193   0.00 4.050000   1 0 0
Mo2  Mo2        3.309085        0.807641      13.960168   0.00 4.770000   1 0 0


sw3
Mo2 Te1 Te3    52.436716  84.0500      1.117914      1.281699  0.0 3.55   0.0 3.55   0.0 3.90  1  0  0  0
Mo2 Te1 Te4    52.436716  98.0500      1.117914      1.281699  0.0 3.55   0.0 3.55   0.0 3.90  1  0  0  0
Mo2 Te2 Te3    52.436716 156.5000      1.117914      1.281699  0.0 3.55   0.0 3.55   0.0 3.90  1  0  0  0
Mo2 Te2 Te4    52.436716  82.5000      1.117914      1.281699  0.0 3.55   0.0 3.55   0.0 3.90  1  0  0  0
Mo2 Te1 Te2    34.865744  77.4500      0.674627      0.674627  0.0 3.55   0.0 3.55   0.0 5.50  1  0  0  0
Mo2 Te1 Te1    34.865744  76.7500      0.674627      0.674627  0.0 3.55   0.0 3.55   0.0 5.50  1  0  0  0
Mo2 Te4 Te4    22.035967  80.1500      1.823472      1.823472  0.0 3.55   0.0 3.55   0.0 5.50  1  0  0  0
Mo2 Te3 Te4    22.035967 115.7500      1.823472      1.823472  0.0 3.55   0.0 3.55   0.0 5.50  1  0  0  0
Te1 Mo2 Mo2    13.627586  76.0400      4.473036      4.473036  0.0 3.55   0.0 3.55   0.0 3.25  1  0  0  0
Te4 Mo2 Mo2    12.033341  80.1400      4.784011      4.784011  0.0 3.55   0.0 3.55   0.0 3.25  1  0  0  0
Mo1 Te1 Te3    52.436716  82.5000      1.117914      1.281699  0.0 3.55   0.0 3.55   0.0 3.90  1  0  0  0
Mo1 Te1 Te4    52.436716 156.5000      1.117914      1.281699  0.0 3.55   0.0 3.55   0.0 3.90  1  0  0  0
Mo1 Te2 Te3    52.436716  98.0500      1.117914      1.281699  0.0 3.55   0.0 3.55   0.0 3.90  1  0  0  0
Mo1 Te2 Te4    52.436716  84.0500      1.117914      1.281699  0.0 3.55   0.0 3.55   0.0 3.90  1  0  0  0
Mo1 Te1 Te2    34.865744  77.4500      0.674627      0.674627  0.0 3.55   0.0 3.55   0.0 5.50  1  0  0  0
Mo1 Te2 Te2    34.865744  76.7500      0.674627      0.674627  0.0 3.55   0.0 3.55   0.0 5.50  1  0  0  0
Mo1 Te3 Te3    22.035967  80.1500      1.823472      1.823472  0.0 3.55   0.0 3.55   0.0 5.50  1  0  0  0
Mo1 Te3 Te4    22.035967 115.7500      1.823472      1.823472  0.0 3.55   0.0 3.55   0.0 5.50  1  0  0  0
Te2 Mo1 Mo1    13.627586  76.0400      4.473036      4.473036  0.0 3.55   0.0 3.55   0.0 3.25  1  0  0  0
Te3 Mo1 Mo1    12.033341  80.1400      4.784011      4.784011  0.0 3.55   0.0 3.55   0.0 3.25  1  0  0  0
