sw2
Te1  Te3        3.476631        1.618147      32.894280   0.00 5.500000   1 0 0
Te1  Te4        3.476631        1.618147      32.894280   0.00 5.500000   1 0 0
Te2  Te3        3.476631        1.618147      32.894280   0.00 5.500000   1 0 0
Te2  Te4        3.476631        1.618147      32.894280   0.00 5.500000   1 0 0
Te1  Te1        6.997757        3.684378      30.663274   0.00 5.500000   1 0 0
Te1  Te2        6.997757        3.684378      30.663274   0.00 5.500000   1 0 0
Te2  Te2        6.997757        3.684378      30.663274   0.00 5.500000   1 0 0
Te3  Te3        4.899270        3.117308      58.776772   0.00 5.500000   1 0 0
Te3  Te4        4.899270        3.117308      58.776772   0.00 5.500000   1 0 0
Te4  Te4        4.899270        3.117308      58.776772   0.00 5.500000   1 0 0
Mo1  Te1        2.970704        0.893935      16.831070   0.00 4.250000   1 0 0
Mo1  Te2        2.970704        0.893935      16.831070   0.00 4.250000   1 0 0
Mo1  Te3        7.252041        0.793782      19.972499   0.00 4.050000   1 0 0
Mo1  Te4        7.252041        0.793782      19.972499   0.00 4.050000   1 0 0
Mo1  Mo1        3.245485        0.489031      12.972289   0.00 4.770000   1 0 0
Mo2  Te1        2.970704        0.893935      16.831070   0.00 4.250000   1 0 0
Mo2  Te2        2.970704        0.893935      16.831070   0.00 4.250000   1 0 0
Mo2  Te3        7.252041        0.793782      19.972499   0.00 4.050000   1 0 0
Mo2  Te4        7.252041        0.793782      19.972499   0.00 4.050000   1 0 0
Mo2  Mo2        3.245485        0.489031      12.972289   0.00 4.770000   1 0 0


sw3
Mo2 Te1 Te3    39.001231  84.0500      0.999254      1.023573  0.0 3.55   0.0 3.55   0.0 3.90  1  0  0  0
Mo2 Te1 Te4    39.001231  98.0500      0.999254      1.023573  0.0 3.55   0.0 3.55   0.0 3.90  1  0  0  0
Mo2 Te2 Te3    39.001231 156.5000      0.999254      1.023573  0.0 3.55   0.0 3.55   0.0 3.90  1  0  0  0
Mo2 Te2 Te4    39.001231  82.5000      0.999254      1.023573  0.0 3.55   0.0 3.55   0.0 3.90  1  0  0  0
Mo2 Te1 Te2    51.320044  77.4500      1.395548      1.395548  0.0 3.55   0.0 3.55   0.0 5.50  1  0  0  0
Mo2 Te1 Te1    51.320044  76.7500      1.395548      1.395548  0.0 3.55   0.0 3.55   0.0 5.50  1  0  0  0
Mo2 Te4 Te4    11.759747  80.1500      3.664455      3.664455  0.0 3.55   0.0 3.55   0.0 5.50  1  0  0  0
Mo2 Te3 Te4    11.759747 115.7500      3.664455      3.664455  0.0 3.55   0.0 3.55   0.0 5.50  1  0  0  0
Te1 Mo2 Mo2    14.627302  76.0400      4.121329      4.121329  0.0 3.55   0.0 3.55   0.0 3.25  1  0  0  0
Te4 Mo2 Mo2    13.437969  80.1400      4.942411      4.942411  0.0 3.55   0.0 3.55   0.0 3.25  1  0  0  0
Mo1 Te1 Te3    39.001231  82.5000      0.999254      1.023573  0.0 3.55   0.0 3.55   0.0 3.90  1  0  0  0
Mo1 Te1 Te4    39.001231 156.5000      0.999254      1.023573  0.0 3.55   0.0 3.55   0.0 3.90  1  0  0  0
Mo1 Te2 Te3    39.001231  98.0500      0.999254      1.023573  0.0 3.55   0.0 3.55   0.0 3.90  1  0  0  0
Mo1 Te2 Te4    39.001231  84.0500      0.999254      1.023573  0.0 3.55   0.0 3.55   0.0 3.90  1  0  0  0
Mo1 Te1 Te2    51.320044  77.4500      1.395548      1.395548  0.0 3.55   0.0 3.55   0.0 5.50  1  0  0  0
Mo1 Te2 Te2    51.320044  76.7500      1.395548      1.395548  0.0 3.55   0.0 3.55   0.0 5.50  1  0  0  0
Mo1 Te3 Te3    11.759747  80.1500      3.664455      3.664455  0.0 3.55   0.0 3.55   0.0 5.50  1  0  0  0
Mo1 Te3 Te4    11.759747 115.7500      3.664455      3.664455  0.0 3.55   0.0 3.55   0.0 5.50  1  0  0  0
Te2 Mo1 Mo1    14.627302  76.0400      4.121329      4.121329  0.0 3.55   0.0 3.55   0.0 3.25  1  0  0  0
Te3 Mo1 Mo1    13.437969  80.1400      4.942411      4.942411  0.0 3.55   0.0 3.55   0.0 3.25  1  0  0  0
