0.017462457312416024 0.8634376384125737 65.58115484442376 0.1339261577926697 0.15023675028353906 0.1246422048504094
0.012288010279716488 0.03404500610415262 33.91620270966358 0.5186232908730246 0.11135448065467515 0.06919117378366195
0.30655011525195297 0.4324544250476645 1.251464169649239 0.4359935263473363 0.46428932401037004 0.05765784507343089
0.0010342225050874454 0.16840238987377276 88.62567093504653 0.1861524190341844 0.13171555167118296 0.09262005659356252
0.154493010299102 0.6975557131995052 51.77019234559772 0.06507896216531632 0.07967947546040453 0.09721923962778335
1.5638568180148402 4.507238621380682 5350.586895777751 2.1746972962284055 0.07338069960027907 0.04440673729035282
0.2663469982550257 0.3139417738997716 18.21091287881177 0.4294111716491968 0.4862296915506995 0.05733517719333719
1.5257237397701255 2.171221847569326 2619.1945887889765 0.8757298889839117 0.057790353857800805 0.0921574314556577
1.3225756047128092 3.0944893021300452 3327.1066038889044 0.9205786925408396 0.06318955424998522 0.07750591112322838
1.4115192257621763 2.018258780575339 4340.5005775946165 0.9175251928080974 0.08455891688521197 0.05383887134132741
1.464189490024641 2.8047377304930627 1704.4581587179525 1.121231035692136 0.09359391057783774 0.057151096115945224
0.0027320013155476275 0.637916776534051 70.69864151209735 0.165766924948756 0.25681323199093903 0.11720940765687923
1.339445997801287 2.6652928864822623 3419.0716624930565 0.7789712604589696 0.07556127128236824 0.05498088179350166
0.1883691095515121 0.843047087085516 10.424787766342178 1.2079486651899705 0.09391574808207503 0.05954518612612491
0.2039615226779925 0.9890192376360885 19.14995893738012 0.07906936863991107 0.10136095857216261 0.051055422183483856
0.012290508526015653 0.5305113605197631 66.56078168661419 0.18414746009002936 0.2410323383373223 0.10931833264588202
0.04880300689342576 2.2026997988394976 13.733541950608497 0.06863415629704024 0.1659949600500267 0.06685014203944807
0.016710560371688388 0.5573024538614186 58.52000542167502 0.15110106302161525 0.18883311367049926 0.10458180724169255
0.13936299491588278 0.7858297069533933 25.93801236534003 0.19990867868846018 0.25139936525187945 0.060942485698366
0.07008700569081894 0.7630055021046136 16.249472350436662 0.12990454073758473 0.11458198386882361 0.08041182541997534
0.02320200403605588 0.6460778299308307 60.1066821167645 0.1470142821816657 0.233797429144704 0.09939054832118656
0.07754299233424167 0.9409865944852518 67.15880022350753 0.11996924316018177 0.15631010881007198 0.08442636537506706
0.030188010246894326 0.6791023224170782 74.05275459115249 0.1550081383149704 0.1058454411044534 0.07019017241890604
0.11780519801922873 0.5493421917869599 5.437857421732275 0.09575091361772686 0.13875110925931927 0.09405280552133136
0.08657416074685154 0.23365507147841846 33.6564688738726 0.17473820539748294 0.1470784337926832 0.09713654761827546
0.020727010242565846 0.04005837927356559 31.110387594158908 0.45613807645473786 0.1254465770314405 0.09020311261302069
0.017469538981333965 0.8633908205105749 65.58238797801003 0.13392173724798342 0.1502323030547792 0.12463892326182135
0.013981006086202452 0.11972835224485578 40.829050894087345 0.3312003526718993 0.06968208586898778 0.059538331196780994
0.15506501029069142 0.8087211933817073 45.70844076913387 0.06583362952478981 0.08060715068022013 0.0652965350626922
0.00603399646671221 0.6236800243338063 70.20355549182536 0.14854195291027966 0.21303743288064603 0.09332505179881213
0.03997499272381466 0.1309172221111874 46.63223054359342 0.34114333710280204 0.07658456829303217 0.057732170235706426
0.0317130021761467 0.5647111689747 63.1105196702935 0.13976742279704027 0.2073011110610575 0.08863052721703218
