1.6030941308619633 5.5014362418532095 2.1944277729655424 3.700332985283022 8.634999895917804 2.2444226803093548 3.081225698996834 2.359541097811512 2.2135200867840767 0.4069788369434184 0.881722266147388 0.12426832601307825 33.337519137639575 37.556864993398165 59.583315086269536 14.84507798011676 18.152308651619506 18.471858878642372 52.3611042716747 52.46645424163778 23.63753364660132 16.717545526385337 12.396175174891725 1.496717553422037 1.4008779986292155 1.401086398605743 3.3403159912810843 5.856968516892267 1.547836898709181
1.862278630292727 5.958450676475351 4.70670568746468 4.632000322699699 5.179195792291984 2.634557869558796 1.429861389664325 2.569075104593678 1.6398812529687257 0.6101125283417763 0.6374424321185013 0.9743700121912108 29.105320148429865 34.62399006725295 48.24731189487946 16.116994592670906 15.829210668094536 19.177898849501254 48.214117339391876 54.56086862521407 10.035220074711177 16.44413083734994 16.42152362004056 1.360650453189336 1.2145155897875353 3.247222159183028 4.708442527903831 4.069523947621182 1.5927910277208692
2.340258677044493 4.372138635072018 3.63750348998789 3.0433452688515032 6.850607139909523 3.2142808569476524 1.2507386994727319 1.3730337001683086 1.009270845566391 0.8450954498692884 0.2173634091146089 0.4132623491627077 33.456908599819336 39.29374468361279 58.474314453542846 15.596305435900573 17.947701197094432 13.261045444644296 53.542456223793224 32.61808554532599 14.67026155170036 5.369389940944023 17.32400844902134 1.088008698837046 0.9323050444615891 2.3038894834552 3.178992331747217 4.596412951717677 1.8048690453668252
1.8521353321264744 3.4991078433156297 3.4776904308451737 4.362383098981015 7.560761358772381 1.81380446513791 1.9747428619039322 1.5677862828441116 1.6820645490446613 0.11896663786042457 0.8429464629725852 0.378601587988738 30.80404955857068 30.349706888846217 45.231852876520584 19.445743100108565 17.98083017944549 13.881094210980462 44.432092179537875 53.67249957458765 28.472980114815876 8.331520120687577 10.066977703612075 0.5912817832181347 0.72547154429301 2.2669817682488325 4.548008891120413 4.042333830799885 1.4099732930637139
3.0699054583503593 6.899147600998528 3.6478376802385775 4.514561342510052 7.161337619268057 2.292974735470281 1.2339527497434477 3.4121206265370456 3.447156385135771 0.4846432237230852 0.1934342212485175 0.5793158755512637 29.99451566374399 34.19514448410233 59.26512073097379 19.955353431532544 19.689161825203485 14.013829629320457 54.20962644495102 34.17805816043567 22.349357170390363 19.030683403575605 12.113624067121693 0.9876224246591114 0.606888064401028 1.9392740055043762 4.8777333147669335 5.827240566073977 1.3193876902505077
3.0699054583503593 6.7914074902314665 3.6478376802385775 4.514561342510052 7.161337619268057 2.292974735470281 1.2511567277996707 3.4121206265370456 3.447156385135771 0.8691997621677179 0.15901612693495987 0.5793158755512637 30.808344831904115 33.893698831915096 48.08553014169432 14.378929940909586 19.689161825203485 14.013829629320457 54.20962644495102 31.89533058919349 11.075799206915777 19.030683403575605 12.126793451493725 0.9890766313226169 0.7297759337177393 1.5235492435148652 4.8777333147669335 4.2246153970277245 1.3193876902505077
2.340258677044493 4.372138635072018 3.003318669172699 3.0143436271879946 6.856490653051349 3.2142808569476524 1.1764435926686037 1.373608718482516 1.009270845566391 0.8450954498692884 0.28807510790591295 0.4087154867273376 33.456908599819336 39.29374468361279 58.474314453542846 15.596305435900573 17.947701197094432 13.261045444644296 35.545244513265814 32.61808554532599 14.67026155170036 5.369389940944023 17.32400844902134 1.088008698837046 0.9323050444615891 2.3038894834552 3.178992331747217 4.596412951717677 1.8048690453668252
2.886102061110916 3.486319101535354 4.2406699665152345 4.413140094229357 8.33982333803467 3.3090854658002122 1.3653830077001052 2.449637404157328 3.5756099646769317 0.8408859528679189 0.8216186094770852 0.8076413861043146 33.46090580507802 33.566679237911195 48.15015457265391 16.571610069299723 13.29919251692618 13.960167773827798 52.436716445630836 34.86574421217581 22.035967308802036 13.627586125454371 12.033340881093615 1.1179136053204228 0.6746270816055656 1.8234718613161103 4.473035815424912 4.784010714248926 1.2816985206134126
3.4766305391258445 6.997757019089381 4.899269921490452 2.970704401764618 7.252040914376373 3.2454850857764868 1.6181474671193203 3.6843784882489645 3.1173079924462015 0.8939350658732987 0.7937823086238078 0.48903107492917447 32.89427977273302 30.663274402420058 58.776771703151546 16.831070047587815 19.97249889915649 12.972288837975485 39.00123095299233 51.320043823852494 11.759746994346711 14.627302444432088 13.43796865025976 0.9992535088306831 1.3955482320707653 3.6644554035045904 4.121329450146011 4.942411341102035 1.0235730473201783
3.4766305391258445 6.917179885329954 4.884910457247965 3.8527769762503135 7.279555557888964 3.2454850857764868 1.308676914394907 3.6843784882489645 3.1173079924462015 0.1498912028431299 0.7111706409362347 0.3413071380183645 32.89427977273302 30.63114083865514 58.776771703151546 16.800145761119005 19.97249889915649 12.972288837975485 47.2362170993053 48.11913246902557 11.759746994346711 13.356425575630524 17.79979066516099 0.9987797070317742 1.3955482320707653 2.315298370342717 3.154521715715507 4.939802761565709 1.2919204615559
2.3256110928492157 4.991016489494711 2.993507962682979 3.0143436271879946 7.150590472685279 3.2142808569476524 1.0187305070768602 1.1759953348094796 3.506831151137954 0.8450954498692884 0.28807510790591295 0.6980357193189517 33.456908599819336 39.29374468361279 58.474314453542846 18.799578018558293 17.954347376754576 13.333722999111043 54.183653309124125 32.63404058415524 23.110462206779935 5.397823099319487 17.32400844902134 1.088008698837046 0.9413068906621629 2.4934964602578003 3.168855420637096 5.206951106954022 1.757471405104675
3.2535554275418495 5.239699877311395 2.787505403783955 4.890512105779158 4.357695245511515 2.214991886796077 2.3809444967536364 3.4773281311465754 1.6843016385140122 0.205450130827524 0.9854262117680475 0.3940751444141283 31.110834647772037 34.36719441827836 57.932615990398475 12.609607845054965 19.220817322907 14.547852634272564 39.713177596930215 52.130917963270804 13.882898120267381 6.013205912182347 14.654169954588 0.9439871651318809 0.8681908871847037 3.064197078192344 3.169977540934104 5.350822939700636 1.5506875890100111
3.4766305391258445 6.820146443893265 4.841006583888122 2.970704401764618 7.4688029803607945 3.007558088217748 1.6200817065915403 3.6843784882489645 3.110173142798091 0.1498912028431299 0.7408484501606845 0.3784044373502602 33.016971699829924 30.63114083865514 58.776771703151546 19.45398513635059 19.97249889915649 12.972288837975485 38.22257479306261 53.72695532397597 11.759746994346711 12.824379947384333 13.531482716503582 0.9985533364558131 1.3955482320707653 3.6644554035045904 4.121329450146011 4.9479656277340975 1.0235730473201783
2.4710152883243457 6.7914074902314665 3.6473917636006497 4.514561342510052 7.251030338887292 2.292974735470281 1.2511567277996707 3.4121206265370456 3.4976539157116835 0.46298428904942135 0.22072027328212113 0.5725209697982354 31.16570602297609 33.893698831915096 48.08553014169432 14.392004955706266 19.214228277910568 18.460594252044032 53.84463500783149 32.88397316283395 11.059704935410846 19.030683403575605 12.126793451493725 0.9890766313226169 1.4189510885664889 1.5235492435148652 4.792578795526528 5.836751644247991 1.3136207836974882
3.4766305391258445 6.997757019089381 4.899269921490452 3.703778258451774 7.279555557888964 2.2387888862607714 2.1173679857417382 3.6843784882489645 3.1173079924462015 0.1498912028431299 0.7408484501606845 0.3413071380183645 32.89427977273302 30.63114083865514 58.79850151574919 16.939815939299493 19.998356706493265 12.972288837975485 47.2362170993053 51.320043823852494 11.759746994346711 13.147213772851316 17.79979066516099 0.9987797070317742 1.3896204589252183 3.0663040388468312 4.121329450146011 4.942411341102035 1.2919204615559
2.4368271871632516 5.239699877311395 3.548625785718069 3.6913962197323644 4.887387435217384 2.214991886796077 2.3798831853890765 3.478860261678457 1.649073674780832 0.205450130827524 0.9989947954807974 0.3940751444141283 31.13256425754379 34.623340108984536 53.750784947426254 14.83749718955505 19.220817322907 14.547852634272564 52.181843706067696 52.130917963270804 21.154737718608054 16.674751930128572 16.444880686399948 0.9335268877177538 0.8680838255716935 3.064197078192344 4.793545342503651 5.876259147114506 1.5313257606387292
3.4066130173769014 4.403697103600068 2.1230492184692014 3.865116391269214 7.6454112107785805 1.7255783060165153 2.1419702360371504 1.8048918970529595 1.7872241230083339 0.21547453815322587 0.14426770014744497 0.33948427558323413 29.038291474807707 27.553111554893842 55.94489651584567 19.874396856913286 14.814032083532359 15.492032856625105 47.249421228973695 33.79796213828518 22.49749188422274 12.817576226909075 17.636620344118672 1.085973817926918 1.1548152555037843 1.296796845540682 3.535459847857841 5.972154863451765 1.270181284205651
3.2535554275418495 5.493874874667182 3.577266282783688 4.895088558944522 5.258295777046197 2.213866413887612 3.0552112543249486 3.478860261678457 1.6792769332097788 0.20499909433665636 0.9854262117680475 0.3940751444141283 31.269535086558545 33.54404439022936 57.916580831909656 14.841648128058187 12.802537593273696 18.5812898035292 54.965817117652605 52.47882662895747 11.970872288960761 16.87405646098674 16.497867285610326 1.4753869560096873 0.8681908871847037 3.064197078192344 4.793545342503651 4.790882470500403 1.5506875890100111
2.1180660914133496 5.3966292006516685 4.968200282761197 2.305996194443528 6.998301587239241 2.808457241871091 1.1191581673129374 3.0216295072639285 1.150972439042581 0.7897542795320994 0.37639795613564997 0.5627028703850203 34.649891171383324 30.48658947914686 54.3810856754081 16.792025022895118 19.948241274553318 15.749211613917513 48.48171527186832 37.76496406012819 26.27390184536297 7.755118364571944 10.329571273559937 0.8877866491430424 1.269954403029883 1.9710203221144376 4.071837314203156 5.3168200721710335 1.748592749379085
1.862278630292727 5.958450676475351 4.70670568746468 4.627424253569047 4.365635294202614 2.634557869558796 1.4309221851182643 2.5675430454092134 1.6417735077861129 0.6101125283417763 0.6374424321185013 0.9743700121912108 29.03507892189039 34.36784437654676 48.24731189487946 16.116994592670906 15.829210668094536 19.177898849501254 48.214117339391876 54.56086862521407 10.035310755836973 16.004896484548752 14.771304133189739 1.360650453189336 1.2145155897875353 3.247222159183028 4.708442527903831 4.069523947621182 1.5927910277208692
3.2535554275418495 5.177481213052559 2.787505403783955 4.895088558944522 5.171255020697876 3.2216631519793992 2.3798831853890765 3.478860261678457 1.682409383696625 0.205450130827524 0.9854262117680475 0.3940751444141283 31.181075874311063 34.623340108984536 57.910886177783915 12.451856551803061 19.124530508392052 14.46419429921303 39.713177596930215 52.130917963270804 13.775652714718028 6.013205912182347 16.444880686399948 0.9439871651318809 0.8740799612770981 3.662348386058797 3.169977540934104 5.350822939700636 1.5506875890100111
2.1776241012415047 3.4991078433156297 3.509762321766747 4.362383098981015 7.468009590735706 2.284289573619642 1.9747428619039322 1.5677862828441116 1.6761449914362467 0.8543121655241948 0.8429464629725852 0.378601587988738 30.80404955857068 30.349706888846217 45.231852876520584 19.445743100108565 17.99028208938777 13.881094210980462 43.77147150341611 53.74537389455784 28.472980114815876 8.331520120687577 10.066977703612075 0.5912817832181347 0.72547154429301 2.2669817682488325 4.738509320135038 4.042333830799885 1.6861905883728352
3.400259794188262 4.403697103600068 2.1230492184692014 3.876668362511087 6.996837975481986 1.7255783060165153 2.1419702360371504 2.3907846881780817 1.7782446203230515 0.21547453815322587 0.14426770014744497 0.3798292185778932 29.038291474807707 38.030569701065545 59.18150615791253 19.982285986207742 14.814032083532359 14.932100387171918 47.249421228973695 53.812164741051404 22.49749188422274 12.787049666142677 17.636620344118672 1.0781341302877214 1.1548152555037843 1.296796845540682 3.535459847857841 5.309556067147137 1.270181284205651
1.5617315482411347 5.958450676475351 4.70670568746468 4.627424253569047 4.365635294202614 2.634557869558796 1.4309221851182643 2.5675430454092134 1.6417735077861129 0.12424828295820325 0.6374424321185013 0.9743700121912108 29.03507892189039 34.36784437654676 48.24731189487946 16.116994592670906 15.829210668094536 19.177898849501254 48.214117339391876 54.56086862521407 10.035310755836973 16.004896484548752 14.771304133189739 1.360650453189336 1.2145155897875353 3.247222159183028 4.708442527903831 4.0678164307267775 1.5927910277208692
1.5617315482411347 5.958450676475351 4.70670568746468 4.524083591140228 4.365635294202614 1.8674761754783722 1.4309221851182643 2.567134320919552 1.6417735077861129 0.12424828295820325 0.2703264491473783 0.9554341530162314 29.03507892189039 34.32786109893844 48.24731189487946 16.394860976410392 15.773198251785345 19.177898849501254 46.75533059713043 54.56086862521407 10.035310755836973 16.079288765336976 12.828463941514029 1.3542329864255904 1.2145155897875353 3.247222159183028 3.17780277712001 4.0678164307267775 1.5927910277208692
1.5617315482411347 5.958450676475351 4.70670568746468 4.627424253569047 4.378217054010506 2.634557869558796 1.4309221851182643 2.5675430454092134 1.6418453515601314 0.8460976298637074 0.6374424321185013 0.9743700121912108 29.03507892189039 34.36784437654676 48.24731189487946 16.116994592670906 15.8409401693909 19.177898849501254 48.214117339391876 54.56086862521407 10.035310755836973 16.004896484548752 14.771304133189739 1.360650453189336 1.2145155897875353 3.247222159183028 4.708186883585333 4.0678164307267775 1.5927910277208692
1.6030941308619633 5.5014362418532095 2.1944277729655424 3.700332985283022 8.634999895917804 2.2444226803093548 3.081225698996834 2.359541097811512 2.2135200867840767 0.4069788369434184 0.881722266147388 0.12426832601307825 33.343451639944796 37.556864993398165 59.583315086269536 14.84507798011676 18.152308651619506 18.471858878642372 52.3611042716747 52.46645424163778 23.63753364660132 16.717545526385337 12.396175174891725 1.496717553422037 1.371466358164444 1.401086398605743 3.3403159912810843 5.856968516892267 1.547836898709181
3.223772989679868 5.780806089676221 2.5404074539116834 4.820944904258535 5.223729346090554 3.413845721769176 1.685708603810753 1.9230612679162218 1.4793879959785186 0.8419178427151983 0.4329853530507063 0.6822785516516578 34.890759382819724 27.677003922534492 57.770922076136024 15.152869736218642 17.730136497692566 16.037249505569978 42.53368116177354 34.286974072946435 24.348727803587657 7.4138630502068565 12.122629931703168 0.681995119261323 0.684789077824733 1.5286448585173504 3.7928653902492977 5.1244147842369765 1.5514749189785302
3.0699054583503593 6.7914074902314665 3.6478376802385775 4.514561342510052 7.17694404824668 2.292974735470281 1.2511567277996707 3.4121206265370456 3.447156385135771 0.4846432237230852 0.22072027328212113 0.5793158755512637 33.18631995777428 33.893698831915096 48.08553014169432 14.836896258391537 19.689161825203485 18.432327065424857 54.20962644495102 32.88397316283395 11.059704935410846 19.030683403575605 12.126793451493725 0.9890766313226169 1.4189510885664889 1.5235492435148652 4.8777333147669335 5.836751644247991 1.3193876902505077
3.174046657836487 5.239699877311395 2.787505403783955 4.895088558944522 5.171255020697876 2.214991886796077 2.3798831853890765 3.478860261678457 1.682409383696625 0.205450130827524 0.9854262117680475 0.3940751444141283 31.181075874311063 34.623340108984536 57.78056787677335 12.979221075491516 19.220817322907 17.170464300538157 39.713177596930215 52.1671308933004 22.81407585845583 9.849266383909091 16.24646290813774 0.9439871651318809 0.8681908871847037 3.064197078192344 3.169977540934104 5.350822939700636 1.5494061352807258
3.223772989679868 5.243035111725242 2.5404074539116834 4.820944904258535 5.223729346090554 3.4169164786137185 1.685708603810753 1.9230612679162218 1.4793879959785186 0.8419178427151983 0.4329853530507063 0.45542448264790847 34.890759382819724 27.677003922534492 57.770922076136024 15.152869736218642 17.730136497692566 16.028630998662443 42.53368116177354 34.286974072946435 24.348727803587657 7.418431016302327 12.122629931703168 0.681995119261323 0.684789077824733 1.5286448585173504 3.236164502586243 5.1244147842369765 1.5506028002461147
3.2535554275418495 5.239699877311395 3.577266282783688 4.895088558944522 5.2232276598361995 2.214991886796077 2.3798831853890765 3.478860261678457 1.682409383696625 0.205450130827524 0.9854262117680475 0.3940751444141283 31.181075874311063 34.623340108984536 57.932615990398475 14.391335016435649 19.220817322907 14.547852634272564 39.713177596930215 52.130917963270804 11.970872288960761 6.013205912182347 16.444880686399948 0.9439871651318809 0.8681908871847037 3.064197078192344 4.793545342503651 5.350822939700636 1.5506875890100111
