# distance  frequency (bands are separated by blank lines)
# End points of segments: 
#   0.00000000 0.17228820 
0.000000  -0.001033 
0.001723  -0.038110 
0.003446  -0.049359 
0.005169  -0.057395 
0.006892  -0.064311 
0.008614  -0.070492 
0.010337  -0.075794 
0.012060  -0.079877 
0.013783  -0.082286 
0.015506  -0.082442 
0.017229  -0.079536 
0.018952  -0.072248 
0.020675  -0.057740 
0.022398  -0.022839 
0.024120  0.057998 
0.025843  0.092016 
0.027566  0.122184 
0.029289  0.151279 
0.031012  0.180179 
0.032735  0.209256 
0.034458  0.238681 
0.036180  0.268534 
0.037903  0.298847 
0.039626  0.329626 
0.041349  0.360863 
0.043072  0.392540 
0.044795  0.424640 
0.046518  0.457142 
0.048241  0.490026 
0.049964  0.523275 
0.051687  0.556873 
0.053409  0.590807 
0.055132  0.625066 
0.056855  0.659641 
0.058578  0.694524 
0.060301  0.729710 
0.062024  0.765192 
0.063747  0.800963 
0.065469  0.837017 
0.067192  0.873344 
0.068915  0.909935 
0.070638  0.946776 
0.072361  0.983850 
0.074084  1.021138 
0.075807  1.058616 
0.077530  1.096255 
0.079253  1.134024 
0.080976  1.171884 
0.082698  1.209794 
0.084421  1.247706 
0.086144  1.285568 
0.087867  1.323323 
0.089590  1.360910 
0.091313  1.398264 
0.093036  1.435316 
0.094758  1.471997 
0.096481  1.508233 
0.098204  1.543954 
0.099927  1.579088 
0.101650  1.613568 
0.103373  1.647331 
0.105096  1.680317 
0.106819  1.712476 
0.108542  1.743764 
0.110265  1.774144 
0.111987  1.803591 
0.113710  1.832085 
0.115433  1.859614 
0.117156  1.886175 
0.118879  1.911769 
0.120602  1.936401 
0.122325  1.960081 
0.124048  1.982821 
0.125770  2.004633 
0.127493  2.025530 
0.129216  2.045525 
0.130939  2.064630 
0.132662  2.082855 
0.134385  2.100212 
0.136108  2.116708 
0.137831  2.132351 
0.139553  2.147148 
0.141276  2.161105 
0.142999  2.174231 
0.144722  2.186530 
0.146445  2.198011 
0.148168  2.208682 
0.149891  2.218551 
0.151614  2.227630 
0.153336  2.235930 
0.155059  2.243465 
0.156782  2.250250 
0.158505  2.256301 
0.160228  2.261640 
0.161951  2.266289 
0.163674  2.270279 
0.165397  2.273647 
0.167120  2.276444 
0.168843  2.278729 
0.170565  2.280525 
0.172288  2.281423 


0.000000  -0.000767 
0.001723  0.043851 
0.003446  0.072108 
0.005169  0.099532 
0.006892  0.127321 
0.008614  0.155543 
0.010337  0.184116 
0.012060  0.212964 
0.013783  0.242036 
0.015506  0.271300 
0.017229  0.300739 
0.018952  0.330349 
0.020675  0.360134 
0.022398  0.390104 
0.024120  0.420273 
0.025843  0.450660 
0.027566  0.481288 
0.029289  0.512180 
0.031012  0.543363 
0.032735  0.574863 
0.034458  0.606708 
0.036180  0.638922 
0.037903  0.671532 
0.039626  0.704559 
0.041349  0.738021 
0.043072  0.771934 
0.044795  0.806308 
0.046518  0.841148 
0.048241  0.876454 
0.049964  0.912219 
0.051687  0.948431 
0.053409  0.985072 
0.055132  1.022116 
0.056855  1.059536 
0.058578  1.097294 
0.060301  1.135353 
0.062024  1.173668 
0.063747  1.212194 
0.065469  1.250880 
0.067192  1.289675 
0.068915  1.328527 
0.070638  1.367383 
0.072361  1.406190 
0.074084  1.444896 
0.075807  1.483451 
0.077530  1.521808 
0.079253  1.559921 
0.080976  1.597749 
0.082698  1.635255 
0.084421  1.672407 
0.086144  1.709176 
0.087867  1.745541 
0.089590  1.781482 
0.091313  1.816988 
0.093036  1.852049 
0.094758  1.886660 
0.096481  1.920819 
0.098204  1.954524 
0.099927  1.987773 
0.101650  2.020562 
0.103373  2.052885 
0.105096  2.084728 
0.106819  2.116073 
0.108542  2.146893 
0.110265  2.177153 
0.111987  2.206812 
0.113710  2.235819 
0.115433  2.264119 
0.117156  2.291651 
0.118879  2.318352 
0.120602  2.344156 
0.122325  2.368986 
0.124048  2.392642 
0.125770  2.405903 
0.127493  2.404351 
0.129216  2.401808 
0.130939  2.398563 
0.132662  2.394662 
0.134385  2.390147 
0.136108  2.385077 
0.137831  2.379521 
0.139553  2.373563 
0.141276  2.367291 
0.142999  2.360800 
0.144722  2.354182 
0.146445  2.347529 
0.148168  2.340926 
0.149891  2.334453 
0.151614  2.328183 
0.153336  2.322182 
0.155059  2.316507 
0.156782  2.311208 
0.158505  2.306326 
0.160228  2.301895 
0.161951  2.297936 
0.163674  2.294462 
0.165397  2.291468 
0.167120  2.288932 
0.168843  2.286818 
0.170565  2.285118 
0.172288  2.284251 


0.000000  -0.000532 
0.001723  0.081323 
0.003446  0.159901 
0.005169  0.238950 
0.006892  0.317949 
0.008614  0.396741 
0.010337  0.475233 
0.012060  0.553346 
0.013783  0.631010 
0.015506  0.708157 
0.017229  0.784721 
0.018952  0.860639 
0.020675  0.935846 
0.022398  1.010281 
0.024120  1.083881 
0.025843  1.156584 
0.027566  1.228328 
0.029289  1.299052 
0.031012  1.368692 
0.032735  1.437185 
0.034458  1.504466 
0.036180  1.570470 
0.037903  1.635126 
0.039626  1.698361 
0.041349  1.760098 
0.043072  1.820252 
0.044795  1.878731 
0.046518  1.935431 
0.048241  1.990231 
0.049964  2.042991 
0.051687  2.093541 
0.053409  2.141673 
0.055132  2.187120 
0.056855  2.229548 
0.058578  2.268524 
0.060301  2.303520 
0.062024  2.333940 
0.063747  2.359238 
0.065469  2.379122 
0.067192  2.393753 
0.068915  2.403758 
0.070638  2.410031 
0.072361  2.413481 
0.074084  2.414884 
0.075807  2.414843 
0.077530  2.413811 
0.079253  2.412126 
0.080976  2.410046 
0.082698  2.407766 
0.084421  2.405443 
0.086144  2.403198 
0.087867  2.401128 
0.089590  2.399308 
0.091313  2.397795 
0.093036  2.396627 
0.094758  2.395827 
0.096481  2.395405 
0.098204  2.395356 
0.099927  2.395661 
0.101650  2.396292 
0.103373  2.397211 
0.105096  2.398370 
0.106819  2.399713 
0.108542  2.401180 
0.110265  2.402702 
0.111987  2.404208 
0.113710  2.405623 
0.115433  2.406872 
0.117156  2.407875 
0.118879  2.408559 
0.120602  2.408853 
0.122325  2.408706 
0.124048  2.408203 
0.125770  2.416466 
0.127493  2.437839 
0.129216  2.458454 
0.130939  2.478001 
0.132662  2.496450 
0.134385  2.513799 
0.136108  2.530064 
0.137831  2.545266 
0.139553  2.559435 
0.141276  2.572606 
0.142999  2.584817 
0.144722  2.596106 
0.146445  2.606514 
0.148168  2.616079 
0.149891  2.624838 
0.151614  2.632827 
0.153336  2.640079 
0.155059  2.646621 
0.156782  2.652482 
0.158505  2.657684 
0.160228  2.662251 
0.161951  2.666202 
0.163674  2.669557 
0.165397  2.672339 
0.167120  2.674572 
0.168843  2.676286 
0.170565  2.677508 
0.172288  2.678105 


0.000000  2.640523 
0.001723  2.640514 
0.003446  2.640484 
0.005169  2.640416 
0.006892  2.640289 
0.008614  2.640069 
0.010337  2.639721 
0.012060  2.639205 
0.013783  2.638479 
0.015506  2.637504 
0.017229  2.636246 
0.018952  2.634675 
0.020675  2.632772 
0.022398  2.630525 
0.024120  2.627933 
0.025843  2.625004 
0.027566  2.621756 
0.029289  2.618214 
0.031012  2.614413 
0.032735  2.610389 
0.034458  2.606186 
0.036180  2.601851 
0.037903  2.597431 
0.039626  2.592978 
0.041349  2.588545 
0.043072  2.584189 
0.044795  2.579969 
0.046518  2.575952 
0.048241  2.572215 
0.049964  2.568851 
0.051687  2.565974 
0.053409  2.563737 
0.055132  2.562339 
0.056855  2.562053 
0.058578  2.563240 
0.060301  2.566365 
0.062024  2.571960 
0.063747  2.580522 
0.065469  2.592302 
0.067192  2.607121 
0.068915  2.624358 
0.070638  2.643158 
0.072361  2.662683 
0.074084  2.682268 
0.075807  2.701459 
0.077530  2.719985 
0.079253  2.737721 
0.080976  2.754641 
0.082698  2.770786 
0.084421  2.786239 
0.086144  2.801097 
0.087867  2.815458 
0.089590  2.829391 
0.091313  2.842894 
0.093036  2.855775 
0.094758  2.867151 
0.096481  2.873780 
0.098204  2.872036 
0.099927  2.865391 
0.101650  2.856899 
0.103373  2.847500 
0.105096  2.837530 
0.106819  2.827163 
0.108542  2.816519 
0.110265  2.805699 
0.111987  2.794798 
0.113710  2.783909 
0.115433  2.773126 
0.117156  2.762544 
0.118879  2.752257 
0.120602  2.742359 
0.122325  2.732943 
0.124048  2.724094 
0.125770  2.715887 
0.127493  2.708389 
0.129216  2.701646 
0.130939  2.695690 
0.132662  2.690530 
0.134385  2.686156 
0.136108  2.682540 
0.137831  2.679637 
0.139553  2.677388 
0.141276  2.675728 
0.142999  2.674587 
0.144722  2.673891 
0.146445  2.673570 
0.148168  2.673555 
0.149891  2.673784 
0.151614  2.674197 
0.153336  2.674743 
0.155059  2.675374 
0.156782  2.676048 
0.158505  2.676726 
0.160228  2.677376 
0.161951  2.677966 
0.163674  2.678468 
0.165397  2.678853 
0.167120  2.679089 
0.168843  2.679142 
0.170565  2.678982 
0.172288  2.678739 


0.000000  2.826554 
0.001723  2.826976 
0.003446  2.828240 
0.005169  2.830341 
0.006892  2.833267 
0.008614  2.837004 
0.010337  2.841532 
0.012060  2.846825 
0.013783  2.852850 
0.015506  2.859569 
0.017229  2.866936 
0.018952  2.874899 
0.020675  2.883395 
0.022398  2.892356 
0.024120  2.901706 
0.025843  2.911361 
0.027566  2.921225 
0.029289  2.931197 
0.031012  2.941160 
0.032735  2.950988 
0.034458  2.960541 
0.036180  2.969665 
0.037903  2.978195 
0.039626  2.985961 
0.041349  2.992797 
0.043072  2.998557 
0.044795  3.003121 
0.046518  3.006417 
0.048241  3.008416 
0.049964  3.009142 
0.051687  3.008664 
0.053409  3.007088 
0.055132  3.004555 
0.056855  3.001226 
0.058578  2.997272 
0.060301  2.992869 
0.062024  2.988182 
0.063747  2.983364 
0.065469  2.978544 
0.067192  2.973826 
0.068915  2.969282 
0.070638  2.964951 
0.072361  2.960841 
0.074084  2.956926 
0.075807  2.953154 
0.077530  2.949451 
0.079253  2.945726 
0.080976  2.941884 
0.082698  2.937831 
0.084421  2.933484 
0.086144  2.928776 
0.087867  2.923669 
0.089590  2.918167 
0.091313  2.912353 
0.093036  2.906513 
0.094758  2.901623 
0.096481  2.901020 
0.098204  2.908427 
0.099927  2.920468 
0.101650  2.934188 
0.103373  2.948742 
0.105096  2.963893 
0.106819  2.979567 
0.108542  2.995742 
0.110265  3.012417 
0.111987  3.029600 
0.113710  3.047296 
0.115433  3.065513 
0.117156  3.084250 
0.118879  3.103502 
0.120602  3.123258 
0.122325  3.143496 
0.124048  3.164181 
0.125770  3.185272 
0.127493  3.206709 
0.129216  3.228423 
0.130939  3.250331 
0.132662  3.272338 
0.134385  3.294337 
0.136108  3.316213 
0.137831  3.337845 
0.139553  3.359109 
0.141276  3.379880 
0.142999  3.400043 
0.144722  3.419487 
0.146445  3.438122 
0.148168  3.455871 
0.149891  3.472681 
0.151614  3.488523 
0.153336  3.503389 
0.155059  3.517290 
0.156782  3.530256 
0.158505  3.542329 
0.160228  3.553559 
0.161951  3.564002 
0.163674  3.573713 
0.165397  3.582746 
0.167120  3.591149 
0.168843  3.598967 
0.170565  3.606238 
0.172288  3.612954 


0.000000  2.941143 
0.001723  2.941268 
0.003446  2.941649 
0.005169  2.942302 
0.006892  2.943252 
0.008614  2.944534 
0.010337  2.946189 
0.012060  2.948263 
0.013783  2.950802 
0.015506  2.953852 
0.017229  2.957453 
0.018952  2.961637 
0.020675  2.966428 
0.022398  2.971831 
0.024120  2.977839 
0.025843  2.984424 
0.027566  2.991539 
0.029289  2.999118 
0.031012  3.007077 
0.032735  3.015318 
0.034458  3.023733 
0.036180  3.032219 
0.037903  3.040683 
0.039626  3.049054 
0.041349  3.057290 
0.043072  3.065373 
0.044795  3.073307 
0.046518  3.081109 
0.048241  3.088806 
0.049964  3.096426 
0.051687  3.104005 
0.053409  3.111582 
0.055132  3.119198 
0.056855  3.126893 
0.058578  3.134711 
0.060301  3.142690 
0.062024  3.150869 
0.063747  3.159282 
0.065469  3.167959 
0.067192  3.176927 
0.068915  3.186203 
0.070638  3.195798 
0.072361  3.205710 
0.074084  3.215926 
0.075807  3.226421 
0.077530  3.237156 
0.079253  3.248080 
0.080976  3.259137 
0.082698  3.270266 
0.084421  3.281406 
0.086144  3.292504 
0.087867  3.303514 
0.089590  3.314402 
0.091313  3.325148 
0.093036  3.335744 
0.094758  3.346195 
0.096481  3.356516 
0.098204  3.366731 
0.099927  3.376871 
0.101650  3.386969 
0.103373  3.397061 
0.105096  3.407185 
0.106819  3.417375 
0.108542  3.427665 
0.110265  3.438083 
0.111987  3.448657 
0.113710  3.459406 
0.115433  3.470350 
0.117156  3.481501 
0.118879  3.492866 
0.120602  3.504451 
0.122325  3.516257 
0.124048  3.528278 
0.125770  3.540507 
0.127493  3.552934 
0.129216  3.565539 
0.130939  3.578298 
0.132662  3.591171 
0.134385  3.604090 
0.136108  3.616927 
0.137831  3.629411 
0.139553  3.640933 
0.141276  3.650269 
0.142999  3.656198 
0.144722  3.659137 
0.146445  3.660326 
0.148168  3.660522 
0.149891  3.660055 
0.151614  3.659062 
0.153336  3.657602 
0.155059  3.655700 
0.156782  3.653368 
0.158505  3.650608 
0.160228  3.647423 
0.161951  3.643812 
0.163674  3.639773 
0.165397  3.635305 
0.167120  3.630403 
0.168843  3.625058 
0.170565  3.619261 
0.172288  3.613034 


0.000000  3.091196 
0.001723  3.091220 
0.003446  3.091296 
0.005169  3.091429 
0.006892  3.091628 
0.008614  3.091906 
0.010337  3.092279 
0.012060  3.092768 
0.013783  3.093397 
0.015506  3.094194 
0.017229  3.095191 
0.018952  3.096425 
0.020675  3.097938 
0.022398  3.099778 
0.024120  3.102000 
0.025843  3.104666 
0.027566  3.107847 
0.029289  3.111623 
0.031012  3.116083 
0.032735  3.121326 
0.034458  3.127451 
0.036180  3.134555 
0.037903  3.142724 
0.039626  3.152020 
0.041349  3.162475 
0.043072  3.174091 
0.044795  3.186838 
0.046518  3.200666 
0.048241  3.215512 
0.049964  3.231304 
0.051687  3.247970 
0.053409  3.265440 
0.055132  3.283646 
0.056855  3.302528 
0.058578  3.322027 
0.060301  3.342094 
0.062024  3.362683 
0.063747  3.383753 
0.065469  3.405270 
0.067192  3.427204 
0.068915  3.449531 
0.070638  3.472228 
0.072361  3.495277 
0.074084  3.518662 
0.075807  3.542366 
0.077530  3.566366 
0.079253  3.590608 
0.080976  3.614332 
0.082698  3.623932 
0.084421  3.629213 
0.086144  3.633453 
0.087867  3.636957 
0.089590  3.639910 
0.091313  3.642439 
0.093036  3.644632 
0.094758  3.646556 
0.096481  3.648260 
0.098204  3.649780 
0.099927  3.651146 
0.101650  3.652384 
0.103373  3.653514 
0.105096  3.654553 
0.106819  3.655517 
0.108542  3.656418 
0.110265  3.657269 
0.111987  3.658079 
0.113710  3.658859 
0.115433  3.659615 
0.117156  3.660355 
0.118879  3.661085 
0.120602  3.661812 
0.122325  3.662539 
0.124048  3.663273 
0.125770  3.664017 
0.127493  3.664780 
0.129216  3.665568 
0.130939  3.666397 
0.132662  3.667292 
0.134385  3.668306 
0.136108  3.669546 
0.137831  3.671264 
0.139553  3.674043 
0.141276  3.679077 
0.142999  3.687553 
0.144722  3.699009 
0.146445  3.712153 
0.148168  3.726165 
0.149891  3.740640 
0.151614  3.755354 
0.153336  3.770150 
0.155059  3.784896 
0.156782  3.799466 
0.158505  3.813741 
0.160228  3.827597 
0.161951  3.840917 
0.163674  3.853585 
0.165397  3.865490 
0.167120  3.876527 
0.168843  3.886601 
0.170565  3.895625 
0.172288  3.903234 


0.000000  3.245037 
0.001723  3.245151 
0.003446  3.245494 
0.005169  3.246067 
0.006892  3.246870 
0.008614  3.247907 
0.010337  3.249179 
0.012060  3.250689 
0.013783  3.252441 
0.015506  3.254438 
0.017229  3.256686 
0.018952  3.259189 
0.020675  3.261951 
0.022398  3.264979 
0.024120  3.268280 
0.025843  3.271860 
0.027566  3.275730 
0.029289  3.279903 
0.031012  3.284396 
0.032735  3.289231 
0.034458  3.294438 
0.036180  3.300057 
0.037903  3.306137 
0.039626  3.312735 
0.041349  3.319917 
0.043072  3.327754 
0.044795  3.336314 
0.046518  3.345656 
0.048241  3.355824 
0.049964  3.366841 
0.051687  3.378705 
0.053409  3.391389 
0.055132  3.404845 
0.056855  3.419005 
0.058578  3.433783 
0.060301  3.449087 
0.062024  3.464812 
0.063747  3.480845 
0.065469  3.497064 
0.067192  3.513332 
0.068915  3.529489 
0.070638  3.545342 
0.072361  3.560649 
0.074084  3.575104 
0.075807  3.588346 
0.077530  3.600018 
0.079253  3.609921 
0.080976  3.618803 
0.082698  3.640476 
0.084421  3.665433 
0.086144  3.690665 
0.087867  3.716059 
0.089590  3.741519 
0.091313  3.764121 
0.093036  3.776981 
0.094758  3.789039 
0.096481  3.800472 
0.098204  3.811242 
0.099927  3.821312 
0.101650  3.830658 
0.103373  3.839267 
0.105096  3.847136 
0.106819  3.854272 
0.108542  3.860694 
0.110265  3.866427 
0.111987  3.871504 
0.113710  3.875964 
0.115433  3.879852 
0.117156  3.883216 
0.118879  3.886108 
0.120602  3.888581 
0.122325  3.890690 
0.124048  3.892491 
0.125770  3.894041 
0.127493  3.895395 
0.129216  3.896609 
0.130939  3.897739 
0.132662  3.898837 
0.134385  3.899955 
0.136108  3.901140 
0.137831  3.902435 
0.139553  3.903875 
0.141276  3.905487 
0.142999  3.907286 
0.144722  3.909274 
0.146445  3.911435 
0.148168  3.913735 
0.149891  3.916119 
0.151614  3.918512 
0.153336  3.920814 
0.155059  3.922910 
0.156782  3.924668 
0.158505  3.925942 
0.160228  3.926585 
0.161951  3.926453 
0.163674  3.925413 
0.165397  3.923349 
0.167120  3.920175 
0.168843  3.915831 
0.170565  3.910290 
0.172288  3.903850 


0.000000  3.848417 
0.001723  3.847685 
0.003446  3.845502 
0.005169  3.841906 
0.006892  3.836959 
0.008614  3.830742 
0.010337  3.823348 
0.012060  3.814884 
0.013783  3.805461 
0.015506  3.795196 
0.017229  3.784208 
0.018952  3.772618 
0.020675  3.760546 
0.022398  3.748115 
0.024120  3.735451 
0.025843  3.722680 
0.027566  3.709932 
0.029289  3.697339 
0.031012  3.685035 
0.032735  3.673157 
0.034458  3.661839 
0.036180  3.651213 
0.037903  3.641406 
0.039626  3.632532 
0.041349  3.624689 
0.043072  3.617955 
0.044795  3.612383 
0.046518  3.607997 
0.048241  3.604791 
0.049964  3.602730 
0.051687  3.601755 
0.053409  3.601783 
0.055132  3.602716 
0.056855  3.604449 
0.058578  3.606871 
0.060301  3.609876 
0.062024  3.613368 
0.063747  3.617266 
0.065469  3.621507 
0.067192  3.626059 
0.068915  3.630928 
0.070638  3.636168 
0.072361  3.641899 
0.074084  3.648320 
0.075807  3.655701 
0.077530  3.664326 
0.079253  3.674360 
0.080976  3.685737 
0.082698  3.698169 
0.084421  3.711282 
0.086144  3.724727 
0.087867  3.738230 
0.089590  3.751615 
0.091313  3.767592 
0.093036  3.792860 
0.094758  3.818321 
0.096481  3.843656 
0.098204  3.868774 
0.099927  3.893593 
0.101650  3.918031 
0.103373  3.942008 
0.105096  3.965444 
0.106819  3.988264 
0.108542  4.010395 
0.110265  4.031774 
0.111987  4.052345 
0.113710  4.072060 
0.115433  4.090884 
0.117156  4.108791 
0.118879  4.125766 
0.120602  4.141804 
0.122325  4.156908 
0.124048  4.171085 
0.125770  4.184348 
0.127493  4.196712 
0.129216  4.208193 
0.130939  4.218808 
0.132662  4.228570 
0.134385  4.237495 
0.136108  4.245597 
0.137831  4.252890 
0.139553  4.259389 
0.141276  4.265115 
0.142999  4.270090 
0.144722  4.274346 
0.146445  4.277921 
0.148168  4.280868 
0.149891  4.283250 
0.151614  4.285148 
0.153336  4.286656 
0.155059  4.287882 
0.156782  4.288947 
0.158505  4.289976 
0.160228  4.291097 
0.161951  4.292430 
0.163674  4.294081 
0.165397  4.296133 
0.167120  4.298644 
0.168843  4.301639 
0.170565  4.305118 
0.172288  4.308942 


0.000000  4.087618 
0.001723  4.087456 
0.003446  4.086999 
0.005169  4.086332 
0.006892  4.085558 
0.008614  4.084780 
0.010337  4.084080 
0.012060  4.083521 
0.013783  4.083142 
0.015506  4.082968 
0.017229  4.083013 
0.018952  4.083279 
0.020675  4.083766 
0.022398  4.084467 
0.024120  4.085376 
0.025843  4.086481 
0.027566  4.087772 
0.029289  4.089239 
0.031012  4.090871 
0.032735  4.092657 
0.034458  4.094589 
0.036180  4.096661 
0.037903  4.098866 
0.039626  4.101203 
0.041349  4.103671 
0.043072  4.106271 
0.044795  4.109010 
0.046518  4.111895 
0.048241  4.114935 
0.049964  4.118143 
0.051687  4.121532 
0.053409  4.125115 
0.055132  4.128907 
0.056855  4.132920 
0.058578  4.137164 
0.060301  4.141647 
0.062024  4.146371 
0.063747  4.151331 
0.065469  4.156518 
0.067192  4.161906 
0.068915  4.167458 
0.070638  4.173099 
0.072361  4.178684 
0.074084  4.183875 
0.075807  4.187938 
0.077530  4.190215 
0.079253  4.191387 
0.080976  4.192464 
0.082698  4.193946 
0.084421  4.196046 
0.086144  4.198857 
0.087867  4.202422 
0.089590  4.206756 
0.091313  4.211851 
0.093036  4.217690 
0.094758  4.224246 
0.096481  4.231485 
0.098204  4.239371 
0.099927  4.247862 
0.101650  4.256910 
0.103373  4.266459 
0.105096  4.276437 
0.106819  4.286756 
0.108542  4.297297 
0.110265  4.307913 
0.111987  4.318427 
0.113710  4.328645 
0.115433  4.338370 
0.117156  4.347439 
0.118879  4.355731 
0.120602  4.363179 
0.122325  4.369758 
0.124048  4.375466 
0.125770  4.380317 
0.127493  4.384330 
0.129216  4.387527 
0.130939  4.389931 
0.132662  4.391567 
0.134385  4.392463 
0.136108  4.392650 
0.137831  4.392160 
0.139553  4.391032 
0.141276  4.389308 
0.142999  4.387030 
0.144722  4.384246 
0.146445  4.381003 
0.148168  4.377350 
0.149891  4.373335 
0.151614  4.369004 
0.153336  4.364400 
0.155059  4.359567 
0.156782  4.354546 
0.158505  4.349378 
0.160228  4.344106 
0.161951  4.338778 
0.163674  4.333448 
0.165397  4.328176 
0.167120  4.323027 
0.168843  4.318075 
0.170565  4.313394 
0.172288  4.309164 


0.000000  4.142823 
0.001723  4.143379 
0.003446  4.145004 
0.005169  4.147584 
0.006892  4.150963 
0.008614  4.154973 
0.010337  4.159456 
0.012060  4.164269 
0.013783  4.169287 
0.015506  4.174404 
0.017229  4.179528 
0.018952  4.184584 
0.020675  4.189505 
0.022398  4.194239 
0.024120  4.198741 
0.025843  4.202976 
0.027566  4.206919 
0.029289  4.210549 
0.031012  4.213852 
0.032735  4.216821 
0.034458  4.219448 
0.036180  4.221732 
0.037903  4.223672 
0.039626  4.225267 
0.041349  4.226519 
0.043072  4.227426 
0.044795  4.227990 
0.046518  4.228208 
0.048241  4.228082 
0.049964  4.227611 
0.051687  4.226800 
0.053409  4.225653 
0.055132  4.224183 
0.056855  4.222408 
0.058578  4.220352 
0.060301  4.218052 
0.062024  4.215556 
0.063747  4.212924 
0.065469  4.210230 
0.067192  4.207565 
0.068915  4.205043 
0.070638  4.202812 
0.072361  4.201094 
0.074084  4.200302 
0.075807  4.201244 
0.077530  4.204645 
0.079253  4.209890 
0.080976  4.216023 
0.082698  4.222592 
0.084421  4.229428 
0.086144  4.236467 
0.087867  4.243691 
0.089590  4.251102 
0.091313  4.258713 
0.093036  4.266540 
0.094758  4.274599 
0.096481  4.282903 
0.098204  4.291462 
0.099927  4.300279 
0.101650  4.309358 
0.103373  4.318701 
0.105096  4.328317 
0.106819  4.338228 
0.108542  4.348471 
0.110265  4.359111 
0.111987  4.370230 
0.113710  4.381926 
0.115433  4.394288 
0.117156  4.407370 
0.118879  4.421179 
0.120602  4.435668 
0.122325  4.450750 
0.124048  4.466317 
0.125770  4.482253 
0.127493  4.498443 
0.129216  4.514781 
0.130939  4.531172 
0.132662  4.547528 
0.134385  4.563773 
0.136108  4.579842 
0.137831  4.595675 
0.139553  4.611223 
0.141276  4.626442 
0.142999  4.641296 
0.144722  4.655753 
0.146445  4.669788 
0.148168  4.683378 
0.149891  4.696507 
0.151614  4.709158 
0.153336  4.721323 
0.155059  4.732991 
0.156782  4.744156 
0.158505  4.754816 
0.160228  4.764967 
0.161951  4.774609 
0.163674  4.783743 
0.165397  4.792371 
0.167120  4.800494 
0.168843  4.808115 
0.170565  4.815232 
0.172288  4.821419 


0.000000  4.434351 
0.001723  4.434607 
0.003446  4.435372 
0.005169  4.436640 
0.006892  4.438400 
0.008614  4.440637 
0.010337  4.443330 
0.012060  4.446457 
0.013783  4.449990 
0.015506  4.453899 
0.017229  4.458148 
0.018952  4.462700 
0.020675  4.467510 
0.022398  4.472531 
0.024120  4.477713 
0.025843  4.482998 
0.027566  4.488326 
0.029289  4.493636 
0.031012  4.498860 
0.032735  4.503933 
0.034458  4.508788 
0.036180  4.513359 
0.037903  4.517586 
0.039626  4.521414 
0.041349  4.524796 
0.043072  4.527695 
0.044795  4.530086 
0.046518  4.531958 
0.048241  4.533315 
0.049964  4.534175 
0.051687  4.534574 
0.053409  4.534561 
0.055132  4.534197 
0.056855  4.533556 
0.058578  4.532722 
0.060301  4.531785 
0.062024  4.530840 
0.063747  4.529986 
0.065469  4.529321 
0.067192  4.528940 
0.068915  4.528937 
0.070638  4.529399 
0.072361  4.530406 
0.074084  4.532030 
0.075807  4.534333 
0.077530  4.537365 
0.079253  4.541164 
0.080976  4.545754 
0.082698  4.551145 
0.084421  4.557335 
0.086144  4.564305 
0.087867  4.572025 
0.089590  4.580453 
0.091313  4.589537 
0.093036  4.599216 
0.094758  4.609425 
0.096481  4.620092 
0.098204  4.631144 
0.099927  4.642506 
0.101650  4.654104 
0.103373  4.665864 
0.105096  4.677714 
0.106819  4.689586 
0.108542  4.701411 
0.110265  4.713127 
0.111987  4.724674 
0.113710  4.735995 
0.115433  4.747038 
0.117156  4.757753 
0.118879  4.768096 
0.120602  4.778027 
0.122325  4.787507 
0.124048  4.796506 
0.125770  4.804994 
0.127493  4.812947 
0.129216  4.820346 
0.130939  4.827174 
0.132662  4.833419 
0.134385  4.839071 
0.136108  4.844127 
0.137831  4.848583 
0.139553  4.852441 
0.141276  4.855704 
0.142999  4.858377 
0.144722  4.860467 
0.146445  4.861984 
0.148168  4.862936 
0.149891  4.863334 
0.151614  4.863188 
0.153336  4.862509 
0.155059  4.861307 
0.156782  4.859590 
0.158505  4.857366 
0.160228  4.854643 
0.161951  4.851426 
0.163674  4.847719 
0.165397  4.843525 
0.167120  4.838846 
0.168843  4.833683 
0.170565  4.828038 
0.172288  4.822342 


0.000000  5.185002 
0.001723  5.184709 
0.003446  5.183834 
0.005169  5.182385 
0.006892  5.180376 
0.008614  5.177826 
0.010337  5.174761 
0.012060  5.171210 
0.013783  5.167210 
0.015506  5.162802 
0.017229  5.158032 
0.018952  5.152955 
0.020675  5.147625 
0.022398  5.142107 
0.024120  5.136468 
0.025843  5.130779 
0.027566  5.125117 
0.029289  5.119561 
0.031012  5.114193 
0.032735  5.109098 
0.034458  5.104360 
0.036180  5.100063 
0.037903  5.096290 
0.039626  5.093117 
0.041349  5.090616 
0.043072  5.088852 
0.044795  5.087879 
0.046518  5.087741 
0.048241  5.088471 
0.049964  5.090087 
0.051687  5.092597 
0.053409  5.095999 
0.055132  5.100277 
0.056855  5.105408 
0.058578  5.111361 
0.060301  5.118100 
0.062024  5.125584 
0.063747  5.133770 
0.065469  5.142614 
0.067192  5.152071 
0.068915  5.162095 
0.070638  5.172643 
0.072361  5.183671 
0.074084  5.195133 
0.075807  5.206987 
0.077530  5.219185 
0.079253  5.231680 
0.080976  5.244419 
0.082698  5.257346 
0.084421  5.270395 
0.086144  5.283492 
0.087867  5.296550 
0.089590  5.309473 
0.091313  5.322155 
0.093036  5.334496 
0.094758  5.346412 
0.096481  5.357863 
0.098204  5.368868 
0.099927  5.379501 
0.101650  5.389868 
0.103373  5.400080 
0.105096  5.410231 
0.106819  5.420387 
0.108542  5.430587 
0.110265  5.440846 
0.111987  5.451162 
0.113710  5.461519 
0.115433  5.471895 
0.117156  5.482260 
0.118879  5.492582 
0.120602  5.502829 
0.122325  5.512966 
0.124048  5.522963 
0.125770  5.532788 
0.127493  5.542415 
0.129216  5.551819 
0.130939  5.560979 
0.132662  5.569876 
0.134385  5.578497 
0.136108  5.586830 
0.137831  5.594869 
0.139553  5.602609 
0.141276  5.610049 
0.142999  5.617191 
0.144722  5.624039 
0.146445  5.630600 
0.148168  5.636881 
0.149891  5.642890 
0.151614  5.648639 
0.153336  5.654135 
0.155059  5.659388 
0.156782  5.664406 
0.158505  5.669197 
0.160228  5.673766 
0.161951  5.678116 
0.163674  5.682248 
0.165397  5.686159 
0.167120  5.689840 
0.168843  5.693266 
0.170565  5.696344 
0.172288  5.698203 


0.000000  6.272982 
0.001723  6.272962 
0.003446  6.272903 
0.005169  6.272806 
0.006892  6.272675 
0.008614  6.272516 
0.010337  6.272334 
0.012060  6.272138 
0.013783  6.271935 
0.015506  6.271734 
0.017229  6.271546 
0.018952  6.271376 
0.020675  6.271231 
0.022398  6.271100 
0.024120  6.270909 
0.025843  6.269978 
0.027566  6.254936 
0.029289  6.225998 
0.031012  6.195096 
0.032735  6.162936 
0.034458  6.129724 
0.036180  6.095616 
0.037903  6.060763 
0.039626  6.025321 
0.041349  5.989449 
0.043072  5.953316 
0.044795  5.917092 
0.046518  5.880955 
0.048241  5.845086 
0.049964  5.809665 
0.051687  5.774873 
0.053409  5.740889 
0.055132  5.707886 
0.056855  5.676031 
0.058578  5.645478 
0.060301  5.616372 
0.062024  5.588842 
0.063747  5.562999 
0.065469  5.538938 
0.067192  5.516735 
0.068915  5.496443 
0.070638  5.478098 
0.072361  5.461720 
0.074084  5.447306 
0.075807  5.434843 
0.077530  5.424305 
0.079253  5.415653 
0.080976  5.408845 
0.082698  5.403836 
0.084421  5.400581 
0.086144  5.399039 
0.087867  5.399176 
0.089590  5.400970 
0.091313  5.404400 
0.093036  5.409446 
0.094758  5.416064 
0.096481  5.424171 
0.098204  5.433624 
0.099927  5.444227 
0.101650  5.455752 
0.103373  5.467967 
0.105096  5.480662 
0.106819  5.493656 
0.108542  5.506796 
0.110265  5.519960 
0.111987  5.533045 
0.113710  5.545963 
0.115433  5.558643 
0.117156  5.571023 
0.118879  5.583048 
0.120602  5.594672 
0.122325  5.605855 
0.124048  5.616563 
0.125770  5.626765 
0.127493  5.636437 
0.129216  5.645559 
0.130939  5.654114 
0.132662  5.662089 
0.134385  5.669476 
0.136108  5.676270 
0.137831  5.682469 
0.139553  5.688075 
0.141276  5.693092 
0.142999  5.697527 
0.144722  5.701390 
0.146445  5.704694 
0.148168  5.707453 
0.149891  5.709683 
0.151614  5.711402 
0.153336  5.712629 
0.155059  5.713387 
0.156782  5.713695 
0.158505  5.713578 
0.160228  5.713056 
0.161951  5.712155 
0.163674  5.710897 
0.165397  5.709307 
0.167120  5.707412 
0.168843  5.705251 
0.170565  5.702927 
0.172288  5.701319 


0.000000  6.503731 
0.001723  6.502720 
0.003446  6.499690 
0.005169  6.494645 
0.006892  6.487595 
0.008614  6.478552 
0.010337  6.467535 
0.012060  6.454565 
0.013783  6.439672 
0.015506  6.422890 
0.017229  6.404261 
0.018952  6.383836 
0.020675  6.361680 
0.022398  6.337878 
0.024120  6.312589 
0.025843  6.286589 
0.027566  6.273353 
0.029289  6.272779 
0.031012  6.273058 
0.032735  6.273618 
0.034458  6.274396 
0.036180  6.275388 
0.037903  6.276605 
0.039626  6.278062 
0.041349  6.279776 
0.043072  6.281767 
0.044795  6.284052 
0.046518  6.286651 
0.048241  6.289585 
0.049964  6.292871 
0.051687  6.296529 
0.053409  6.300577 
0.055132  6.305032 
0.056855  6.309910 
0.058578  6.315227 
0.060301  6.320995 
0.062024  6.327228 
0.063747  6.333934 
0.065469  6.341122 
0.067192  6.348798 
0.068915  6.356966 
0.070638  6.365626 
0.072361  6.374778 
0.074084  6.384418 
0.075807  6.394541 
0.077530  6.405138 
0.079253  6.416200 
0.080976  6.427713 
0.082698  6.439664 
0.084421  6.452037 
0.086144  6.464815 
0.087867  6.477977 
0.089590  6.491505 
0.091313  6.505376 
0.093036  6.519569 
0.094758  6.534060 
0.096481  6.548825 
0.098204  6.563840 
0.099927  6.579081 
0.101650  6.594521 
0.103373  6.610134 
0.105096  6.625895 
0.106819  6.641776 
0.108542  6.657750 
0.110265  6.673789 
0.111987  6.689866 
0.113710  6.705953 
0.115433  6.722020 
0.117156  6.738038 
0.118879  6.753979 
0.120602  6.769814 
0.122325  6.785512 
0.124048  6.801045 
0.125770  6.816385 
0.127493  6.831502 
0.129216  6.846369 
0.130939  6.860958 
0.132662  6.875245 
0.134385  6.889204 
0.136108  6.902811 
0.137831  6.916046 
0.139553  6.928887 
0.141276  6.941319 
0.142999  6.953324 
0.144722  6.964892 
0.146445  6.976011 
0.148168  6.986675 
0.149891  6.996881 
0.151614  7.006630 
0.153336  7.015925 
0.155059  7.024775 
0.156782  7.033191 
0.158505  7.041192 
0.160228  7.048797 
0.161951  7.056032 
0.163674  7.062926 
0.165397  7.069512 
0.167120  7.075823 
0.168843  7.081889 
0.170565  7.087700 
0.172288  7.092068 


0.000000  7.123013 
0.001723  7.123566 
0.003446  7.125226 
0.005169  7.127983 
0.006892  7.131825 
0.008614  7.136734 
0.010337  7.142686 
0.012060  7.149654 
0.013783  7.157603 
0.015506  7.166495 
0.017229  7.176285 
0.018952  7.186927 
0.020675  7.198366 
0.022398  7.210546 
0.024120  7.223407 
0.025843  7.236885 
0.027566  7.250912 
0.029289  7.265419 
0.031012  7.280335 
0.032735  7.295587 
0.034458  7.311101 
0.036180  7.326802 
0.037903  7.342614 
0.039626  7.358462 
0.041349  7.374271 
0.043072  7.389968 
0.044795  7.405479 
0.046518  7.420735 
0.048241  7.435666 
0.049964  7.450208 
0.051687  7.464295 
0.053409  7.477870 
0.055132  7.490875 
0.056855  7.503258 
0.058578  7.514972 
0.060301  7.525973 
0.062024  7.536221 
0.063747  7.545681 
0.065469  7.554323 
0.067192  7.562120 
0.068915  7.569051 
0.070638  7.575096 
0.072361  7.580240 
0.074084  7.584471 
0.075807  7.587778 
0.077530  7.590153 
0.079253  7.591592 
0.080976  7.592091 
0.082698  7.591645 
0.084421  7.590257 
0.086144  7.587927 
0.087867  7.584661 
0.089590  7.580465 
0.091313  7.575353 
0.093036  7.569339 
0.094758  7.562445 
0.096481  7.554697 
0.098204  7.546127 
0.099927  7.536774 
0.101650  7.526680 
0.103373  7.515895 
0.105096  7.504473 
0.106819  7.492469 
0.108542  7.479948 
0.110265  7.466971 
0.111987  7.453605 
0.113710  7.439918 
0.115433  7.425977 
0.117156  7.411850 
0.118879  7.397603 
0.120602  7.383301 
0.122325  7.369009 
0.124048  7.354785 
0.125770  7.340688 
0.127493  7.326773 
0.129216  7.313089 
0.130939  7.299682 
0.132662  7.286595 
0.134385  7.273863 
0.136108  7.261519 
0.137831  7.249590 
0.139553  7.238097 
0.141276  7.227055 
0.142999  7.216476 
0.144722  7.206365 
0.146445  7.196721 
0.148168  7.187540 
0.149891  7.178810 
0.151614  7.170518 
0.153336  7.162641 
0.155059  7.155158 
0.156782  7.148037 
0.158505  7.141247 
0.160228  7.134751 
0.161951  7.128509 
0.163674  7.122479 
0.165397  7.116617 
0.167120  7.110879 
0.168843  7.105228 
0.170565  7.099669 
0.172288  7.095385 


0.000000  8.072808 
0.001723  8.072783 
0.003446  8.072708 
0.005169  8.072581 
0.006892  8.072399 
0.008614  8.072157 
0.010337  8.071852 
0.012060  8.071476 
0.013783  8.071023 
0.015506  8.070486 
0.017229  8.069857 
0.018952  8.069130 
0.020675  8.068296 
0.022398  8.067348 
0.024120  8.066280 
0.025843  8.065086 
0.027566  8.063760 
0.029289  8.062300 
0.031012  8.060702 
0.032735  8.058964 
0.034458  8.057085 
0.036180  8.055066 
0.037903  8.052907 
0.039626  8.050611 
0.041349  8.048180 
0.043072  8.045617 
0.044795  8.042925 
0.046518  8.040108 
0.048241  8.037169 
0.049964  8.034110 
0.051687  8.030935 
0.053409  8.027643 
0.055132  8.024237 
0.056855  8.020716 
0.058578  8.017081 
0.060301  8.013329 
0.062024  8.009459 
0.063747  8.005471 
0.065469  8.001363 
0.067192  7.997134 
0.068915  7.992786 
0.070638  7.988321 
0.072361  7.983744 
0.074084  7.979062 
0.075807  7.974285 
0.077530  7.969427 
0.079253  7.964505 
0.080976  7.959540 
0.082698  7.954554 
0.084421  7.949575 
0.086144  7.944631 
0.087867  7.939752 
0.089590  7.934970 
0.091313  7.930314 
0.093036  7.925814 
0.094758  7.921499 
0.096481  7.917394 
0.098204  7.913521 
0.099927  7.909898 
0.101650  7.906542 
0.103373  7.903465 
0.105096  7.900675 
0.106819  7.898180 
0.108542  7.895982 
0.110265  7.894085 
0.111987  7.892490 
0.113710  7.891196 
0.115433  7.890203 
0.117156  7.889511 
0.118879  7.889120 
0.120602  7.889029 
0.122325  7.889241 
0.124048  7.889756 
0.125770  7.890577 
0.127493  7.891708 
0.129216  7.893154 
0.130939  7.894919 
0.132662  7.897010 
0.134385  7.899435 
0.136108  7.902201 
0.137831  7.905316 
0.139553  7.908790 
0.141276  7.912632 
0.142999  7.916850 
0.144722  7.921454 
0.146445  7.926452 
0.148168  7.931851 
0.149891  7.937658 
0.151614  7.943877 
0.153336  7.950512 
0.155059  7.957565 
0.156782  7.965035 
0.158505  7.972919 
0.160228  7.981210 
0.161951  7.989902 
0.163674  7.998981 
0.165397  8.008434 
0.167120  8.018242 
0.168843  8.028379 
0.170565  8.038790 
0.172288  8.047976 


0.000000  8.323448 
0.001723  8.323437 
0.003446  8.323404 
0.005169  8.323352 
0.006892  8.323284 
0.008614  8.323206 
0.010337  8.323122 
0.012060  8.323040 
0.013783  8.322968 
0.015506  8.322914 
0.017229  8.322887 
0.018952  8.322894 
0.020675  8.322944 
0.022398  8.323045 
0.024120  8.323203 
0.025843  8.323426 
0.027566  8.323719 
0.029289  8.324085 
0.031012  8.324529 
0.032735  8.325053 
0.034458  8.325659 
0.036180  8.326346 
0.037903  8.327115 
0.039626  8.327965 
0.041349  8.328895 
0.043072  8.329904 
0.044795  8.330989 
0.046518  8.332150 
0.048241  8.333386 
0.049964  8.334694 
0.051687  8.336075 
0.053409  8.337526 
0.055132  8.339049 
0.056855  8.340641 
0.058578  8.342303 
0.060301  8.344033 
0.062024  8.345829 
0.063747  8.347689 
0.065469  8.349610 
0.067192  8.351585 
0.068915  8.353610 
0.070638  8.355675 
0.072361  8.357770 
0.074084  8.359885 
0.075807  8.362004 
0.077530  8.364113 
0.079253  8.366193 
0.080976  8.368226 
0.082698  8.370191 
0.084421  8.372067 
0.086144  8.373830 
0.087867  8.375458 
0.089590  8.376926 
0.091313  8.378210 
0.093036  8.379286 
0.094758  8.380131 
0.096481  8.380720 
0.098204  8.381030 
0.099927  8.381041 
0.101650  8.380729 
0.103373  8.380074 
0.105096  8.379059 
0.106819  8.377663 
0.108542  8.375871 
0.110265  8.373668 
0.111987  8.371039 
0.113710  8.367972 
0.115433  8.364458 
0.117156  8.360487 
0.118879  8.356052 
0.120602  8.351150 
0.122325  8.345776 
0.124048  8.339931 
0.125770  8.333616 
0.127493  8.326835 
0.129216  8.319594 
0.130939  8.311901 
0.132662  8.303768 
0.134385  8.295206 
0.136108  8.286232 
0.137831  8.276863 
0.139553  8.267119 
0.141276  8.257022 
0.142999  8.246597 
0.144722  8.235870 
0.146445  8.224868 
0.148168  8.213623 
0.149891  8.202164 
0.151614  8.190526 
0.153336  8.178742 
0.155059  8.166847 
0.156782  8.154877 
0.158505  8.142869 
0.160228  8.130859 
0.161951  8.118884 
0.163674  8.106982 
0.165397  8.095188 
0.167120  8.083540 
0.168843  8.072078 
0.170565  8.060868 
0.172288  8.051414 


