1.456891007139352 2.9941582033882534 2802.88578679476 0.7306576687472277 0.13126319205893422 0.06080308452977081
1.3775269788148794 3.4569067035651218 2416.3002897433353 0.7856229948482625 0.1228284802422903 0.09880109108102049
1.431036058176983 2.2799363162351636 2213.4431162218752 0.7579725348687292 0.10883668821045664 0.06520423472026222
1.4763733165715673 2.969826962528312 2422.6037835108514 0.8479577845279062 0.10020753918010147 0.14509307387024514
1.3312324052739166 3.060126536134335 3267.3036398031495 1.2307031662489436 0.08819108383941111 0.3634107992231018
0.11780519801922873 0.5493421917869599 5.437857421732275 0.09575091361772686 0.13875110925931927 0.09405280552133136
1.339445997801287 2.6652928864822623 3419.0716624930565 0.7789712604589696 0.07556127128236824 0.05498088179350166
1.5257237397701255 2.171221847569326 2619.1945887889765 0.8757298889839117 0.057790353857800805 0.0921574314556577
0.25348501029658443 0.3835833311284471 62.58969964717252 0.10764233979092215 0.12833668384200256 0.08983208906855433
1.334762064514822 4.201846080781346 4787.328603443937 1.4833226019617598 0.17749376052319005 0.07772011648657927
1.4825580044412003 3.056467713079175 2248.2878681011734 1.5848091831307036 0.10781672302179103 0.08961804397864785
0.00603399646671221 0.6236800243338063 70.20355549182536 0.14854195291027966 0.21303743288064603 0.09332505179881213
1.4057349921090045 2.9234893178800236 3003.957787576692 0.6824639890992122 0.18625351499220177 0.08513307762766771
0.6740249179486475 3.933692074527492 1332.7021555177091 0.8122582430339347 0.12986848343773394 0.08642347621346323
0.022552010299153658 0.8509761104477764 65.2989574502076 0.13378749306458607 0.15189364552196477 0.12385748713866868
0.2849700635136756 1.0009943506398677 51.68677356123122 0.4825549039352414 0.4819797560658856 0.08217136727519136
0.11565998998093496 0.12452552472755052 73.16428121821046 0.10771927094748081 0.1436572034605424 0.08537451661640096
1.4037227292259304 2.780889717836526 2864.9704813097783 0.6565473637952354 0.13191722020136096 0.08916084113298275
