3.0826797733196294 5.951034777658462 3.1317533015245522 4.665035885575877 8.627988526525321 1.9104729042694173 3.757748193006283 2.4792136801030566 3.146750093893655 0.6516696532860659 0.28079525459204635 0.3742131873308572 33.462244936915106 31.69635827694662 46.777237519602075 14.618723384231565 15.068777563065861 15.517521330786169 46.757959795638314 28.8823573818105 14.085287897151206 15.167041228371923 12.658559623192282 0.7960516026959237 0.8853422834222784 2.675092485593042 3.1563203444442403 4.765588809102031 1.972659480730623
2.168584149279279 4.253345326975009 4.333574830349798 3.1129100152988567 4.87587192984874 3.036301942708784 1.015805319608033 1.7827987377853822 2.7427372154155716 0.9470343489759884 0.12546707565076762 0.805445894368885 27.089239841941314 32.04018923219649 55.29970133893677 14.787209536497874 19.9189731768617 11.125698413044526 35.16338217684452 45.30410452132207 28.858745033145706 8.40702148530525 14.750675276809943 0.8057194278241757 1.0738232660599922 1.7023008513508204 4.583279519541926 4.93656137207968 1.5692505221449449
3.4066130173769014 4.403697103600068 2.1230492184692014 3.867949328958753 7.6454112107785805 1.7255783060165153 2.1419702360371504 2.3907846881780817 1.7872241230083339 0.21547453815322587 0.14426770014744497 0.3798292185778932 29.038291474807707 38.030569701065545 59.18150615791253 19.982285986207742 14.814032083532359 14.932100387171918 47.249421228973695 53.812164741051404 22.49749188422274 12.787049666142677 17.636620344118672 1.085973817926918 1.1548152555037843 1.296796845540682 3.535459847857841 5.972154863451765 1.270181284205651
2.587403725999724 4.12083117978737 4.359911307636421 3.8434194972162175 7.788262337516272 2.0814284984414817 1.7559230130545318 3.0843499690484975 3.8261833573203665 0.9666665730320115 0.7920315566684378 0.4776959651745447 28.21135843147586 31.87650265441857 59.317045371317825 16.41633203804951 10.948790363553801 13.011644109649295 53.09255307751529 51.483393096214414 28.184447285790355 14.545192967431207 18.59464660491504 1.0292577479368026 1.0575868350198874 1.0159063895578204 3.0544147348263886 4.149096851769145 1.9570228508106249
3.0699054583503593 6.7914074902314665 3.6478376802385775 4.514561342510052 7.161337619268057 2.292974735470281 1.2511567277996707 3.4121206265370456 3.447156385135771 0.4846432237230852 0.1934342212485175 0.5793158755512637 29.99451566374399 33.893698831915096 48.08553014169432 14.378929940909586 19.689161825203485 14.013829629320457 54.20962644495102 32.88397316283395 11.059704935410846 19.030683403575605 12.126793451493725 0.9890766313226169 0.606888064401028 1.5235492435148652 4.8777333147669335 4.2246153970277245 1.3193876902505077
1.5617315482411347 5.958450676475351 4.70670568746468 4.627424253569047 4.365635294202614 2.634557869558796 1.4309221851182643 2.5675430454092134 1.6417735077861129 0.12424828295820325 0.6374424321185013 0.9743700121912108 29.03507892189039 34.36784437654676 48.24731189487946 16.116994592670906 15.829210668094536 19.177898849501254 48.214117339391876 54.56086862521407 10.035310755836973 16.004896484548752 14.771304133189739 1.360650453189336 1.2145155897875353 3.247222159183028 4.708442527903831 4.0678164307267775 1.5927910277208692
3.4766305391258445 6.820146443893265 4.841006583888122 2.970704401764618 7.4688029803607945 3.007558088217748 1.6200817065915403 3.6843784882489645 3.110173142798091 0.1498912028431299 0.7408484501606845 0.3784044373502602 33.016971699829924 30.63114083865514 58.776771703151546 19.45398513635059 19.97249889915649 12.972288837975485 38.22257479306261 53.72695532397597 11.759746994346711 12.824379947384333 13.531482716503582 0.9985533364558131 1.3955482320707653 3.6644554035045904 4.121329450146011 4.9479656277340975 1.0235730473201783
2.886102061110916 3.486319101535354 4.2406699665152345 4.413140094229357 8.33982333803467 3.3090854658002122 1.3653830077001052 2.449637404157328 3.5756099646769317 0.8408859528679189 0.8216186094770852 0.8076413861043146 33.46090580507802 33.566679237911195 48.15015457265391 16.571610069299723 13.29919251692618 13.960167773827798 52.436716445630836 34.86574421217581 22.035967308802036 13.627586125454371 12.033340881093615 1.1179136053204228 0.6746270816055656 1.8234718613161103 4.473035815424912 4.784010714248926 1.2816985206134126
1.8656996406854003 6.842058479511553 2.099736704371492 2.2364883616550157 8.490928753258775 1.8121557362637495 1.2108520481104783 3.9730929918550233 1.0126510904054 0.5973805510075686 0.6239652550357806 0.8154113194546467 38.226892214125115 25.355322326026364 48.30433318335836 15.90852500461721 13.807289930710688 13.182661006922878 48.175780265620446 32.8846410805903 29.72863644919716 5.4548559335384095 17.326571468729604 1.013037148364464 1.044247215251425 3.262952644963977 3.1019735163155007 5.297669262040867 1.4124153830947264
2.535163940738026 4.9952682638672155 4.724938693685392 3.4889257241098095 6.606259428243531 1.9692573811516765 3.422877527157035 3.300903949549857 2.881219245663961 0.5958820870499757 0.3926489926957174 0.6886005998482249 25.278021717146405 28.140609859419136 50.048752130081674 18.384399805923906 17.954309140420833 12.878268083649365 46.34925060410995 28.937527421333943 23.514251328026763 8.373614906924397 12.842343873329657 0.723375273961573 1.0775857843358563 1.6425727289083563 3.5624990321884686 5.217174413061629 1.6839790740836893
2.4070527174788943 5.780806089676221 2.511766626410838 3.048524744628912 5.116978719680835 3.363367455917264 1.685708603810753 1.9230612679162218 3.8018367264539856 0.8538056253122132 0.4923266624598399 0.6822785516516578 35.21717286959756 27.677003922534492 53.56137897958942 15.2562731791633 17.609685913890434 16.037249505569978 42.53368116177354 33.88759994601269 24.136843708391734 7.4138630502068565 13.119406135585958 0.6715348333129866 0.6836469879918492 1.7553186215141154 3.7928653902492977 5.07668243583433 1.4354045214304605
3.174046657836487 5.239699877311395 2.787505403783955 4.895088558944522 5.171255020697876 2.214991886796077 2.3798831853890765 3.478860261678457 1.682409383696625 0.205450130827524 0.9854262117680475 0.3940751444141283 31.181075874311063 34.623340108984536 57.78056787677335 12.979221075491516 19.220817322907 17.170464300538157 39.713177596930215 52.1671308933004 22.81407585845583 9.849266383909091 16.24646290813774 0.9439871651318809 0.8681908871847037 3.064197078192344 3.169977540934104 5.350822939700636 1.5494061352807258
2.38155349205073 6.853330173509506 3.0678521036180038 3.7403546783387167 4.5947530447678115 3.2289381911149238 1.7802248782756318 2.398535215690809 3.2525349846319296 0.4034118319000122 0.6678724899261372 0.7781750098105226 34.20947865858639 25.21313256693991 59.3878557359502 17.14610326856956 17.53279624722012 15.736387402161773 37.74418556672541 27.143505142158563 21.383354478176386 13.570357814850944 12.177498527173277 1.3754700456020972 0.6455513942950362 2.095477428750571 4.8346972249957965 5.2509378991092595 1.9150787699720797
2.3110114025069404 5.4615797196821045 4.914370530472647 4.0715666249071445 6.6833881249315406 2.1736581142674236 2.4478930050311654 1.0732192451674467 3.1634029198618285 0.5180695614036587 0.19402593218529735 0.41990998787639 37.92494127165837 35.278682609945136 59.31137404149723 17.481554318165447 19.226427848817632 10.975654958087448 45.750748756964384 47.870641652766835 27.008077509091212 16.193340898565644 13.116841957709365 0.6786412228958872 1.4413984740492025 3.349893387950628 3.163837012175617 5.81633810171647 1.9883206781235598
1.6030941308619633 5.5014362418532095 2.1944277729655424 3.697500047593483 8.634999895917804 2.2444226803093548 3.081225698996834 1.773648306669855 2.2135200867840767 0.4069788369434184 0.881722266147388 0.12426832601307825 33.343451639944796 27.079647651904402 56.05102675633192 14.830587834607993 18.152308651619506 18.471858878642372 52.3611042716747 32.50857087492747 23.63753364660132 16.717545526385337 12.396175174891725 1.496717553422037 1.371466358164444 1.401086398605743 3.3403159912810843 5.856968516892267 1.547836898709181
2.5799704381469435 3.1336486381734296 2.6896306276810273 4.527231323920713 6.256727603518293 1.5500993920856798 2.8104317534005347 1.027002810864785 2.435363006684083 0.9852107350062294 0.5699852243756685 0.42091629409600284 38.25083163873193 37.150977734116886 59.135727106770396 10.307008339074809 18.651751732832288 18.535539669558943 36.10709373973657 29.518853085418776 23.1057427162869 9.110083632564734 14.10321448199398 1.0393988873602826 0.8506296442152266 2.223539650867628 3.1426115877700376 5.8169021328196 1.4525135679537713
2.1776241012415047 4.077167560303742 3.5726630804462705 4.362383098981015 7.288890115692474 2.2748488884919182 1.9747428619039322 1.5677862828441116 1.6832792620904629 0.8543121655241948 0.8429464629725852 0.14714184406369582 30.68135763147376 30.349706888846217 45.231852876520584 16.82298622591722 17.99028208938777 13.881094210980462 43.77147150341611 51.338462929347855 28.472980114815876 8.331520120687577 10.0167560501302 0.5912817832181347 0.72547154429301 2.2669817682488325 4.738509320135038 4.031438758829139 1.6861905883728352
2.591101970074703 6.80089990938812 2.7871622370682956 3.4425898668495867 8.412936814338597 3.4915831746715167 3.3069447628206947 3.357170795777355 3.029711052902054 0.44022217448487755 0.7515857888828549 0.12259992073000531 35.4575364624643 36.8477108332748 47.76956883174548 18.556660987253963 19.39742512243574 12.848386517633578 48.58659967392495 31.678187024155893 29.75439047747208 10.424202139541542 11.003725826228601 1.3894994492194401 1.3009532231790444 1.644453335018274 4.2903159175780505 4.751712287622491 1.1796743072023452
