1.6782450054740423 3.233618597069285 6676.004174876806 1.6348401271902124 0.07480580052941917 0.06821140772966305
0.020727010242565846 0.04005837927356559 31.110387594158908 0.45613807645473786 0.1254465770314405 0.09020311261302069
0.04880300689342576 2.2026997988394976 13.733541950608497 0.06863415629704024 0.1659949600500267 0.06685014203944807
1.5638568180148402 4.507238621380682 5350.586895777751 2.1746972962284055 0.07338069960027907 0.04440673729035282
0.0036960040160001206 0.6417401045573543 70.97320873994273 0.1506616239823912 0.23400581102285603 0.0989572912108965
0.2663469982550257 0.3139417738997716 18.21091287881177 0.4294111716491968 0.4862296915506995 0.05733517719333719
1.3312324052739166 3.060126536134335 3267.3036398031495 1.2307031662489436 0.08819108383941111 0.3634107992231018
0.11780519801922873 0.5493421917869599 5.437857421732275 0.09575091361772686 0.13875110925931927 0.09405280552133136
1.5257237397701255 2.171221847569326 2619.1945887889765 0.8757298889839117 0.057790353857800805 0.0921574314556577
0.6873490101166846 4.1816427593662056 1119.723595024767 0.812752483447716 0.12740405642816918 0.058567461607351705
0.017469538981333965 0.8633908205105749 65.58238797801003 0.13392173724798342 0.1502323030547792 0.12463892326182135
0.043329008803659086 0.20638681341016518 114.85807060936293 0.5006695080301312 0.37564618265347643 0.08305869543914743
1.3225756047128092 3.0944893021300452 3327.1066038889044 0.9205786925408396 0.06318955424998522 0.07750591112322838
0.5164150945568768 2.335189224080036 724.0808584203292 0.4906171269902183 0.09965571182376357 0.11862874010272544
1.398306299755916 2.650625441352045 4057.521843680028 0.8581528554673226 0.17632018538902502 0.05317435392997707
0.13936299491588278 0.7858297069533933 25.93801236534003 0.19990867868846018 0.25139936525187945 0.060942485698366
0.16297302050187223 0.5312632098586514 45.331227526342175 0.26686960633728724 0.4827945540477825 0.08472386490469
1.431036058176983 2.2799363162351636 2213.4431162218752 0.7579725348687292 0.10883668821045664 0.06520423472026222
0.07754299233424167 0.9409865944852518 67.15880022350753 0.11996924316018177 0.15631010881007198 0.08442636537506706
1.339445997801287 2.6652928864822623 3419.0716624930565 0.7789712604589696 0.07556127128236824 0.05498088179350166
1.4825580044412003 3.056467713079175 2248.2878681011734 1.5848091831307036 0.10781672302179103 0.08961804397864785
0.41149224456466227 2.455522429855805 67.19726568200426 0.09146213685245279 0.14014062476000563 0.0860622552023067
1.4711054251091333 3.0147926228795514 2427.4202197184673 0.8819954855651518 0.1075942424980657 0.08959861995353087
0.18696376851052854 2.4477192634411935 191.64506165371506 0.4087888074508031 0.1238400793204595 0.07540339461423015
0.13438498970355361 0.2466446149155379 69.42403043748033 0.40296857379501 0.136879650103406 0.08274804294067152
0.0317130021761467 0.5647111689747 63.1105196702935 0.13976742279704027 0.2073011110610575 0.08863052721703218
0.00603399646671221 0.6236800243338063 70.20355549182536 0.14854195291027966 0.21303743288064603 0.09332505179881213
0.007988045582612902 0.24424348545460983 73.36726708933429 0.16067629781498471 0.18380738089725934 0.07881293745888396
0.25348501029658443 0.3835833311284471 62.58969964717252 0.10764233979092215 0.12833668384200256 0.08983208906855433
0.22675180659323502 0.18169624372865467 17.55825660641375 0.43047294347115606 0.11236046437205856 0.05995549999692922
0.08657416074685154 0.23365507147841846 33.6564688738726 0.17473820539748294 0.1470784337926832 0.09713654761827546
0.07008700569081894 0.7630055021046136 16.249472350436662 0.12990454073758473 0.11458198386882361 0.08041182541997534
