3.0699054583503593 6.7914074902314665 3.7773945781431175 4.514561342510052 7.161337619268057 2.292974735470281 1.1624459501951185 3.4121206265370456 3.447156385135771 0.4965305293105009 0.18027843986414344 0.5793158755512637 36.31062624504354 33.893698831915096 48.08553014169432 14.420163793947387 19.689161825203485 17.180807130170425 54.93012368578901 32.93746044609245 11.005020894279559 19.030683403575605 13.12356965537657 0.9890766313226169 0.606888064401028 1.750223006511635 4.8777333147669335 4.2246153970277245 1.4397872393324265
1.5617315482411347 5.958450676475351 4.70670568746468 4.627424253569047 4.378217054010506 2.634557869558796 1.4309221851182643 2.5675430454092134 1.6418453515601314 0.8460976298637074 0.6374424321185013 0.9743700121912108 29.03507892189039 34.36784437654676 48.24731189487946 16.116994592670906 15.8409401693909 19.177898849501254 48.214117339391876 54.56086862521407 10.035310755836973 16.004896484548752 14.771304133189739 1.360650453189336 1.2145155897875353 3.247222159183028 4.708186883585333 4.0678164307267775 1.5927910277208692
3.4066130173769014 4.403697103600068 2.1230492184692014 3.865116391269214 7.6454112107785805 1.7255783060165153 2.1419702360371504 1.8048918970529595 1.7872241230083339 0.21547453815322587 0.14426770014744497 0.33948427558323413 29.038291474807707 27.553111554893842 55.94489651584567 19.874396856913286 14.814032083532359 15.492032856625105 47.249421228973695 33.79796213828518 22.49749188422274 12.817576226909075 17.636620344118672 1.085973817926918 1.1548152555037843 1.296796845540682 3.535459847857841 5.972154863451765 1.270181284205651
3.0699054583503593 6.7914074902314665 3.6478376802385775 4.514561342510052 7.161337619268057 2.292974735470281 1.2511567277996707 3.4121206265370456 3.447156385135771 0.8691997621677179 0.15901612693495987 0.5793158755512637 30.808344831904115 33.893698831915096 48.08553014169432 14.378929940909586 19.689161825203485 14.013829629320457 54.20962644495102 31.89533058919349 11.075799206915777 19.030683403575605 12.126793451493725 0.9890766313226169 0.7297759337177393 1.5235492435148652 4.8777333147669335 4.2246153970277245 1.3193876902505077
3.2535554275418495 5.239699877311395 2.787505403783955 4.895088558944522 5.171255020697876 2.214991886796077 2.3798831853890765 3.478860261678457 1.682409383696625 0.205450130827524 0.9854262117680475 0.3940751444141283 31.181075874311063 34.623340108984536 57.932615990398475 12.609607845054965 19.220817322907 14.547852634272564 39.713177596930215 52.130917963270804 13.775652714718028 6.013205912182347 16.444880686399948 0.9439871651318809 0.8681908871847037 3.064197078192344 3.169977540934104 5.350822939700636 1.5506875890100111
2.340258677044493 4.372138635072018 3.003318669172699 3.0143436271879946 6.856490653051349 3.2142808569476524 1.1764435926686037 1.373608718482516 1.009270845566391 0.8450954498692884 0.28807510790591295 0.4087154867273376 33.456908599819336 39.29374468361279 58.474314453542846 15.596305435900573 17.947701197094432 13.261045444644296 35.545244513265814 32.61808554532599 14.67026155170036 5.369389940944023 17.32400844902134 1.088008698837046 0.9323050444615891 2.3038894834552 3.178992331747217 4.596412951717677 1.8048690453668252
3.0699054583503593 6.7914074902314665 3.6478376802385775 4.514561342510052 7.161337619268057 2.292974735470281 1.2511567277996707 3.4121206265370456 3.447156385135771 0.4846432237230852 0.1934342212485175 0.5793158755512637 29.99451566374399 33.893698831915096 48.08553014169432 14.378929940909586 19.689161825203485 14.013829629320457 54.20962644495102 32.88397316283395 11.059704935410846 19.030683403575605 12.126793451493725 0.9890766313226169 0.606888064401028 1.5235492435148652 4.8777333147669335 4.2246153970277245 1.3193876902505077
1.5617315482411347 5.958450676475351 4.70670568746468 4.627424253569047 4.365635294202614 2.634557869558796 1.4309221851182643 2.5675430454092134 1.6417735077861129 0.12424828295820325 0.6374424321185013 0.9743700121912108 29.03507892189039 34.36784437654676 48.24731189487946 16.116994592670906 15.829210668094536 19.177898849501254 48.214117339391876 54.56086862521407 10.035310755836973 16.004896484548752 14.771304133189739 1.360650453189336 1.2145155897875353 3.247222159183028 4.708442527903831 4.0678164307267775 1.5927910277208692
2.886102061110916 3.486319101535354 4.2406699665152345 4.413140094229357 8.33982333803467 3.3090854658002122 1.3653830077001052 2.449637404157328 3.5756099646769317 0.8408859528679189 0.8216186094770852 0.8076413861043146 33.46090580507802 33.566679237911195 48.15015457265391 16.571610069299723 13.29919251692618 13.960167773827798 52.436716445630836 34.86574421217581 22.035967308802036 13.627586125454371 12.033340881093615 1.1179136053204228 0.6746270816055656 1.8234718613161103 4.473035815424912 4.784010714248926 1.2816985206134126
3.0826797733196294 5.951034777658462 3.1317533015245522 4.665035885575877 8.627988526525321 1.9104729042694173 3.75773049978262 2.4792136801030566 3.146750093893655 0.6516696532860659 0.28079525459204635 0.46950923275965245 38.3188062493965 31.69635827694662 46.777237519602075 14.848807018331451 15.068777563065861 15.517521330786169 46.76015302322205 29.508931676019152 24.138937724494017 15.167041228371923 12.68655680972781 0.7960516026959237 0.9679499279070573 2.675092485593042 3.1563203444442403 4.765588809102031 1.972659480730623
1.6030941308619633 5.5014362418532095 2.1944277729655424 3.700332985283022 8.634999895917804 2.2444226803093548 3.081225698996834 2.359541097811512 2.2135200867840767 0.4069788369434184 0.881722266147388 0.12426832601307825 33.343451639944796 37.556864993398165 59.583315086269536 14.84507798011676 18.152308651619506 18.471858878642372 52.3611042716747 52.46645424163778 23.63753364660132 16.717545526385337 12.396175174891725 1.496717553422037 1.371466358164444 1.401086398605743 3.3403159912810843 5.856968516892267 1.547836898709181
2.4070527174788943 5.780806089676221 2.511766626410838 2.145897823615428 5.116978719680835 3.413845721769176 1.685708603810753 1.9230612679162218 1.476855321526963 0.8419178427151983 0.4923266624598399 0.6822785516516578 34.890759382819724 27.677003922534492 53.58909244766887 15.152869736218642 17.730136497692566 16.037249505569978 42.53368116177354 34.286974072946435 24.348727803587657 7.4138630502068565 12.122629931703168 0.6715348333129866 0.6846820161495674 1.5286448585173504 3.7928653902492977 5.119383497292236 1.3150049723485426
3.4766305391258445 6.997757019089381 4.899269921490452 2.970704401764618 7.252040914376373 3.2454850857764868 1.6181474671193203 3.6843784882489645 3.1173079924462015 0.8939350658732987 0.7937823086238078 0.48903107492917447 32.89427977273302 30.663274402420058 58.776771703151546 16.831070047587815 19.97249889915649 12.972288837975485 39.00123095299233 51.320043823852494 11.759746994346711 14.627302444432088 13.43796865025976 0.9992535088306831 1.3955482320707653 3.6644554035045904 4.121329450146011 4.942411341102035 1.0235730473201783
2.2531668256451987 4.5756388487875554 4.0489117043192975 3.070813506528203 6.09612364554479 1.5367550110013075 1.2673250217294556 3.2754185511348215 3.0341828097735384 0.9931577328105846 0.29186465183170296 0.6894834127720195 32.41023144667893 30.116941226004204 57.68277807365999 16.518853517110195 10.44238803052515 12.993612533649229 46.89294930355749 35.1402627891537 17.495658541651736 7.089273971530938 11.818082834513579 0.7622939772727354 1.2450584671894176 3.5177374862826443 4.261300081120438 4.74401970954918 1.1222632839853137
3.4766305391258445 6.997757019089381 4.899269921490452 2.970704401764618 7.289683505317562 3.2454850857764868 1.6200817065915403 3.6843784882489645 3.1173079924462015 0.1498912028431299 0.7408484501606845 0.1469607405370473 32.89427977273302 30.63114083865514 58.776771703151546 16.831070047587815 19.97249889915649 12.972288837975485 38.22257479306261 51.320043823852494 11.759746994346711 12.824379947384333 13.43796865025976 0.9985533364558131 1.3955482320707653 3.6644554035045904 4.121329450146011 4.942411341102035 1.0235730473201783
2.1180660914133496 5.3966292006516685 4.968200282761197 2.305996194443528 6.998301587239241 2.808457241871091 1.1191581673129374 3.0216295072639285 1.150972439042581 0.7897542795320994 0.37639795613564997 0.5627028703850203 34.649891171383324 30.48658947914686 54.3810856754081 16.792025022895118 19.948241274553318 15.749211613917513 48.48171527186832 37.76496406012819 26.27390184536297 7.755118364571944 10.329571273559937 0.8877866491430424 1.269954403029883 1.9710203221144376 4.071837314203156 5.3168200721710335 1.748592749379085
2.5799704381469435 6.95725216222439 2.79691340369373 4.527231323920713 6.24978514628147 1.5500993920856798 2.8104317534005347 1.027002810864785 3.084001290577982 0.9852107350062294 0.5699852243756685 0.42091629409600284 38.25083163873193 37.150977734116886 59.135727106770396 10.290155952142845 18.654470673359192 18.535539669558943 36.377414413206715 28.5679204498335 23.1057427162869 9.110083632564734 14.10321448199398 1.0393988873602826 0.8506296442152266 3.7714770204950754 3.1426115877700376 5.8169021328196 1.4485963733628302
3.4066130173769014 4.403697103600068 2.1230492184692014 3.867949328958753 7.6454112107785805 1.7255783060165153 2.1419702360371504 2.3907846881780817 1.7872241230083339 0.21547453815322587 0.14426770014744497 0.3798292185778932 29.038291474807707 38.030569701065545 59.18150615791253 19.982285986207742 14.814032083532359 14.932100387171918 47.249421228973695 53.812164741051404 22.49749188422274 12.787049666142677 17.636620344118672 1.085973817926918 1.1548152555037843 1.296796845540682 3.535459847857841 5.972154863451765 1.270181284205651
2.1776241012415047 3.4991078433156297 3.509762321766747 4.362383098981015 7.468009590735706 2.284289573619642 1.9747428619039322 1.5677862828441116 1.6761449914362467 0.8543121655241948 0.8429464629725852 0.378601587988738 30.80404955857068 30.349706888846217 45.231852876520584 19.445743100108565 17.99028208938777 13.881094210980462 43.77147150341611 53.74537389455784 28.472980114815876 8.331520120687577 10.066977703612075 0.5912817832181347 0.72547154429301 2.2669817682488325 4.738509320135038 4.042333830799885 1.6861905883728352
3.4766305391258445 6.820146443893265 4.841006583888122 2.970704401764618 7.4688029803607945 3.007558088217748 1.6200817065915403 3.6843784882489645 3.110173142798091 0.1498912028431299 0.7408484501606845 0.3784044373502602 33.016971699829924 30.63114083865514 58.776771703151546 19.45398513635059 19.97249889915649 12.972288837975485 38.22257479306261 53.72695532397597 11.759746994346711 12.824379947384333 13.531482716503582 0.9985533364558131 1.3955482320707653 3.6644554035045904 4.121329450146011 4.9479656277340975 1.0235730473201783
2.4070527174788943 5.780806089676221 2.511766626410838 3.048524744628912 5.116978719680835 3.363367455917264 1.685708603810753 1.9230612679162218 3.8018367264539856 0.8538056253122132 0.4923266624598399 0.6822785516516578 35.21717286959756 27.677003922534492 53.56137897958942 15.2562731791633 17.609685913890434 16.037249505569978 42.53368116177354 33.88759994601269 24.136843708391734 7.4138630502068565 13.119406135585958 0.6715348333129866 0.6836469879918492 1.7553186215141154 3.7928653902492977 5.07668243583433 1.4354045214304605
2.1776241012415047 4.077167560303742 3.5726630804462705 4.368171312558614 7.288890115692474 2.2748488884919182 1.9747428619039322 1.5677862828441116 1.7144100086921417 0.8588371534742957 0.25284584267157295 0.14714184406369582 28.575094176858826 30.349706888846217 45.231852876520584 16.82298622591722 14.681011852585703 13.881094210980462 43.77147150341611 50.9332117559583 28.472980114815876 8.331520120687577 10.0167560501302 0.5912817832181347 0.72547154429301 2.2669817682488325 4.738509320135038 4.031438758829139 1.4913578033091155
2.4070527174788943 5.780806089676221 2.511766626410838 3.048524744628912 5.116978719680835 3.363367455917264 1.685708603810753 1.9230612679162218 3.8018367264539856 0.8419178427151983 0.4923266624598399 0.6822785516516578 35.21717286959756 27.677003922534492 53.56137897958942 15.2562731791633 17.609685913890434 16.037249505569978 42.53368116177354 33.88759994601269 24.362384550640492 7.4138630502068565 12.122629931703168 0.6715348333129866 0.6836469879918492 1.5286448585173504 3.7928653902492977 5.07668243583433 1.3150049723485426
3.4066130173769014 4.403697103600068 3.5492492032494645 3.867949328958753 7.6454112107785805 1.7179216665886778 2.1419702360371504 2.3907846881780817 1.7872241230083339 0.8911988553575458 0.14426770014744497 0.3798292185778932 30.71968479659378 38.030569701065545 59.18150615791253 19.982285986207742 14.814032083532359 14.932100387171918 47.249421228973695 53.812164741051404 22.49749188422274 12.787049666142677 17.636620344118672 1.085973817926918 1.1548152555037843 1.2901856802601164 3.4228581250936 5.972154863451765 1.270181284205651
2.1778531034055595 4.077167560303742 3.5726630804462705 4.362383098981015 7.283592834989725 2.2748488884919182 1.9734021349003534 1.5677862828441116 1.6832792620904629 0.8543121655241948 0.8429464629725852 0.14714184406369582 30.68135763147376 25.937854675470025 45.231852876520584 14.385622517643082 17.99028208938777 13.881094210980462 44.51722850312837 51.338462929347855 28.527498307327026 8.2033573848826 10.0167560501302 0.5912817832181347 0.72547154429301 2.2669817682488325 4.738509320135038 4.031438758829139 1.6861905883728352
3.2535554275418495 5.239699877311395 3.577266282783688 4.895088558944522 5.2232276598361995 2.214991886796077 2.3798831853890765 3.478860261678457 1.682409383696625 0.205450130827524 0.9854262117680475 0.3940751444141283 31.181075874311063 34.623340108984536 57.932615990398475 14.391335016435649 19.220817322907 14.547852634272564 39.713177596930215 52.130917963270804 11.970872288960761 6.013205912182347 16.444880686399948 0.9439871651318809 0.8681908871847037 3.064197078192344 4.793545342503651 5.350822939700636 1.5506875890100111
3.174046657836487 5.239699877311395 2.787505403783955 4.895088558944522 5.171255020697876 2.214991886796077 2.3798831853890765 3.478860261678457 1.682409383696625 0.205450130827524 0.9854262117680475 0.3940751444141283 31.181075874311063 34.623340108984536 57.78056787677335 12.979221075491516 19.220817322907 17.170464300538157 39.713177596930215 52.1671308933004 22.81407585845583 9.849266383909091 16.24646290813774 0.9439871651318809 0.8681908871847037 3.064197078192344 3.169977540934104 5.350822939700636 1.5494061352807258
2.1776241012415047 3.4991078433156297 3.509762321766747 4.362383098981015 7.560761358772381 2.284289573619642 1.9747428619039322 1.5677862828441116 1.6760731476622281 0.13677447056498532 0.8429464629725852 0.378601587988738 30.80404955857068 30.349706888846217 45.231852876520584 19.445743100108565 17.98083017944549 13.881094210980462 44.432092179537875 53.74537389455784 28.472980114815876 8.331520120687577 10.066977703612075 0.5912817832181347 0.72547154429301 2.2669817682488325 4.507947505606824 4.042333830799885 1.6861905883728352
1.8656996406854003 6.842058479511553 2.099736704371492 2.2364883616550157 8.490928753258775 1.8121557362637495 1.2108520481104783 3.9730929918550233 1.0126510904054 0.5973805510075686 0.6239652550357806 0.8154113194546467 38.226892214125115 25.355322326026364 48.30433318335836 15.90852500461721 13.807289930710688 13.182661006922878 48.175780265620446 32.8846410805903 29.72863644919716 5.4548559335384095 17.326571468729604 1.013037148364464 1.044247215251425 3.262952644963977 3.1019735163155007 5.297669262040867 1.4124153830947264
2.3256110928492157 4.991016489494711 2.993507962682979 3.0143436271879946 6.856490653051349 3.2142808569476524 1.0187305070768602 1.1958874570246276 1.009270845566391 0.8450954498692884 0.28807510790591295 0.6980357193189517 33.456908599819336 39.29374468361279 58.474314453542846 18.799578018558293 17.954347376754576 13.261045444644296 46.22666689989329 32.61808554532599 23.110462206779935 5.397823099319487 17.32400844902134 1.088008698837046 0.9323050444615891 2.4934964602578003 3.168855420637096 5.22764451720364 1.8048690453668252
1.5617315482411347 5.958450676475351 4.70670568746468 4.524083591140228 4.365635294202614 1.8674761754783722 1.4309221851182643 2.567134320919552 1.6417735077861129 0.12424828295820325 0.2703264491473783 0.9554341530162314 29.03507892189039 34.32786109893844 48.24731189487946 16.394860976410392 15.773198251785345 19.177898849501254 46.75533059713043 54.56086862521407 10.035310755836973 16.079288765336976 12.828463941514029 1.3542329864255904 1.2145155897875353 3.247222159183028 3.17780277712001 4.0678164307267775 1.5927910277208692
1.862278630292727 5.958450676475351 4.70670568746468 4.627424253569047 4.365635294202614 2.634557869558796 1.4309221851182643 2.5675430454092134 1.6417735077861129 0.6101125283417763 0.6374424321185013 0.9743700121912108 29.03507892189039 34.36784437654676 48.24731189487946 16.116994592670906 15.829210668094536 19.177898849501254 48.214117339391876 54.56086862521407 10.035310755836973 16.004896484548752 14.771304133189739 1.360650453189336 1.2145155897875353 3.247222159183028 4.708442527903831 4.069523947621182 1.5927910277208692
