# distance  frequency (bands are separated by blank lines)
# End points of segments: 
#   0.00000000 0.08286560 
0.000000  -0.001033 
0.000829  -0.009165 
0.001657  -0.017985 
0.002486  -0.026842 
0.003315  -0.035662 
0.004143  -0.044417 
0.004972  -0.053084 
0.005801  -0.061642 
0.006629  -0.070073 
0.007458  -0.078356 
0.008287  -0.086471 
0.009115  -0.094398 
0.009944  -0.102116 
0.010773  -0.109604 
0.011601  -0.116839 
0.012430  -0.123799 
0.013258  -0.130459 
0.014087  -0.136795 
0.014916  -0.142781 
0.015745  -0.148388 
0.016573  -0.153588 
0.017402  -0.158348 
0.018230  -0.162635 
0.019059  -0.166412 
0.019888  -0.169639 
0.020716  -0.172271 
0.021545  -0.174258 
0.022374  -0.175544 
0.023202  -0.176066 
0.024031  -0.175749 
0.024860  -0.174506 
0.025688  -0.172229 
0.026517  -0.168791 
0.027346  -0.164025 
0.028174  -0.157714 
0.029003  -0.149562 
0.029832  -0.139134 
0.030660  -0.125745 
0.031489  -0.108157 
0.032318  -0.083586 
0.033146  -0.040581 
0.033975  0.065965 
0.034804  0.105063 
0.035632  0.135806 
0.036461  0.163080 
0.037290  0.188475 
0.038118  0.212730 
0.038947  0.236254 
0.039775  0.259296 
0.040604  0.282021 
0.041433  0.304538 
0.042262  0.326927 
0.043090  0.349244 
0.043919  0.371531 
0.044748  0.393817 
0.045576  0.416125 
0.046405  0.438472 
0.047233  0.460868 
0.048062  0.483321 
0.048891  0.505837 
0.049719  0.528418 
0.050548  0.551064 
0.051377  0.573775 
0.052205  0.596550 
0.053034  0.619384 
0.053863  0.642275 
0.054691  0.665218 
0.055520  0.688208 
0.056349  0.711240 
0.057177  0.734309 
0.058006  0.757407 
0.058835  0.780531 
0.059663  0.803673 
0.060492  0.826828 
0.061321  0.849989 
0.062149  0.873151 
0.062978  0.896307 
0.063807  0.919451 
0.064635  0.942578 
0.065464  0.965681 
0.066293  0.988756 
0.067121  1.011795 
0.067950  1.034793 
0.068779  1.057744 
0.069607  1.080641 
0.070436  1.103479 
0.071264  1.126249 
0.072093  1.148943 
0.072922  1.171551 
0.073750  1.194062 
0.074579  1.216461 
0.075408  1.238726 
0.076236  1.260828 
0.077065  1.282726 
0.077894  1.304351 
0.078722  1.325590 
0.079551  1.346237 
0.080380  1.365879 
0.081208  1.383609 
0.082037  1.397307 
0.082866  1.402857 


0.000000  -0.000767 
0.000829  0.015172 
0.001657  0.030774 
0.002486  0.046337 
0.003315  0.061950 
0.004143  0.077651 
0.004972  0.093468 
0.005801  0.109426 
0.006629  0.125546 
0.007458  0.141852 
0.008287  0.158362 
0.009115  0.175097 
0.009944  0.192073 
0.010773  0.209307 
0.011601  0.226814 
0.012430  0.244608 
0.013258  0.262700 
0.014087  0.281103 
0.014916  0.299824 
0.015745  0.318871 
0.016573  0.338250 
0.017402  0.357967 
0.018230  0.378023 
0.019059  0.398420 
0.019888  0.419157 
0.020716  0.440233 
0.021545  0.461645 
0.022374  0.483387 
0.023202  0.505453 
0.024031  0.527835 
0.024860  0.550524 
0.025688  0.573509 
0.026517  0.596779 
0.027346  0.620320 
0.028174  0.644117 
0.029003  0.668156 
0.029832  0.692420 
0.030660  0.716892 
0.031489  0.741552 
0.032318  0.766383 
0.033146  0.791365 
0.033975  0.816476 
0.034804  0.841698 
0.035632  0.867007 
0.036461  0.892385 
0.037290  0.917808 
0.038118  0.943255 
0.038947  0.968705 
0.039775  0.994138 
0.040604  1.019531 
0.041433  1.044865 
0.042262  1.070119 
0.043090  1.095274 
0.043919  1.120311 
0.044748  1.145212 
0.045576  1.169959 
0.046405  1.194536 
0.047233  1.218926 
0.048062  1.243115 
0.048891  1.267089 
0.049719  1.290833 
0.050548  1.314337 
0.051377  1.337587 
0.052205  1.360575 
0.053034  1.383290 
0.053863  1.405723 
0.054691  1.427867 
0.055520  1.449715 
0.056349  1.471259 
0.057177  1.492496 
0.058006  1.513420 
0.058835  1.534027 
0.059663  1.554314 
0.060492  1.574279 
0.061321  1.593920 
0.062149  1.613235 
0.062978  1.632223 
0.063807  1.650885 
0.064635  1.669221 
0.065464  1.687231 
0.066293  1.704916 
0.067121  1.722279 
0.067950  1.739320 
0.068779  1.756042 
0.069607  1.772441 
0.070436  1.765526 
0.071264  1.745350 
0.072093  1.725030 
0.072922  1.704587 
0.073750  1.684044 
0.074579  1.663424 
0.075408  1.642752 
0.076236  1.622064 
0.077065  1.601405 
0.077894  1.580848 
0.078722  1.560508 
0.079551  1.540595 
0.080380  1.521521 
0.081208  1.504197 
0.082037  1.490741 
0.082866  1.485272 


0.000000  -0.000532 
0.000829  0.038651 
0.001657  0.077099 
0.002486  0.115581 
0.003315  0.154062 
0.004143  0.192531 
0.004972  0.230980 
0.005801  0.269403 
0.006629  0.307797 
0.007458  0.346154 
0.008287  0.384470 
0.009115  0.422739 
0.009944  0.460956 
0.010773  0.499113 
0.011601  0.537205 
0.012430  0.575225 
0.013258  0.613166 
0.014087  0.651019 
0.014916  0.688778 
0.015745  0.726434 
0.016573  0.763978 
0.017402  0.801402 
0.018230  0.838695 
0.019059  0.875847 
0.019888  0.912849 
0.020716  0.949690 
0.021545  0.986358 
0.022374  1.022841 
0.023202  1.059128 
0.024031  1.095206 
0.024860  1.131061 
0.025688  1.166680 
0.026517  1.202050 
0.027346  1.237156 
0.028174  1.271982 
0.029003  1.306513 
0.029832  1.340733 
0.030660  1.374626 
0.031489  1.408174 
0.032318  1.441360 
0.033146  1.474163 
0.033975  1.506565 
0.034804  1.538546 
0.035632  1.570083 
0.036461  1.601153 
0.037290  1.631732 
0.038118  1.661793 
0.038947  1.691306 
0.039775  1.720242 
0.040604  1.748563 
0.041433  1.776231 
0.042262  1.803201 
0.043090  1.829421 
0.043919  1.854831 
0.044748  1.879358 
0.045576  1.902918 
0.046405  1.925405 
0.047233  1.946695 
0.048062  1.966631 
0.048891  1.985026 
0.049719  2.001651 
0.050548  2.016243 
0.051377  2.028507 
0.052205  2.038141 
0.053034  2.044878 
0.053863  2.048537 
0.054691  2.049069 
0.055520  2.046576 
0.056349  2.041295 
0.057177  2.033545 
0.058006  2.023679 
0.058835  2.012033 
0.059663  1.998911 
0.060492  1.984567 
0.061321  1.969213 
0.062149  1.953020 
0.062978  1.936126 
0.063807  1.918642 
0.064635  1.900658 
0.065464  1.882247 
0.066293  1.863468 
0.067121  1.844371 
0.067950  1.824997 
0.068779  1.805381 
0.069607  1.785559 
0.070436  1.788551 
0.071264  1.804328 
0.072093  1.819799 
0.072922  1.834963 
0.073750  1.849820 
0.074579  1.864370 
0.075408  1.878610 
0.076236  1.892533 
0.077065  1.906124 
0.077894  1.919357 
0.078722  1.932181 
0.079551  1.944494 
0.080380  1.956087 
0.081208  1.966474 
0.082037  1.974484 
0.082866  1.977739 


0.000000  2.640523 
0.000829  2.640515 
0.001657  2.640493 
0.002486  2.640455 
0.003315  2.640399 
0.004143  2.640322 
0.004972  2.640221 
0.005801  2.640090 
0.006629  2.639926 
0.007458  2.639721 
0.008287  2.639468 
0.009115  2.639161 
0.009944  2.638789 
0.010773  2.638344 
0.011601  2.637814 
0.012430  2.637189 
0.013258  2.636456 
0.014087  2.635603 
0.014916  2.634615 
0.015745  2.633478 
0.016573  2.632177 
0.017402  2.630697 
0.018230  2.629021 
0.019059  2.627134 
0.019888  2.625020 
0.020716  2.622662 
0.021545  2.620046 
0.022374  2.617157 
0.023202  2.613979 
0.024031  2.610502 
0.024860  2.606712 
0.025688  2.602599 
0.026517  2.598154 
0.027346  2.593371 
0.028174  2.588243 
0.029003  2.582767 
0.029832  2.576940 
0.030660  2.570762 
0.031489  2.564232 
0.032318  2.557352 
0.033146  2.550126 
0.033975  2.542556 
0.034804  2.534647 
0.035632  2.526404 
0.036461  2.517833 
0.037290  2.508940 
0.038118  2.499734 
0.038947  2.490224 
0.039775  2.480424 
0.040604  2.470349 
0.041433  2.460021 
0.042262  2.449468 
0.043090  2.438725 
0.043919  2.427839 
0.044748  2.416870 
0.045576  2.405895 
0.046405  2.395012 
0.047233  2.384345 
0.048062  2.374050 
0.048891  2.364318 
0.049719  2.355384 
0.050548  2.347521 
0.051377  2.341038 
0.052205  2.336248 
0.053034  2.333435 
0.053863  2.332800 
0.054691  2.334409 
0.055520  2.338180 
0.056349  2.343891 
0.057177  2.345290 
0.058006  2.334049 
0.058835  2.322831 
0.059663  2.311664 
0.060492  2.300552 
0.061321  2.289497 
0.062149  2.278497 
0.062978  2.267553 
0.063807  2.256661 
0.064635  2.245819 
0.065464  2.235021 
0.066293  2.224263 
0.067121  2.213539 
0.067950  2.202841 
0.068779  2.192162 
0.069607  2.181495 
0.070436  2.170832 
0.071264  2.160164 
0.072093  2.149484 
0.072922  2.138784 
0.073750  2.128057 
0.074579  2.117299 
0.075408  2.106507 
0.076236  2.095684 
0.077065  2.084839 
0.077894  2.073995 
0.078722  2.063199 
0.079551  2.052549 
0.080380  2.042254 
0.081208  2.032794 
0.082037  2.025342 
0.082866  2.022273 


0.000000  2.826554 
0.000829  2.826434 
0.001657  2.826074 
0.002486  2.825476 
0.003315  2.824639 
0.004143  2.823564 
0.004972  2.822251 
0.005801  2.820703 
0.006629  2.818921 
0.007458  2.816905 
0.008287  2.814659 
0.009115  2.812183 
0.009944  2.809481 
0.010773  2.806554 
0.011601  2.803406 
0.012430  2.800039 
0.013258  2.796456 
0.014087  2.792661 
0.014916  2.788656 
0.015745  2.784444 
0.016573  2.780030 
0.017402  2.775415 
0.018230  2.770602 
0.019059  2.765595 
0.019888  2.760396 
0.020716  2.755006 
0.021545  2.749427 
0.022374  2.743661 
0.023202  2.737709 
0.024031  2.731570 
0.024860  2.725244 
0.025688  2.718731 
0.026517  2.712029 
0.027346  2.705138 
0.028174  2.698054 
0.029003  2.690776 
0.029832  2.683301 
0.030660  2.675627 
0.031489  2.667752 
0.032318  2.659673 
0.033146  2.651390 
0.033975  2.642901 
0.034804  2.634206 
0.035632  2.625305 
0.036461  2.616200 
0.037290  2.606893 
0.038118  2.597387 
0.038947  2.587688 
0.039775  2.577801 
0.040604  2.567733 
0.041433  2.557492 
0.042262  2.547086 
0.043090  2.536527 
0.043919  2.525825 
0.044748  2.514991 
0.045576  2.504039 
0.046405  2.492979 
0.047233  2.481827 
0.048062  2.470594 
0.048891  2.459295 
0.049719  2.447943 
0.050548  2.436550 
0.051377  2.425130 
0.052205  2.413694 
0.053034  2.402254 
0.053863  2.390821 
0.054691  2.379406 
0.055520  2.368017 
0.056349  2.356669 
0.057177  2.351323 
0.058006  2.359983 
0.058835  2.369675 
0.059663  2.380091 
0.060492  2.390996 
0.061321  2.402197 
0.062149  2.413541 
0.062978  2.424906 
0.063807  2.436197 
0.064635  2.447336 
0.065464  2.458261 
0.066293  2.468922 
0.067121  2.479276 
0.067950  2.489288 
0.068779  2.498926 
0.069607  2.508161 
0.070436  2.516969 
0.071264  2.525327 
0.072093  2.533212 
0.072922  2.540603 
0.073750  2.547482 
0.074579  2.553831 
0.075408  2.559631 
0.076236  2.564867 
0.077065  2.569525 
0.077894  2.573590 
0.078722  2.577051 
0.079551  2.579898 
0.080380  2.582121 
0.081208  2.583714 
0.082037  2.584672 
0.082866  2.584991 


0.000000  2.941143 
0.000829  2.941128 
0.001657  2.941082 
0.002486  2.941006 
0.003315  2.940901 
0.004143  2.940768 
0.004972  2.940608 
0.005801  2.940422 
0.006629  2.940212 
0.007458  2.939982 
0.008287  2.939732 
0.009115  2.939465 
0.009944  2.939185 
0.010773  2.938894 
0.011601  2.938595 
0.012430  2.938292 
0.013258  2.937989 
0.014087  2.937689 
0.014916  2.937397 
0.015745  2.937117 
0.016573  2.936853 
0.017402  2.936611 
0.018230  2.936395 
0.019059  2.936211 
0.019888  2.936065 
0.020716  2.935963 
0.021545  2.935911 
0.022374  2.935915 
0.023202  2.935984 
0.024031  2.936123 
0.024860  2.936340 
0.025688  2.936644 
0.026517  2.937041 
0.027346  2.937539 
0.028174  2.938148 
0.029003  2.938873 
0.029832  2.939723 
0.030660  2.940704 
0.031489  2.941824 
0.032318  2.941437 
0.033146  2.934310 
0.033975  2.927029 
0.034804  2.919621 
0.035632  2.912118 
0.036461  2.904561 
0.037290  2.896996 
0.038118  2.889479 
0.038947  2.882071 
0.039775  2.874836 
0.040604  2.867841 
0.041433  2.861156 
0.042262  2.854848 
0.043090  2.848985 
0.043919  2.843629 
0.044748  2.838839 
0.045576  2.834668 
0.046405  2.831163 
0.047233  2.828364 
0.048062  2.826304 
0.048891  2.825009 
0.049719  2.824499 
0.050548  2.824785 
0.051377  2.825873 
0.052205  2.827761 
0.053034  2.830443 
0.053863  2.833906 
0.054691  2.838133 
0.055520  2.843100 
0.056349  2.848782 
0.057177  2.855146 
0.058006  2.862159 
0.058835  2.869782 
0.059663  2.877975 
0.060492  2.886694 
0.061321  2.895896 
0.062149  2.905531 
0.062978  2.915553 
0.063807  2.925911 
0.064635  2.936554 
0.065464  2.947431 
0.066293  2.958489 
0.067121  2.969674 
0.067950  2.980931 
0.068779  2.992204 
0.069607  3.003436 
0.070436  3.014567 
0.071264  3.025536 
0.072093  3.036279 
0.072922  3.046727 
0.073750  3.056811 
0.074579  3.066455 
0.075408  3.075580 
0.076236  3.084101 
0.077065  3.091932 
0.077894  3.096620 
0.078722  3.097394 
0.079551  3.098027 
0.080380  3.098520 
0.081208  3.098872 
0.082037  3.099083 
0.082866  3.099154 


0.000000  3.091196 
0.000829  3.091079 
0.001657  3.090728 
0.002486  3.090145 
0.003315  3.089329 
0.004143  3.088282 
0.004972  3.087005 
0.005801  3.085500 
0.006629  3.083768 
0.007458  3.081813 
0.008287  3.079638 
0.009115  3.077245 
0.009944  3.074639 
0.010773  3.071825 
0.011601  3.068807 
0.012430  3.065591 
0.013258  3.062183 
0.014087  3.058589 
0.014916  3.054816 
0.015745  3.050871 
0.016573  3.046761 
0.017402  3.042494 
0.018230  3.038075 
0.019059  3.033512 
0.019888  3.028811 
0.020716  3.023975 
0.021545  3.019008 
0.022374  3.013913 
0.023202  3.008690 
0.024031  3.003337 
0.024860  2.997851 
0.025688  2.992228 
0.026517  2.986460 
0.027346  2.980541 
0.028174  2.974461 
0.029003  2.968213 
0.029832  2.961789 
0.030660  2.955186 
0.031489  2.948402 
0.032318  2.943090 
0.033146  2.944502 
0.033975  2.946068 
0.034804  2.947792 
0.035632  2.949674 
0.036461  2.951717 
0.037290  2.953919 
0.038118  2.956279 
0.038947  2.958794 
0.039775  2.961460 
0.040604  2.964271 
0.041433  2.967221 
0.042262  2.970303 
0.043090  2.973506 
0.043919  2.976824 
0.044748  2.980244 
0.045576  2.983757 
0.046405  2.987351 
0.047233  2.991016 
0.048062  2.994740 
0.048891  2.998511 
0.049719  3.002319 
0.050548  3.006152 
0.051377  3.009999 
0.052205  3.013849 
0.053034  3.017693 
0.053863  3.021521 
0.054691  3.025324 
0.055520  3.029092 
0.056349  3.032817 
0.057177  3.036491 
0.058006  3.040108 
0.058835  3.043658 
0.059663  3.047137 
0.060492  3.050539 
0.061321  3.053856 
0.062149  3.057084 
0.062978  3.060218 
0.063807  3.063253 
0.064635  3.066185 
0.065464  3.069010 
0.066293  3.071724 
0.067121  3.074324 
0.067950  3.076807 
0.068779  3.079169 
0.069607  3.081409 
0.070436  3.083523 
0.071264  3.085510 
0.072093  3.087368 
0.072922  3.089095 
0.073750  3.090688 
0.074579  3.092148 
0.075408  3.093472 
0.076236  3.094660 
0.077065  3.095711 
0.077894  3.098984 
0.078722  3.105159 
0.079551  3.110369 
0.080380  3.114527 
0.081208  3.117558 
0.082037  3.119403 
0.082866  3.120022 


0.000000  3.245037 
0.000829  3.244953 
0.001657  3.244702 
0.002486  3.244285 
0.003315  3.243703 
0.004143  3.242959 
0.004972  3.242055 
0.005801  3.240997 
0.006629  3.239787 
0.007458  3.238432 
0.008287  3.236937 
0.009115  3.235308 
0.009944  3.233554 
0.010773  3.231680 
0.011601  3.229697 
0.012430  3.227613 
0.013258  3.225438 
0.014087  3.223182 
0.014916  3.220857 
0.015745  3.218474 
0.016573  3.216045 
0.017402  3.213583 
0.018230  3.211101 
0.019059  3.208613 
0.019888  3.206132 
0.020716  3.203673 
0.021545  3.201250 
0.022374  3.198879 
0.023202  3.196573 
0.024031  3.194347 
0.024860  3.192217 
0.025688  3.190195 
0.026517  3.188298 
0.027346  3.186536 
0.028174  3.184925 
0.029003  3.183476 
0.029832  3.182200 
0.030660  3.181108 
0.031489  3.180209 
0.032318  3.179512 
0.033146  3.179025 
0.033975  3.178752 
0.034804  3.178699 
0.035632  3.178870 
0.036461  3.179266 
0.037290  3.179887 
0.038118  3.180734 
0.038947  3.181805 
0.039775  3.183095 
0.040604  3.184601 
0.041433  3.186316 
0.042262  3.188235 
0.043090  3.190348 
0.043919  3.192648 
0.044748  3.195124 
0.045576  3.197766 
0.046405  3.200562 
0.047233  3.203500 
0.048062  3.206569 
0.048891  3.209754 
0.049719  3.213043 
0.050548  3.216423 
0.051377  3.219879 
0.052205  3.223400 
0.053034  3.226970 
0.053863  3.230578 
0.054691  3.234210 
0.055520  3.237854 
0.056349  3.241498 
0.057177  3.245129 
0.058006  3.248738 
0.058835  3.252312 
0.059663  3.255843 
0.060492  3.259320 
0.061321  3.262735 
0.062149  3.266079 
0.062978  3.269344 
0.063807  3.272523 
0.064635  3.275609 
0.065464  3.278596 
0.066293  3.281477 
0.067121  3.284248 
0.067950  3.286903 
0.068779  3.289438 
0.069607  3.291848 
0.070436  3.294130 
0.071264  3.296279 
0.072093  3.298292 
0.072922  3.299088 
0.073750  3.298066 
0.074579  3.296968 
0.075408  3.295816 
0.076236  3.294633 
0.077065  3.293449 
0.077894  3.292298 
0.078722  3.291218 
0.079551  3.290252 
0.080380  3.289443 
0.081208  3.288831 
0.082037  3.288449 
0.082866  3.288319 


0.000000  3.848417 
0.000829  3.847669 
0.001657  3.845438 
0.002486  3.841766 
0.003315  3.836716 
0.004143  3.830367 
0.004972  3.822810 
0.005801  3.814142 
0.006629  3.804459 
0.007458  3.793856 
0.008287  3.782421 
0.009115  3.770238 
0.009944  3.757383 
0.010773  3.743929 
0.011601  3.729940 
0.012430  3.715479 
0.013258  3.700601 
0.014087  3.685361 
0.014916  3.669811 
0.015745  3.653999 
0.016573  3.637973 
0.017402  3.621782 
0.018230  3.605471 
0.019059  3.589089 
0.019888  3.572680 
0.020716  3.556295 
0.021545  3.539981 
0.022374  3.523789 
0.023202  3.507768 
0.024031  3.491972 
0.024860  3.476452 
0.025688  3.461263 
0.026517  3.446459 
0.027346  3.432093 
0.028174  3.418219 
0.029003  3.404888 
0.029832  3.392150 
0.030660  3.380050 
0.031489  3.368629 
0.032318  3.357922 
0.033146  3.347957 
0.033975  3.338755 
0.034804  3.330328 
0.035632  3.322679 
0.036461  3.315804 
0.037290  3.309689 
0.038118  3.304313 
0.038947  3.299649 
0.039775  3.295662 
0.040604  3.292316 
0.041433  3.289569 
0.042262  3.287378 
0.043090  3.285697 
0.043919  3.284481 
0.044748  3.283685 
0.045576  3.283266 
0.046405  3.283179 
0.047233  3.283383 
0.048062  3.283839 
0.048891  3.284510 
0.049719  3.285360 
0.050548  3.286355 
0.051377  3.287464 
0.052205  3.288659 
0.053034  3.289912 
0.053863  3.291200 
0.054691  3.292498 
0.055520  3.293787 
0.056349  3.295047 
0.057177  3.296262 
0.058006  3.297416 
0.058835  3.298495 
0.059663  3.299488 
0.060492  3.300384 
0.061321  3.301174 
0.062149  3.301850 
0.062978  3.302407 
0.063807  3.302839 
0.064635  3.303143 
0.065464  3.303316 
0.066293  3.303356 
0.067121  3.303263 
0.067950  3.303038 
0.068779  3.302682 
0.069607  3.302198 
0.070436  3.301591 
0.071264  3.300867 
0.072093  3.300033 
0.072922  3.300177 
0.073750  3.301909 
0.074579  3.303501 
0.075408  3.304948 
0.076236  3.306248 
0.077065  3.307399 
0.077894  3.308399 
0.078722  3.309248 
0.079551  3.309944 
0.080380  3.310486 
0.081208  3.310873 
0.082037  3.311106 
0.082866  3.311184 


0.000000  4.087618 
0.000829  4.087328 
0.001657  4.086483 
0.002486  4.085146 
0.003315  4.083395 
0.004143  4.081306 
0.004972  4.078939 
0.005801  4.076339 
0.006629  4.073538 
0.007458  4.070559 
0.008287  4.067421 
0.009115  4.064140 
0.009944  4.060729 
0.010773  4.057202 
0.011601  4.053572 
0.012430  4.049853 
0.013258  4.046057 
0.014087  4.042199 
0.014916  4.038290 
0.015745  4.034344 
0.016573  4.030371 
0.017402  4.026383 
0.018230  4.022389 
0.019059  4.018400 
0.019888  4.014423 
0.020716  4.010466 
0.021545  4.006534 
0.022374  4.002632 
0.023202  3.998765 
0.024031  3.994935 
0.024860  3.991144 
0.025688  3.987392 
0.026517  3.983680 
0.027346  3.980006 
0.028174  3.976368 
0.029003  3.972763 
0.029832  3.969188 
0.030660  3.965637 
0.031489  3.962106 
0.032318  3.958589 
0.033146  3.955080 
0.033975  3.951572 
0.034804  3.948057 
0.035632  3.944529 
0.036461  3.940980 
0.037290  3.937400 
0.038118  3.933784 
0.038947  3.930121 
0.039775  3.926404 
0.040604  3.922624 
0.041433  3.918772 
0.042262  3.914842 
0.043090  3.910824 
0.043919  3.906710 
0.044748  3.902493 
0.045576  3.898165 
0.046405  3.893719 
0.047233  3.889147 
0.048062  3.884445 
0.048891  3.879604 
0.049719  3.874621 
0.050548  3.869489 
0.051377  3.864205 
0.052205  3.858764 
0.053034  3.853163 
0.053863  3.847399 
0.054691  3.841472 
0.055520  3.835380 
0.056349  3.829124 
0.057177  3.822705 
0.058006  3.816125 
0.058835  3.809388 
0.059663  3.802498 
0.060492  3.795463 
0.061321  3.788290 
0.062149  3.780989 
0.062978  3.773572 
0.063807  3.766051 
0.064635  3.758444 
0.065464  3.750767 
0.066293  3.743043 
0.067121  3.735293 
0.067950  3.727544 
0.068779  3.719825 
0.069607  3.712170 
0.070436  3.704613 
0.071264  3.697194 
0.072093  3.689955 
0.072922  3.682943 
0.073750  3.676206 
0.074579  3.669795 
0.075408  3.663766 
0.076236  3.658172 
0.077065  3.653070 
0.077894  3.648513 
0.078722  3.644554 
0.079551  3.641241 
0.080380  3.638617 
0.081208  3.636715 
0.082037  3.635564 
0.082866  3.635178 


0.000000  4.142823 
0.000829  4.143382 
0.001657  4.145025 
0.002486  4.147655 
0.003315  4.151143 
0.004143  4.155352 
0.004972  4.160154 
0.005801  4.165432 
0.006629  4.171089 
0.007458  4.177041 
0.008287  4.183218 
0.009115  4.189559 
0.009944  4.196016 
0.010773  4.202548 
0.011601  4.209120 
0.012430  4.215705 
0.013258  4.222280 
0.014087  4.228826 
0.014916  4.235329 
0.015745  4.241777 
0.016573  4.248160 
0.017402  4.254469 
0.018230  4.260700 
0.019059  4.266848 
0.019888  4.272907 
0.020716  4.278876 
0.021545  4.284750 
0.022374  4.290528 
0.023202  4.296207 
0.024031  4.301784 
0.024860  4.307256 
0.025688  4.312622 
0.026517  4.317878 
0.027346  4.323021 
0.028174  4.328047 
0.029003  4.332954 
0.029832  4.337738 
0.030660  4.342395 
0.031489  4.346921 
0.032318  4.351315 
0.033146  4.355572 
0.033975  4.359691 
0.034804  4.363669 
0.035632  4.367506 
0.036461  4.371200 
0.037290  4.374753 
0.038118  4.378166 
0.038947  4.381441 
0.039775  4.384581 
0.040604  4.387591 
0.041433  4.390476 
0.042262  4.393240 
0.043090  4.395892 
0.043919  4.398437 
0.044748  4.400882 
0.045576  4.403236 
0.046405  4.405506 
0.047233  4.407700 
0.048062  4.409825 
0.048891  4.411888 
0.049719  4.413896 
0.050548  4.415856 
0.051377  4.417774 
0.052205  4.419656 
0.053034  4.421506 
0.053863  4.423328 
0.054691  4.425127 
0.055520  4.426906 
0.056349  4.428667 
0.057177  4.430412 
0.058006  4.432141 
0.058835  4.433856 
0.059663  4.435556 
0.060492  4.437241 
0.061321  4.438909 
0.062149  4.440559 
0.062978  4.442188 
0.063807  4.443794 
0.064635  4.445375 
0.065464  4.446925 
0.066293  4.448443 
0.067121  4.449923 
0.067950  4.451362 
0.068779  4.452756 
0.069607  4.454100 
0.070436  4.455390 
0.071264  4.456622 
0.072093  4.457791 
0.072922  4.458893 
0.073750  4.459923 
0.074579  4.460879 
0.075408  4.461756 
0.076236  4.462550 
0.077065  4.463259 
0.077894  4.463880 
0.078722  4.464409 
0.079551  4.464846 
0.080380  4.465187 
0.081208  4.465432 
0.082037  4.465579 
0.082866  4.465628 


0.000000  4.434351 
0.000829  4.434487 
0.001657  4.434895 
0.002486  4.435570 
0.003315  4.436506 
0.004143  4.437694 
0.004972  4.439123 
0.005801  4.440781 
0.006629  4.442653 
0.007458  4.444724 
0.008287  4.446979 
0.009115  4.449401 
0.009944  4.451973 
0.010773  4.454679 
0.011601  4.457505 
0.012430  4.460435 
0.013258  4.463455 
0.014087  4.466552 
0.014916  4.469714 
0.015745  4.472932 
0.016573  4.476197 
0.017402  4.479500 
0.018230  4.482837 
0.019059  4.486203 
0.019888  4.489594 
0.020716  4.493010 
0.021545  4.496450 
0.022374  4.499917 
0.023202  4.503414 
0.024031  4.506944 
0.024860  4.510513 
0.025688  4.514129 
0.026517  4.517799 
0.027346  4.521533 
0.028174  4.525339 
0.029003  4.529229 
0.029832  4.533214 
0.030660  4.537306 
0.031489  4.541515 
0.032318  4.545854 
0.033146  4.550335 
0.033975  4.554968 
0.034804  4.559763 
0.035632  4.564731 
0.036461  4.569880 
0.037290  4.575218 
0.038118  4.580751 
0.038947  4.586483 
0.039775  4.592418 
0.040604  4.598559 
0.041433  4.604906 
0.042262  4.611458 
0.043090  4.618212 
0.043919  4.625166 
0.044748  4.632315 
0.045576  4.639653 
0.046405  4.647172 
0.047233  4.654866 
0.048062  4.662726 
0.048891  4.670741 
0.049719  4.678902 
0.050548  4.687197 
0.051377  4.695615 
0.052205  4.704143 
0.053034  4.712769 
0.053863  4.721479 
0.054691  4.730259 
0.055520  4.739094 
0.056349  4.747970 
0.057177  4.756871 
0.058006  4.765781 
0.058835  4.774684 
0.059663  4.783562 
0.060492  4.792398 
0.061321  4.801175 
0.062149  4.809873 
0.062978  4.818475 
0.063807  4.826960 
0.064635  4.835310 
0.065464  4.843505 
0.066293  4.851523 
0.067121  4.859344 
0.067950  4.866948 
0.068779  4.874311 
0.069607  4.881414 
0.070436  4.888233 
0.071264  4.894748 
0.072093  4.900935 
0.072922  4.906773 
0.073750  4.912242 
0.074579  4.917318 
0.075408  4.921983 
0.076236  4.926217 
0.077065  4.930000 
0.077894  4.933317 
0.078722  4.936152 
0.079551  4.938491 
0.080380  4.940322 
0.081208  4.941637 
0.082037  4.942429 
0.082866  4.942693 


0.000000  5.185002 
0.000829  5.184834 
0.001657  5.184331 
0.002486  5.183497 
0.003315  5.182336 
0.004143  5.180857 
0.004972  5.179068 
0.005801  5.176982 
0.006629  5.174611 
0.007458  5.171971 
0.008287  5.169079 
0.009115  5.165954 
0.009944  5.162616 
0.010773  5.159087 
0.011601  5.155390 
0.012430  5.151550 
0.013258  5.147591 
0.014087  5.143540 
0.014916  5.139424 
0.015745  5.135272 
0.016573  5.131110 
0.017402  5.126968 
0.018230  5.122875 
0.019059  5.118858 
0.019888  5.114947 
0.020716  5.111169 
0.021545  5.107552 
0.022374  5.104123 
0.023202  5.100907 
0.024031  5.097930 
0.024860  5.095216 
0.025688  5.092785 
0.026517  5.090661 
0.027346  5.088860 
0.028174  5.087401 
0.029003  5.086298 
0.029832  5.085564 
0.030660  5.085209 
0.031489  5.085242 
0.032318  5.085666 
0.033146  5.086484 
0.033975  5.087696 
0.034804  5.089296 
0.035632  5.091277 
0.036461  5.093628 
0.037290  5.096336 
0.038118  5.099381 
0.038947  5.102744 
0.039775  5.106400 
0.040604  5.110322 
0.041433  5.114480 
0.042262  5.118841 
0.043090  5.123373 
0.043919  5.128040 
0.044748  5.132808 
0.045576  5.137640 
0.046405  5.142504 
0.047233  5.147367 
0.048062  5.152201 
0.048891  5.156979 
0.049719  5.161680 
0.050548  5.166286 
0.051377  5.170784 
0.052205  5.175164 
0.053034  5.179423 
0.053863  5.183559 
0.054691  5.187574 
0.055520  5.191473 
0.056349  5.195261 
0.057177  5.198948 
0.058006  5.202541 
0.058835  5.206049 
0.059663  5.209479 
0.060492  5.212838 
0.061321  5.216131 
0.062149  5.219364 
0.062978  5.222538 
0.063807  5.225655 
0.064635  5.228714 
0.065464  5.231713 
0.066293  5.234649 
0.067121  5.237517 
0.067950  5.240311 
0.068779  5.243023 
0.069607  5.245647 
0.070436  5.248173 
0.071264  5.250594 
0.072093  5.252899 
0.072922  5.255079 
0.073750  5.257126 
0.074579  5.259030 
0.075408  5.260782 
0.076236  5.262374 
0.077065  5.263799 
0.077894  5.265049 
0.078722  5.266118 
0.079551  5.267000 
0.080380  5.267691 
0.081208  5.268187 
0.082037  5.268485 
0.082866  5.268585 


0.000000  6.272982 
0.000829  6.272869 
0.001657  6.272529 
0.002486  6.271963 
0.003315  6.271169 
0.004143  6.270147 
0.004972  6.268896 
0.005801  6.267415 
0.006629  6.265703 
0.007458  6.263759 
0.008287  6.261580 
0.009115  6.259166 
0.009944  6.256515 
0.010773  6.253624 
0.011601  6.250493 
0.012430  6.247120 
0.013258  6.243502 
0.014087  6.239639 
0.014916  6.235529 
0.015745  6.231170 
0.016573  6.226561 
0.017402  6.221701 
0.018230  6.216589 
0.019059  6.211225 
0.019888  6.205608 
0.020716  6.199738 
0.021545  6.193613 
0.022374  6.187231 
0.023202  6.180485 
0.024031  6.163611 
0.024860  6.144403 
0.025688  6.125139 
0.026517  6.105884 
0.027346  6.086695 
0.028174  6.067629 
0.029003  6.048743 
0.029832  6.030093 
0.030660  6.011738 
0.031489  5.993736 
0.032318  5.976144 
0.033146  5.959020 
0.033975  5.942423 
0.034804  5.926410 
0.035632  5.911038 
0.036461  5.896365 
0.037290  5.882447 
0.038118  5.869338 
0.038947  5.857093 
0.039775  5.845763 
0.040604  5.835400 
0.041433  5.826051 
0.042262  5.817761 
0.043090  5.810571 
0.043919  5.804519 
0.044748  5.799635 
0.045576  5.795946 
0.046405  5.793472 
0.047233  5.792223 
0.048062  5.792205 
0.048891  5.793413 
0.049719  5.795832 
0.050548  5.799440 
0.051377  5.804204 
0.052205  5.810079 
0.053034  5.816904 
0.053863  5.807892 
0.054691  5.796576 
0.055520  5.785335 
0.056349  5.774189 
0.057177  5.763152 
0.058006  5.752238 
0.058835  5.741460 
0.059663  5.730832 
0.060492  5.720367 
0.061321  5.710081 
0.062149  5.699986 
0.062978  5.690098 
0.063807  5.680431 
0.064635  5.671000 
0.065464  5.661821 
0.066293  5.652908 
0.067121  5.644277 
0.067950  5.635945 
0.068779  5.627928 
0.069607  5.620242 
0.070436  5.612904 
0.071264  5.605932 
0.072093  5.599342 
0.072922  5.593152 
0.073750  5.587378 
0.074579  5.582037 
0.075408  5.577147 
0.076236  5.572722 
0.077065  5.568777 
0.077894  5.565328 
0.078722  5.562385 
0.079551  5.559962 
0.080380  5.558066 
0.081208  5.556707 
0.082037  5.555889 
0.082866  5.555616 


0.000000  6.503731 
0.000829  6.503250 
0.001657  6.501809 
0.002486  6.499411 
0.003315  6.496062 
0.004143  6.491769 
0.004972  6.486543 
0.005801  6.480396 
0.006629  6.473342 
0.007458  6.465399 
0.008287  6.456585 
0.009115  6.446922 
0.009944  6.436432 
0.010773  6.425141 
0.011601  6.413077 
0.012430  6.400268 
0.013258  6.386746 
0.014087  6.372545 
0.014916  6.357699 
0.015745  6.342246 
0.016573  6.326224 
0.017402  6.309675 
0.018230  6.292639 
0.019059  6.275162 
0.019888  6.257289 
0.020716  6.239066 
0.021545  6.220544 
0.022374  6.201777 
0.023202  6.182921 
0.024031  6.173794 
0.024860  6.166658 
0.025688  6.159290 
0.026517  6.151683 
0.027346  6.143839 
0.028174  6.135760 
0.029003  6.127450 
0.029832  6.118915 
0.030660  6.110158 
0.031489  6.101186 
0.032318  6.092004 
0.033146  6.082618 
0.033975  6.073036 
0.034804  6.063265 
0.035632  6.053312 
0.036461  6.043185 
0.037290  6.032893 
0.038118  6.022444 
0.038947  6.011848 
0.039775  6.001114 
0.040604  5.990252 
0.041433  5.979271 
0.042262  5.968183 
0.043090  5.956997 
0.043919  5.945725 
0.044748  5.934377 
0.045576  5.922965 
0.046405  5.911500 
0.047233  5.899995 
0.048062  5.888460 
0.048891  5.876907 
0.049719  5.865350 
0.050548  5.853801 
0.051377  5.842272 
0.052205  5.830781 
0.053034  5.819452 
0.053863  5.825027 
0.054691  5.833924 
0.055520  5.843707 
0.056349  5.854295 
0.057177  5.865609 
0.058006  5.877567 
0.058835  5.890088 
0.059663  5.903086 
0.060492  5.916478 
0.061321  5.930180 
0.062149  5.944109 
0.062978  5.958183 
0.063807  5.972324 
0.064635  5.986453 
0.065464  6.000497 
0.066293  6.014382 
0.067121  6.028039 
0.067950  6.041402 
0.068779  6.054407 
0.069607  6.066995 
0.070436  6.079108 
0.071264  6.090692 
0.072093  6.101698 
0.072922  6.112078 
0.073750  6.121788 
0.074579  6.130789 
0.075408  6.139044 
0.076236  6.146519 
0.077065  6.153185 
0.077894  6.159016 
0.078722  6.163988 
0.079551  6.168083 
0.080380  6.171284 
0.081208  6.173579 
0.082037  6.174960 
0.082866  6.175420 


0.000000  7.123013 
0.000829  7.123071 
0.001657  7.123248 
0.002486  7.123543 
0.003315  7.123958 
0.004143  7.124495 
0.004972  7.125155 
0.005801  7.125942 
0.006629  7.126858 
0.007458  7.127907 
0.008287  7.129092 
0.009115  7.130419 
0.009944  7.131891 
0.010773  7.133513 
0.011601  7.135291 
0.012430  7.137230 
0.013258  7.139335 
0.014087  7.141612 
0.014916  7.144066 
0.015745  7.146704 
0.016573  7.149532 
0.017402  7.152554 
0.018230  7.155777 
0.019059  7.159207 
0.019888  7.162848 
0.020716  7.166705 
0.021545  7.170785 
0.022374  7.175090 
0.023202  7.179626 
0.024031  7.184395 
0.024860  7.189402 
0.025688  7.194649 
0.026517  7.200139 
0.027346  7.205872 
0.028174  7.211851 
0.029003  7.218076 
0.029832  7.224547 
0.030660  7.231263 
0.031489  7.238223 
0.032318  7.245426 
0.033146  7.252867 
0.033975  7.260545 
0.034804  7.268455 
0.035632  7.276592 
0.036461  7.284951 
0.037290  7.293527 
0.038118  7.302312 
0.038947  7.311300 
0.039775  7.320482 
0.040604  7.329849 
0.041433  7.339394 
0.042262  7.349106 
0.043090  7.358975 
0.043919  7.368990 
0.044748  7.379141 
0.045576  7.389415 
0.046405  7.399800 
0.047233  7.410285 
0.048062  7.420855 
0.048891  7.431499 
0.049719  7.442202 
0.050548  7.452950 
0.051377  7.463731 
0.052205  7.474528 
0.053034  7.485329 
0.053863  7.496118 
0.054691  7.506880 
0.055520  7.517602 
0.056349  7.528267 
0.057177  7.538861 
0.058006  7.549369 
0.058835  7.559775 
0.059663  7.570065 
0.060492  7.580224 
0.061321  7.590235 
0.062149  7.600085 
0.062978  7.609757 
0.063807  7.619236 
0.064635  7.628507 
0.065464  7.637554 
0.066293  7.646362 
0.067121  7.654913 
0.067950  7.663193 
0.068779  7.671185 
0.069607  7.678870 
0.070436  7.686233 
0.071264  7.693255 
0.072093  7.699917 
0.072922  7.706201 
0.073750  7.712087 
0.074579  7.717555 
0.075408  7.722585 
0.076236  7.727157 
0.077065  7.731250 
0.077894  7.734846 
0.078722  7.737925 
0.079551  7.740470 
0.080380  7.742467 
0.081208  7.743902 
0.082037  7.744767 
0.082866  7.745056 


0.000000  8.072808 
0.000829  8.072794 
0.001657  8.072751 
0.002486  8.072681 
0.003315  8.072582 
0.004143  8.072454 
0.004972  8.072296 
0.005801  8.072107 
0.006629  8.071887 
0.007458  8.071636 
0.008287  8.071350 
0.009115  8.071031 
0.009944  8.070677 
0.010773  8.070286 
0.011601  8.069858 
0.012430  8.069391 
0.013258  8.068885 
0.014087  8.068339 
0.014916  8.067751 
0.015745  8.067122 
0.016573  8.066450 
0.017402  8.065735 
0.018230  8.064976 
0.019059  8.064174 
0.019888  8.063328 
0.020716  8.062439 
0.021545  8.061506 
0.022374  8.060530 
0.023202  8.059512 
0.024031  8.058452 
0.024860  8.057351 
0.025688  8.056211 
0.026517  8.055031 
0.027346  8.053814 
0.028174  8.052561 
0.029003  8.051273 
0.029832  8.049951 
0.030660  8.048598 
0.031489  8.047214 
0.032318  8.045801 
0.033146  8.044362 
0.033975  8.042897 
0.034804  8.041407 
0.035632  8.039896 
0.036461  8.038363 
0.037290  8.036811 
0.038118  8.035241 
0.038947  8.033654 
0.039775  8.032052 
0.040604  8.030435 
0.041433  8.028806 
0.042262  8.027164 
0.043090  8.025510 
0.043919  8.023846 
0.044748  8.022173 
0.045576  8.020490 
0.046405  8.018798 
0.047233  8.017098 
0.048062  8.015390 
0.048891  8.013675 
0.049719  8.011951 
0.050548  8.010220 
0.051377  8.008481 
0.052205  8.006734 
0.053034  8.004980 
0.053863  8.003217 
0.054691  8.001446 
0.055520  7.999666 
0.056349  7.997877 
0.057177  7.996079 
0.058006  7.994272 
0.058835  7.992456 
0.059663  7.990630 
0.060492  7.988795 
0.061321  7.986952 
0.062149  7.985100 
0.062978  7.983242 
0.063807  7.981377 
0.064635  7.979509 
0.065464  7.977638 
0.066293  7.975767 
0.067121  7.973901 
0.067950  7.972042 
0.068779  7.970195 
0.069607  7.968367 
0.070436  7.966564 
0.071264  7.964793 
0.072093  7.963063 
0.072922  7.961385 
0.073750  7.959768 
0.074579  7.958225 
0.075408  7.956768 
0.076236  7.955412 
0.077065  7.954170 
0.077894  7.953057 
0.078722  7.952086 
0.079551  7.951272 
0.080380  7.950624 
0.081208  7.950154 
0.082037  7.949869 
0.082866  7.949774 


0.000000  8.323448 
0.000829  8.323472 
0.001657  8.323542 
0.002486  8.323660 
0.003315  8.323826 
0.004143  8.324041 
0.004972  8.324306 
0.005801  8.324621 
0.006629  8.324989 
0.007458  8.325410 
0.008287  8.325887 
0.009115  8.326420 
0.009944  8.327012 
0.010773  8.327665 
0.011601  8.328380 
0.012430  8.329159 
0.013258  8.330004 
0.014087  8.330917 
0.014916  8.331899 
0.015745  8.332952 
0.016573  8.334076 
0.017402  8.335274 
0.018230  8.336547 
0.019059  8.337894 
0.019888  8.339317 
0.020716  8.340815 
0.021545  8.342390 
0.022374  8.344040 
0.023202  8.345766 
0.024031  8.347567 
0.024860  8.349441 
0.025688  8.351388 
0.026517  8.353406 
0.027346  8.355494 
0.028174  8.357649 
0.029003  8.359870 
0.029832  8.362154 
0.030660  8.364499 
0.031489  8.366902 
0.032318  8.369361 
0.033146  8.371872 
0.033975  8.374432 
0.034804  8.377039 
0.035632  8.379688 
0.036461  8.382377 
0.037290  8.385101 
0.038118  8.387858 
0.038947  8.390644 
0.039775  8.393455 
0.040604  8.396287 
0.041433  8.399137 
0.042262  8.402001 
0.043090  8.404875 
0.043919  8.407756 
0.044748  8.410640 
0.045576  8.413523 
0.046405  8.416402 
0.047233  8.419272 
0.048062  8.422131 
0.048891  8.424975 
0.049719  8.427800 
0.050548  8.430603 
0.051377  8.433380 
0.052205  8.436129 
0.053034  8.438845 
0.053863  8.441526 
0.054691  8.444168 
0.055520  8.446769 
0.056349  8.449326 
0.057177  8.451834 
0.058006  8.454293 
0.058835  8.456698 
0.059663  8.459048 
0.060492  8.461339 
0.061321  8.463569 
0.062149  8.465736 
0.062978  8.467837 
0.063807  8.469870 
0.064635  8.471832 
0.065464  8.473723 
0.066293  8.475539 
0.067121  8.477278 
0.067950  8.478940 
0.068779  8.480521 
0.069607  8.482022 
0.070436  8.483439 
0.071264  8.484771 
0.072093  8.486018 
0.072922  8.487177 
0.073750  8.488248 
0.074579  8.489230 
0.075408  8.490121 
0.076236  8.490921 
0.077065  8.491629 
0.077894  8.492243 
0.078722  8.492764 
0.079551  8.493192 
0.080380  8.493524 
0.081208  8.493762 
0.082037  8.493905 
0.082866  8.493952 


