# distance  frequency (bands are separated by blank lines)
# End points of segments: 
#   0.00000000 0.15105140 
0.000000  1.402857 
0.001510  1.403135 
0.003021  1.403968 
0.004531  1.405354 
0.006042  1.407291 
0.007553  1.409774 
0.009063  1.412799 
0.010574  1.416360 
0.012084  1.420449 
0.013595  1.425060 
0.015105  1.430183 
0.016616  1.435812 
0.018126  1.441937 
0.019637  1.448549 
0.021147  1.455640 
0.022658  1.463203 
0.024168  1.471229 
0.025679  1.479713 
0.027189  1.488649 
0.028700  1.498032 
0.030210  1.507857 
0.031721  1.518123 
0.033231  1.528824 
0.034742  1.539959 
0.036252  1.551525 
0.037763  1.563520 
0.039273  1.575941 
0.040784  1.588785 
0.042294  1.602048 
0.043805  1.615726 
0.045315  1.629813 
0.046826  1.644303 
0.048336  1.659188 
0.049847  1.674457 
0.051358  1.690100 
0.052868  1.706102 
0.054379  1.722447 
0.055889  1.739116 
0.057399  1.756088 
0.058910  1.773338 
0.060421  1.790838 
0.061931  1.808560 
0.063442  1.826471 
0.064952  1.844535 
0.066463  1.862715 
0.067973  1.880970 
0.069484  1.899258 
0.070994  1.917535 
0.072505  1.935756 
0.074015  1.953873 
0.075526  1.971839 
0.077036  1.989606 
0.078547  2.007126 
0.080057  2.024351 
0.081568  2.041235 
0.083078  2.057733 
0.084589  2.073802 
0.086099  2.089400 
0.087610  2.104490 
0.089120  2.119038 
0.090631  2.133011 
0.092141  2.146382 
0.093652  2.159127 
0.095162  2.171227 
0.096673  2.182665 
0.098183  2.193431 
0.099694  2.203515 
0.101204  2.212916 
0.102715  2.221631 
0.104225  2.229665 
0.105736  2.237024 
0.107246  2.243718 
0.108757  2.249760 
0.110268  2.255166 
0.111778  2.259954 
0.113289  2.264147 
0.114799  2.267767 
0.116310  2.270843 
0.117820  2.273404 
0.119331  2.275483 
0.120841  2.277114 
0.122352  2.278335 
0.123862  2.279186 
0.125373  2.279709 
0.126883  2.279948 
0.128394  2.279949 
0.129904  2.279760 
0.131415  2.279428 
0.132925  2.279003 
0.134436  2.278532 
0.135946  2.278064 
0.137457  2.277645 
0.138967  2.277321 
0.140478  2.277135 
0.141988  2.277126 
0.143499  2.277330 
0.145009  2.277776 
0.146520  2.278488 
0.148030  2.279466 
0.149541  2.280640 
0.151051  2.281423 


0.000000  1.485272 
0.001510  1.485307 
0.003021  1.485422 
0.004531  1.485640 
0.006042  1.486001 
0.007553  1.486557 
0.009063  1.487367 
0.010574  1.488497 
0.012084  1.490016 
0.013595  1.491992 
0.015105  1.494488 
0.016616  1.497564 
0.018126  1.501274 
0.019637  1.505664 
0.021147  1.510770 
0.022658  1.516622 
0.024168  1.523242 
0.025679  1.530643 
0.027189  1.538831 
0.028700  1.547806 
0.030210  1.557561 
0.031721  1.568085 
0.033231  1.579362 
0.034742  1.591372 
0.036252  1.604093 
0.037763  1.617500 
0.039273  1.631566 
0.040784  1.646263 
0.042294  1.661563 
0.043805  1.677435 
0.045315  1.693850 
0.046826  1.710777 
0.048336  1.728186 
0.049847  1.746048 
0.051358  1.764332 
0.052868  1.783011 
0.054379  1.802055 
0.055889  1.821436 
0.057399  1.841128 
0.058910  1.861104 
0.060421  1.881336 
0.061931  1.901799 
0.063442  1.922467 
0.064952  1.943313 
0.066463  1.964312 
0.067973  1.985438 
0.069484  2.006662 
0.070994  2.027958 
0.072505  2.049295 
0.074015  2.070643 
0.075526  2.091969 
0.077036  2.113239 
0.078547  2.134414 
0.080057  2.155454 
0.081568  2.176311 
0.083078  2.196936 
0.084589  2.217269 
0.086099  2.237246 
0.087610  2.256788 
0.089120  2.275804 
0.090631  2.294186 
0.092141  2.311800 
0.093652  2.328485 
0.095162  2.344044 
0.096673  2.358246 
0.098183  2.370830 
0.099694  2.381541 
0.101204  2.390173 
0.102715  2.396640 
0.104225  2.401003 
0.105736  2.403461 
0.107246  2.404286 
0.108757  2.403767 
0.110268  2.402161 
0.111778  2.399683 
0.113289  2.396503 
0.114799  2.392755 
0.116310  2.388543 
0.117820  2.383954 
0.119331  2.379056 
0.120841  2.373909 
0.122352  2.368568 
0.123862  2.363080 
0.125373  2.357490 
0.126883  2.351843 
0.128394  2.346179 
0.129904  2.340539 
0.131415  2.334963 
0.132925  2.329489 
0.134436  2.324155 
0.135946  2.318996 
0.137457  2.314047 
0.138967  2.309338 
0.140478  2.304900 
0.141988  2.300758 
0.143499  2.296936 
0.145009  2.293456 
0.146520  2.290339 
0.148030  2.287618 
0.149541  2.285388 
0.151051  2.284251 


0.000000  1.977739 
0.001510  1.978274 
0.003021  1.979877 
0.004531  1.982541 
0.006042  1.986254 
0.007553  1.990997 
0.009063  1.996750 
0.010574  2.003484 
0.012084  2.011170 
0.013595  2.019770 
0.015105  2.029244 
0.016616  2.039549 
0.018126  2.050637 
0.019637  2.062454 
0.021147  2.074947 
0.022658  2.088055 
0.024168  2.101717 
0.025679  2.115867 
0.027189  2.130438 
0.028700  2.145359 
0.030210  2.160557 
0.031721  2.175958 
0.033231  2.191485 
0.034742  2.207064 
0.036252  2.222619 
0.037763  2.238077 
0.039273  2.253369 
0.040784  2.268430 
0.042294  2.283202 
0.043805  2.297635 
0.045315  2.311687 
0.046826  2.325328 
0.048336  2.338538 
0.049847  2.351307 
0.051358  2.363635 
0.052868  2.375532 
0.054379  2.387014 
0.055889  2.398105 
0.057399  2.408831 
0.058910  2.419221 
0.060421  2.429305 
0.061931  2.439115 
0.063442  2.448678 
0.064952  2.458022 
0.066463  2.467172 
0.067973  2.476150 
0.069484  2.484973 
0.070994  2.493658 
0.072505  2.502214 
0.074015  2.510645 
0.075526  2.518908 
0.077036  2.523818 
0.078547  2.522593 
0.080057  2.521101 
0.081568  2.519512 
0.083078  2.517868 
0.084589  2.516206 
0.086099  2.514565 
0.087610  2.512993 
0.089120  2.511545 
0.090631  2.510295 
0.092141  2.509335 
0.093652  2.508786 
0.095162  2.508800 
0.096673  2.509567 
0.098183  2.511302 
0.099694  2.514217 
0.101204  2.518475 
0.102715  2.524123 
0.104225  2.531062 
0.105736  2.539062 
0.107246  2.547819 
0.108757  2.557026 
0.110268  2.566409 
0.111778  2.575745 
0.113289  2.584866 
0.114799  2.593647 
0.116310  2.601999 
0.117820  2.609865 
0.119331  2.617210 
0.120841  2.624016 
0.122352  2.630280 
0.123862  2.636011 
0.125373  2.641224 
0.126883  2.645942 
0.128394  2.650192 
0.129904  2.654005 
0.131415  2.657413 
0.132925  2.660448 
0.134436  2.663144 
0.135946  2.665532 
0.137457  2.667644 
0.138967  2.669508 
0.140478  2.671153 
0.141988  2.672604 
0.143499  2.673883 
0.145009  2.675013 
0.146520  2.676009 
0.148030  2.676887 
0.149541  2.677644 
0.151051  2.678105 


0.000000  2.022273 
0.001510  2.023193 
0.003021  2.025942 
0.004531  2.030485 
0.006042  2.036765 
0.007553  2.044705 
0.009063  2.054215 
0.010574  2.065191 
0.012084  2.077519 
0.013595  2.091080 
0.015105  2.105751 
0.016616  2.121407 
0.018126  2.137925 
0.019637  2.155178 
0.021147  2.173047 
0.022658  2.191409 
0.024168  2.210146 
0.025679  2.229142 
0.027189  2.248283 
0.028700  2.267456 
0.030210  2.286549 
0.031721  2.305453 
0.033231  2.324060 
0.034742  2.342263 
0.036252  2.359959 
0.037763  2.377048 
0.039273  2.393434 
0.040784  2.409029 
0.042294  2.423752 
0.043805  2.437533 
0.045315  2.450316 
0.046826  2.462058 
0.048336  2.472734 
0.049847  2.482334 
0.051358  2.490869 
0.052868  2.498362 
0.054379  2.504854 
0.055889  2.510397 
0.057399  2.515049 
0.058910  2.518879 
0.060421  2.521955 
0.061931  2.524349 
0.063442  2.526130 
0.064952  2.527364 
0.066463  2.528114 
0.067973  2.528439 
0.069484  2.528392 
0.070994  2.528022 
0.072505  2.527377 
0.074015  2.526501 
0.075526  2.525483 
0.077036  2.527543 
0.078547  2.535494 
0.080057  2.543499 
0.081568  2.551412 
0.083078  2.559214 
0.084589  2.566894 
0.086099  2.574437 
0.087610  2.581831 
0.089120  2.589058 
0.090631  2.596103 
0.092141  2.602947 
0.093652  2.609572 
0.095162  2.615958 
0.096673  2.622089 
0.098183  2.627946 
0.099694  2.633515 
0.101204  2.638779 
0.102715  2.643729 
0.104225  2.648355 
0.105736  2.652650 
0.107246  2.656612 
0.108757  2.660240 
0.110268  2.663539 
0.111778  2.666513 
0.113289  2.669173 
0.114799  2.671531 
0.116310  2.673600 
0.117820  2.675396 
0.119331  2.676937 
0.120841  2.678241 
0.122352  2.679328 
0.123862  2.680216 
0.125373  2.680926 
0.126883  2.681474 
0.128394  2.681880 
0.129904  2.682160 
0.131415  2.682328 
0.132925  2.682400 
0.134436  2.682387 
0.135946  2.682301 
0.137457  2.682149 
0.138967  2.681939 
0.140478  2.681677 
0.141988  2.681366 
0.143499  2.681009 
0.145009  2.680605 
0.146520  2.680155 
0.148030  2.679658 
0.149541  2.679125 
0.151051  2.678739 


0.000000  2.584991 
0.001510  2.585137 
0.003021  2.585571 
0.004531  2.586287 
0.006042  2.587276 
0.007553  2.588522 
0.009063  2.590010 
0.010574  2.591722 
0.012084  2.593639 
0.013595  2.595743 
0.015105  2.598019 
0.016616  2.600456 
0.018126  2.603045 
0.019637  2.605788 
0.021147  2.608690 
0.022658  2.611766 
0.024168  2.615038 
0.025679  2.618538 
0.027189  2.622304 
0.028700  2.626381 
0.030210  2.630821 
0.031721  2.635680 
0.033231  2.641015 
0.034742  2.646886 
0.036252  2.653351 
0.037763  2.660468 
0.039273  2.668286 
0.040784  2.676851 
0.042294  2.686199 
0.043805  2.696355 
0.045315  2.707335 
0.046826  2.719141 
0.048336  2.731763 
0.049847  2.745179 
0.051358  2.759356 
0.052868  2.774252 
0.054379  2.789816 
0.055889  2.805993 
0.057399  2.822722 
0.058910  2.839943 
0.060421  2.857594 
0.061931  2.875615 
0.063442  2.893949 
0.064952  2.912543 
0.066463  2.931349 
0.067973  2.950321 
0.069484  2.969421 
0.070994  2.988616 
0.072505  3.007875 
0.074015  3.027175 
0.075526  3.046497 
0.077036  3.065825 
0.078547  3.085147 
0.080057  3.104457 
0.081568  3.123750 
0.083078  3.143023 
0.084589  3.162277 
0.086099  3.181512 
0.087610  3.200731 
0.089120  3.219936 
0.090631  3.239130 
0.092141  3.258313 
0.093652  3.277486 
0.095162  3.296644 
0.096673  3.315782 
0.098183  3.334891 
0.099694  3.353956 
0.101204  3.372893 
0.102715  3.383194 
0.104225  3.391922 
0.105736  3.400492 
0.107246  3.408909 
0.108757  3.417177 
0.110268  3.425297 
0.111778  3.433268 
0.113289  3.441091 
0.114799  3.448767 
0.116310  3.456298 
0.117820  3.463688 
0.119331  3.470945 
0.120841  3.478078 
0.122352  3.485100 
0.123862  3.492025 
0.125373  3.498868 
0.126883  3.505647 
0.128394  3.512376 
0.129904  3.519073 
0.131415  3.525750 
0.132925  3.532420 
0.134436  3.539095 
0.135946  3.545783 
0.137457  3.552489 
0.138967  3.559216 
0.140478  3.565964 
0.141988  3.572730 
0.143499  3.579507 
0.145009  3.586283 
0.146520  3.593044 
0.148030  3.599769 
0.149541  3.606430 
0.151051  3.612954 


0.000000  3.099154 
0.001510  3.098710 
0.003021  3.097389 
0.004531  3.095224 
0.006042  3.092262 
0.007553  3.088570 
0.009063  3.084224 
0.010574  3.079304 
0.012084  3.073899 
0.013595  3.068094 
0.015105  3.061977 
0.016616  3.055631 
0.018126  3.049140 
0.019637  3.042583 
0.021147  3.036036 
0.022658  3.029574 
0.024168  3.023268 
0.025679  3.017191 
0.027189  3.011410 
0.028700  3.005997 
0.030210  3.001018 
0.031721  2.996543 
0.033231  2.992639 
0.034742  2.989374 
0.036252  2.986813 
0.037763  2.985021 
0.039273  2.984059 
0.040784  2.983981 
0.042294  2.984838 
0.043805  2.986666 
0.045315  2.989496 
0.046826  2.993340 
0.048336  2.998197 
0.049847  3.004051 
0.051358  3.010868 
0.052868  3.018600 
0.054379  3.027185 
0.055889  3.036551 
0.057399  3.046618 
0.058910  3.057300 
0.060421  3.068509 
0.061931  3.080160 
0.063442  3.092168 
0.064952  3.104452 
0.066463  3.116939 
0.067973  3.129560 
0.069484  3.142253 
0.070994  3.154962 
0.072505  3.167638 
0.074015  3.180241 
0.075526  3.192732 
0.077036  3.205081 
0.078547  3.217262 
0.080057  3.229256 
0.081568  3.241047 
0.083078  3.252621 
0.084589  3.263971 
0.086099  3.275092 
0.087610  3.285983 
0.089120  3.296643 
0.090631  3.307077 
0.092141  3.317289 
0.093652  3.327286 
0.095162  3.337075 
0.096673  3.346666 
0.098183  3.356068 
0.099694  3.365291 
0.101204  3.374409 
0.102715  3.391917 
0.104225  3.410727 
0.105736  3.429397 
0.107246  3.447882 
0.108757  3.466134 
0.110268  3.484097 
0.111778  3.501706 
0.113289  3.518890 
0.114799  3.535567 
0.116310  3.551645 
0.117820  3.567024 
0.119331  3.581593 
0.120841  3.595234 
0.122352  3.607824 
0.123862  3.619235 
0.125373  3.629346 
0.126883  3.638050 
0.128394  3.645260 
0.129904  3.650926 
0.131415  3.655036 
0.132925  3.657625 
0.134436  3.658769 
0.135946  3.658578 
0.137457  3.657188 
0.138967  3.654746 
0.140478  3.651400 
0.141988  3.647293 
0.143499  3.642555 
0.145009  3.637305 
0.146520  3.631643 
0.148030  3.625657 
0.149541  3.619420 
0.151051  3.613034 


0.000000  3.120022 
0.001510  3.119721 
0.003021  3.118853 
0.004531  3.117518 
0.006042  3.115863 
0.007553  3.114063 
0.009063  3.112308 
0.010574  3.110778 
0.012084  3.109648 
0.013595  3.109070 
0.015105  3.109183 
0.016616  3.110103 
0.018126  3.111930 
0.019637  3.114745 
0.021147  3.118611 
0.022658  3.123577 
0.024168  3.129675 
0.025679  3.136924 
0.027189  3.145328 
0.028700  3.154882 
0.030210  3.165571 
0.031721  3.177371 
0.033231  3.190251 
0.034742  3.204176 
0.036252  3.219106 
0.037763  3.235000 
0.039273  3.251813 
0.040784  3.269501 
0.042294  3.288020 
0.043805  3.307326 
0.045315  3.327374 
0.046826  3.348123 
0.048336  3.369532 
0.049847  3.391559 
0.051358  3.414168 
0.052868  3.437319 
0.054379  3.460977 
0.055889  3.485106 
0.057399  3.507801 
0.058910  3.514432 
0.060421  3.520821 
0.061931  3.526972 
0.063442  3.532869 
0.064952  3.538496 
0.066463  3.543840 
0.067973  3.548888 
0.069484  3.553629 
0.070994  3.558055 
0.072505  3.562159 
0.074015  3.565938 
0.075526  3.569392 
0.077036  3.572524 
0.078547  3.575339 
0.080057  3.577849 
0.081568  3.580068 
0.083078  3.582016 
0.084589  3.583716 
0.086099  3.585196 
0.087610  3.586490 
0.089120  3.587634 
0.090631  3.588671 
0.092141  3.589646 
0.093652  3.590610 
0.095162  3.591617 
0.096673  3.592722 
0.098183  3.593986 
0.099694  3.595470 
0.101204  3.597235 
0.102715  3.599346 
0.104225  3.601864 
0.105736  3.604850 
0.107246  3.608363 
0.108757  3.612457 
0.110268  3.617181 
0.111778  3.622576 
0.113289  3.628676 
0.114799  3.635504 
0.116310  3.643070 
0.117820  3.651375 
0.119331  3.660404 
0.120841  3.670133 
0.122352  3.680522 
0.123862  3.691524 
0.125373  3.703081 
0.126883  3.715127 
0.128394  3.727590 
0.129904  3.740390 
0.131415  3.753444 
0.132925  3.766663 
0.134436  3.779955 
0.135946  3.793226 
0.137457  3.806380 
0.138967  3.819320 
0.140478  3.831946 
0.141988  3.844162 
0.143499  3.855868 
0.145009  3.866968 
0.146520  3.877368 
0.148030  3.886981 
0.149541  3.895725 
0.151051  3.903234 


0.000000  3.288319 
0.001510  3.288595 
0.003021  3.289422 
0.004531  3.290784 
0.006042  3.292665 
0.007553  3.295039 
0.009063  3.297881 
0.010574  3.301162 
0.012084  3.304857 
0.013595  3.308939 
0.015105  3.313386 
0.016616  3.318176 
0.018126  3.323288 
0.019637  3.328704 
0.021147  3.334403 
0.022658  3.340370 
0.024168  3.346585 
0.025679  3.353032 
0.027189  3.359691 
0.028700  3.366546 
0.030210  3.373577 
0.031721  3.380766 
0.033231  3.388094 
0.034742  3.395541 
0.036252  3.403087 
0.037763  3.410713 
0.039273  3.418399 
0.040784  3.426123 
0.042294  3.433866 
0.043805  3.441608 
0.045315  3.449327 
0.046826  3.457003 
0.048336  3.464616 
0.049847  3.472145 
0.051358  3.479569 
0.052868  3.486870 
0.054379  3.494027 
0.055889  3.501021 
0.057399  3.509702 
0.058910  3.534648 
0.060421  3.559987 
0.061931  3.585663 
0.063442  3.611644 
0.064952  3.637897 
0.066463  3.664389 
0.067973  3.691087 
0.069484  3.717958 
0.070994  3.744966 
0.072505  3.772077 
0.074015  3.799251 
0.075526  3.826449 
0.077036  3.853624 
0.078547  3.880718 
0.080057  3.907653 
0.081568  3.934283 
0.083078  3.960199 
0.084589  3.983341 
0.086099  3.997889 
0.087610  4.007014 
0.089120  4.014405 
0.090631  4.020673 
0.092141  4.025908 
0.093652  4.030099 
0.095162  4.033213 
0.096673  4.035223 
0.098183  4.036111 
0.099694  4.035882 
0.101204  4.034564 
0.102715  4.032208 
0.104225  4.028886 
0.105736  4.024690 
0.107246  4.019726 
0.108757  4.014110 
0.110268  4.007962 
0.111778  4.001408 
0.113289  3.994575 
0.114799  3.987588 
0.116310  3.980575 
0.117820  3.973661 
0.119331  3.966972 
0.120841  3.960629 
0.122352  3.954751 
0.123862  3.949447 
0.125373  3.944810 
0.126883  3.940912 
0.128394  3.937791 
0.129904  3.935443 
0.131415  3.933816 
0.132925  3.932807 
0.134436  3.932265 
0.135946  3.932004 
0.137457  3.931812 
0.138967  3.931472 
0.140478  3.930770 
0.141988  3.929515 
0.143499  3.927539 
0.145009  3.924714 
0.146520  3.920943 
0.148030  3.916169 
0.149541  3.910371 
0.151051  3.903850 


0.000000  3.311184 
0.001510  3.312054 
0.003021  3.314634 
0.004531  3.318831 
0.006042  3.324512 
0.007553  3.331519 
0.009063  3.339687 
0.010574  3.348857 
0.012084  3.358884 
0.013595  3.369640 
0.015105  3.381014 
0.016616  3.392911 
0.018126  3.405250 
0.019637  3.417964 
0.021147  3.430994 
0.022658  3.444293 
0.024168  3.457819 
0.025679  3.471538 
0.027189  3.485420 
0.028700  3.499440 
0.030210  3.513576 
0.031721  3.527809 
0.033231  3.542123 
0.034742  3.556504 
0.036252  3.570939 
0.037763  3.585416 
0.039273  3.599924 
0.040784  3.614455 
0.042294  3.628998 
0.043805  3.643545 
0.045315  3.658087 
0.046826  3.672615 
0.048336  3.687120 
0.049847  3.701594 
0.051358  3.716027 
0.052868  3.730408 
0.054379  3.744729 
0.055889  3.758977 
0.057399  3.773142 
0.058910  3.787211 
0.060421  3.801172 
0.061931  3.815009 
0.063442  3.828709 
0.064952  3.842254 
0.066463  3.855627 
0.067973  3.868810 
0.069484  3.881781 
0.070994  3.894519 
0.072505  3.907000 
0.074015  3.919199 
0.075526  3.931090 
0.077036  3.942648 
0.078547  3.953851 
0.080057  3.964695 
0.081568  3.975234 
0.083078  3.985777 
0.084589  3.998271 
0.086099  4.018409 
0.087610  4.042880 
0.089120  4.067833 
0.090631  4.092469 
0.092141  4.116478 
0.093652  4.139607 
0.095162  4.161568 
0.096673  4.182013 
0.098183  4.200537 
0.099694  4.216740 
0.101204  4.230362 
0.102715  4.241415 
0.104225  4.250202 
0.105736  4.257184 
0.107246  4.262820 
0.108757  4.267479 
0.110268  4.271419 
0.111778  4.274807 
0.113289  4.277746 
0.114799  4.280297 
0.116310  4.282494 
0.117820  4.284358 
0.119331  4.285904 
0.120841  4.287143 
0.122352  4.288091 
0.123862  4.288767 
0.125373  4.289195 
0.126883  4.289407 
0.128394  4.289443 
0.129904  4.289352 
0.131415  4.289188 
0.132925  4.289016 
0.134436  4.288904 
0.135946  4.288926 
0.137457  4.289156 
0.138967  4.289669 
0.140478  4.290529 
0.141988  4.291795 
0.143499  4.293509 
0.145009  4.295696 
0.146520  4.298364 
0.148030  4.301501 
0.149541  4.305078 
0.151051  4.308942 


0.000000  3.635178 
0.001510  3.635803 
0.003021  3.637670 
0.004531  3.640761 
0.006042  3.645043 
0.007553  3.650472 
0.009063  3.656999 
0.010574  3.664564 
0.012084  3.673106 
0.013595  3.682558 
0.015105  3.692856 
0.016616  3.703934 
0.018126  3.715727 
0.019637  3.728173 
0.021147  3.741214 
0.022658  3.754792 
0.024168  3.768855 
0.025679  3.783352 
0.027189  3.798237 
0.028700  3.813464 
0.030210  3.828990 
0.031721  3.844777 
0.033231  3.860786 
0.034742  3.876980 
0.036252  3.893324 
0.037763  3.909784 
0.039273  3.926328 
0.040784  3.942924 
0.042294  3.959538 
0.043805  3.976141 
0.045315  3.992701 
0.046826  4.009187 
0.048336  4.025567 
0.049847  4.041810 
0.051358  4.057885 
0.052868  4.073760 
0.054379  4.089402 
0.055889  4.104780 
0.057399  4.119860 
0.058910  4.134612 
0.060421  4.149003 
0.061931  4.163003 
0.063442  4.176582 
0.064952  4.189713 
0.066463  4.202372 
0.067973  4.214536 
0.069484  4.226188 
0.070994  4.237314 
0.072505  4.247906 
0.074015  4.257961 
0.075526  4.267482 
0.077036  4.276477 
0.078547  4.284960 
0.080057  4.292949 
0.081568  4.300467 
0.083078  4.307537 
0.084589  4.314186 
0.086099  4.320440 
0.087610  4.326321 
0.089120  4.331817 
0.090631  4.334240 
0.092141  4.332495 
0.093652  4.331748 
0.095162  4.332383 
0.096673  4.334765 
0.098183  4.339301 
0.099694  4.346367 
0.101204  4.356167 
0.102715  4.368010 
0.104225  4.372114 
0.105736  4.374774 
0.107246  4.377122 
0.108757  4.379173 
0.110268  4.380921 
0.111778  4.382354 
0.113289  4.383461 
0.114799  4.384231 
0.116310  4.384652 
0.117820  4.384714 
0.119331  4.384408 
0.120841  4.383728 
0.122352  4.382668 
0.123862  4.381225 
0.125373  4.379400 
0.126883  4.377195 
0.128394  4.374616 
0.129904  4.371674 
0.131415  4.368382 
0.132925  4.364758 
0.134436  4.360826 
0.135946  4.356613 
0.137457  4.352152 
0.138967  4.347482 
0.140478  4.342647 
0.141988  4.337698 
0.143499  4.332692 
0.145009  4.327688 
0.146520  4.322753 
0.148030  4.317957 
0.149541  4.313368 
0.151051  4.309164 


0.000000  4.465628 
0.001510  4.465642 
0.003021  4.465682 
0.004531  4.465747 
0.006042  4.465833 
0.007553  4.465936 
0.009063  4.466050 
0.010574  4.466169 
0.012084  4.466285 
0.013595  4.466389 
0.015105  4.466474 
0.016616  4.466530 
0.018126  4.466547 
0.019637  4.466517 
0.021147  4.466429 
0.022658  4.466274 
0.024168  4.466043 
0.025679  4.465728 
0.027189  4.465320 
0.028700  4.464811 
0.030210  4.464194 
0.031721  4.463463 
0.033231  4.462610 
0.034742  4.461632 
0.036252  4.460522 
0.037763  4.459275 
0.039273  4.457889 
0.040784  4.456358 
0.042294  4.454680 
0.043805  4.452852 
0.045315  4.450871 
0.046826  4.448734 
0.048336  4.446441 
0.049847  4.443988 
0.051358  4.441374 
0.052868  4.438597 
0.054379  4.435657 
0.055889  4.432553 
0.057399  4.429283 
0.058910  4.425849 
0.060421  4.422250 
0.061931  4.418488 
0.063442  4.414564 
0.064952  4.410482 
0.066463  4.406246 
0.067973  4.401863 
0.069484  4.397339 
0.070994  4.392686 
0.072505  4.387917 
0.074015  4.383050 
0.075526  4.378104 
0.077036  4.373108 
0.078547  4.368093 
0.080057  4.363099 
0.081568  4.358176 
0.083078  4.353381 
0.084589  4.348788 
0.086099  4.344485 
0.087610  4.340580 
0.089120  4.337237 
0.090631  4.337324 
0.092141  4.342146 
0.093652  4.346790 
0.095162  4.351180 
0.096673  4.355318 
0.098183  4.359211 
0.099694  4.362863 
0.101204  4.366295 
0.102715  4.370127 
0.104225  4.383763 
0.105736  4.400351 
0.107246  4.418198 
0.108757  4.436813 
0.110268  4.455837 
0.111778  4.475011 
0.113289  4.494148 
0.114799  4.513114 
0.116310  4.531809 
0.117820  4.550158 
0.119331  4.568106 
0.120841  4.585609 
0.122352  4.602635 
0.123862  4.619157 
0.125373  4.635155 
0.126883  4.650613 
0.128394  4.665520 
0.129904  4.679866 
0.131415  4.693648 
0.132925  4.706860 
0.134436  4.719502 
0.135946  4.731574 
0.137457  4.743078 
0.138967  4.754017 
0.140478  4.764395 
0.141988  4.774218 
0.143499  4.783492 
0.145009  4.792223 
0.146520  4.800418 
0.148030  4.808085 
0.149541  4.815226 
0.151051  4.821419 


0.000000  4.942693 
0.001510  4.942410 
0.003021  4.941563 
0.004531  4.940160 
0.006042  4.938213 
0.007553  4.935737 
0.009063  4.932753 
0.010574  4.929283 
0.012084  4.925350 
0.013595  4.920983 
0.015105  4.916208 
0.016616  4.911053 
0.018126  4.905547 
0.019637  4.899717 
0.021147  4.893591 
0.022658  4.887197 
0.024168  4.880562 
0.025679  4.873713 
0.027189  4.866675 
0.028700  4.859474 
0.030210  4.852136 
0.031721  4.844687 
0.033231  4.837151 
0.034742  4.829555 
0.036252  4.821924 
0.037763  4.814284 
0.039273  4.806662 
0.040784  4.799086 
0.042294  4.791581 
0.043805  4.784179 
0.045315  4.776907 
0.046826  4.769797 
0.048336  4.762879 
0.049847  4.756185 
0.051358  4.749750 
0.052868  4.743606 
0.054379  4.737788 
0.055889  4.732333 
0.057399  4.727274 
0.058910  4.722648 
0.060421  4.718490 
0.061931  4.714833 
0.063442  4.711709 
0.064952  4.709149 
0.066463  4.707180 
0.067973  4.705823 
0.069484  4.705096 
0.070994  4.705011 
0.072505  4.705573 
0.074015  4.706780 
0.075526  4.708621 
0.077036  4.711079 
0.078547  4.714129 
0.080057  4.717738 
0.081568  4.721866 
0.083078  4.726470 
0.084589  4.731499 
0.086099  4.736902 
0.087610  4.742625 
0.089120  4.748611 
0.090631  4.754807 
0.092141  4.761157 
0.093652  4.767608 
0.095162  4.774112 
0.096673  4.780620 
0.098183  4.787088 
0.099694  4.793475 
0.101204  4.799741 
0.102715  4.805853 
0.104225  4.811779 
0.105736  4.817490 
0.107246  4.822961 
0.108757  4.828167 
0.110268  4.833090 
0.111778  4.837711 
0.113289  4.842013 
0.114799  4.845984 
0.116310  4.849610 
0.117820  4.852881 
0.119331  4.855788 
0.120841  4.858323 
0.122352  4.860478 
0.123862  4.862247 
0.125373  4.863623 
0.126883  4.864602 
0.128394  4.865179 
0.129904  4.865347 
0.131415  4.865104 
0.132925  4.864443 
0.134436  4.863359 
0.135946  4.861849 
0.137457  4.859905 
0.138967  4.857523 
0.140478  4.854696 
0.141988  4.851418 
0.143499  4.847683 
0.145009  4.843483 
0.146520  4.838812 
0.148030  4.833663 
0.149541  4.828032 
0.151051  4.822342 


0.000000  5.268585 
0.001510  5.268829 
0.003021  5.269558 
0.004531  5.270766 
0.006042  5.272444 
0.007553  5.274578 
0.009063  5.277152 
0.010574  5.280149 
0.012084  5.283549 
0.013595  5.287332 
0.015105  5.291476 
0.016616  5.295962 
0.018126  5.300770 
0.019637  5.305879 
0.021147  5.311273 
0.022658  5.316933 
0.024168  5.322843 
0.025679  5.328987 
0.027189  5.335351 
0.028700  5.341923 
0.030210  5.348688 
0.031721  5.355635 
0.033231  5.362752 
0.034742  5.370028 
0.036252  5.377453 
0.037763  5.385016 
0.039273  5.392707 
0.040784  5.400515 
0.042294  5.408431 
0.043805  5.416444 
0.045315  5.424544 
0.046826  5.432721 
0.048336  5.440965 
0.049847  5.449264 
0.051358  5.457609 
0.052868  5.465989 
0.054379  5.474392 
0.055889  5.482809 
0.057399  5.491228 
0.058910  5.499638 
0.060421  5.508029 
0.061931  5.516390 
0.063442  5.524709 
0.064952  5.532977 
0.066463  5.541183 
0.067973  5.549317 
0.069484  5.557369 
0.070994  5.565328 
0.072505  5.573187 
0.074015  5.580934 
0.075526  5.588563 
0.077036  5.596063 
0.078547  5.603427 
0.080057  5.610646 
0.081568  5.617714 
0.083078  5.624622 
0.084589  5.631364 
0.086099  5.637932 
0.087610  5.644321 
0.089120  5.650523 
0.090631  5.656532 
0.092141  5.662342 
0.093652  5.667947 
0.095162  5.673341 
0.096673  5.678518 
0.098183  5.683470 
0.099694  5.688190 
0.101204  5.692668 
0.102715  5.696878 
0.104225  5.700704 
0.105736  5.701480 
0.107246  5.696874 
0.108757  5.692247 
0.110268  5.687973 
0.111778  5.684091 
0.113289  5.680611 
0.114799  5.677537 
0.116310  5.674870 
0.117820  5.672608 
0.119331  5.670746 
0.120841  5.669278 
0.122352  5.668196 
0.123862  5.667490 
0.125373  5.667150 
0.126883  5.667162 
0.128394  5.667512 
0.129904  5.668183 
0.131415  5.669158 
0.132925  5.670419 
0.134436  5.671944 
0.135946  5.673714 
0.137457  5.675706 
0.138967  5.677895 
0.140478  5.680259 
0.141988  5.682772 
0.143499  5.685408 
0.145009  5.688138 
0.146520  5.690931 
0.148030  5.693743 
0.149541  5.696462 
0.151051  5.698203 


0.000000  5.555616 
0.001510  5.556111 
0.003021  5.557594 
0.004531  5.560062 
0.006042  5.563508 
0.007553  5.567924 
0.009063  5.573299 
0.010574  5.579619 
0.012084  5.586867 
0.013595  5.595025 
0.015105  5.604069 
0.016616  5.613975 
0.018126  5.624714 
0.019637  5.636255 
0.021147  5.648563 
0.022658  5.661599 
0.024168  5.675321 
0.025679  5.689680 
0.027189  5.704626 
0.028700  5.720099 
0.030210  5.736034 
0.031721  5.752360 
0.033231  5.768993 
0.034742  5.785838 
0.036252  5.802784 
0.037763  5.819702 
0.039273  5.836440 
0.040784  5.852815 
0.042294  5.868612 
0.043805  5.883580 
0.045315  5.897436 
0.046826  5.909878 
0.048336  5.920611 
0.049847  5.929390 
0.051358  5.936061 
0.052868  5.940588 
0.054379  5.943052 
0.055889  5.943625 
0.057399  5.942527 
0.058910  5.939990 
0.060421  5.936232 
0.061931  5.931449 
0.063442  5.925805 
0.064952  5.919442 
0.066463  5.912476 
0.067973  5.905005 
0.069484  5.897114 
0.070994  5.888873 
0.072505  5.880347 
0.074015  5.871592 
0.075526  5.862659 
0.077036  5.853593 
0.078547  5.844440 
0.080057  5.835239 
0.081568  5.826028 
0.083078  5.816845 
0.084589  5.807723 
0.086099  5.798697 
0.087610  5.789797 
0.089120  5.781054 
0.090631  5.772496 
0.092141  5.764151 
0.093652  5.756044 
0.095162  5.748200 
0.096673  5.740641 
0.098183  5.733389 
0.099694  5.726465 
0.101204  5.719891 
0.102715  5.713701 
0.104225  5.708021 
0.105736  5.705522 
0.107246  5.708542 
0.108757  5.711721 
0.110268  5.714690 
0.111778  5.717408 
0.113289  5.719863 
0.114799  5.722048 
0.116310  5.723960 
0.117820  5.725596 
0.119331  5.726953 
0.120841  5.728032 
0.122352  5.728831 
0.123862  5.729353 
0.125373  5.729600 
0.126883  5.729574 
0.128394  5.729281 
0.129904  5.728726 
0.131415  5.727917 
0.132925  5.726861 
0.134436  5.725570 
0.135946  5.724053 
0.137457  5.722323 
0.138967  5.720396 
0.140478  5.718285 
0.141988  5.716009 
0.143499  5.713586 
0.145009  5.711039 
0.146520  5.708394 
0.148030  5.705690 
0.149541  5.703038 
0.151051  5.701319 


0.000000  6.175420 
0.001510  6.175355 
0.003021  6.175160 
0.004531  6.174835 
0.006042  6.174379 
0.007553  6.173792 
0.009063  6.173074 
0.010574  6.172225 
0.012084  6.171243 
0.013595  6.170130 
0.015105  6.168885 
0.016616  6.167510 
0.018126  6.166007 
0.019637  6.164378 
0.021147  6.162627 
0.022658  6.160761 
0.024168  6.158787 
0.025679  6.156717 
0.027189  6.154564 
0.028700  6.152349 
0.030210  6.150095 
0.031721  6.147836 
0.033231  6.145611 
0.034742  6.143475 
0.036252  6.141497 
0.037763  6.139764 
0.039273  6.138389 
0.040784  6.137513 
0.042294  6.137312 
0.043805  6.137998 
0.045315  6.139819 
0.046826  6.143041 
0.048336  6.147926 
0.049847  6.154687 
0.051358  6.163449 
0.052868  6.174222 
0.054379  6.186898 
0.055889  6.201284 
0.057399  6.217141 
0.058910  6.234218 
0.060421  6.252283 
0.061931  6.271129 
0.063442  6.290579 
0.064952  6.310488 
0.066463  6.330735 
0.067973  6.351217 
0.069484  6.371853 
0.070994  6.392573 
0.072505  6.413318 
0.074015  6.434038 
0.075526  6.454692 
0.077036  6.475241 
0.078547  6.495655 
0.080057  6.515904 
0.081568  6.535965 
0.083078  6.555815 
0.084589  6.575434 
0.086099  6.594804 
0.087610  6.613908 
0.089120  6.632732 
0.090631  6.651261 
0.092141  6.669482 
0.093652  6.687383 
0.095162  6.704952 
0.096673  6.722178 
0.098183  6.739052 
0.099694  6.755563 
0.101204  6.771702 
0.102715  6.787460 
0.104225  6.802829 
0.105736  6.817802 
0.107246  6.832371 
0.108757  6.846531 
0.110268  6.860275 
0.111778  6.873601 
0.113289  6.886503 
0.114799  6.898981 
0.116310  6.911034 
0.117820  6.922661 
0.119331  6.933866 
0.120841  6.944653 
0.122352  6.955026 
0.123862  6.964995 
0.125373  6.974567 
0.126883  6.983754 
0.128394  6.992570 
0.129904  7.001029 
0.131415  7.009149 
0.132925  7.016947 
0.134436  7.024443 
0.135946  7.031659 
0.137457  7.038616 
0.138967  7.045339 
0.140478  7.051851 
0.141988  7.058176 
0.143499  7.064338 
0.145009  7.070363 
0.146520  7.076270 
0.148030  7.082074 
0.149541  7.087742 
0.151051  7.092068 


0.000000  7.745056 
0.001510  7.745100 
0.003021  7.745229 
0.004531  7.745440 
0.006042  7.745729 
0.007553  7.746087 
0.009063  7.746506 
0.010574  7.746973 
0.012084  7.747475 
0.013595  7.747998 
0.015105  7.748523 
0.016616  7.749033 
0.018126  7.749506 
0.019637  7.749923 
0.021147  7.750260 
0.022658  7.750494 
0.024168  7.750601 
0.025679  7.750555 
0.027189  7.750332 
0.028700  7.749907 
0.030210  7.749254 
0.031721  7.748350 
0.033231  7.747171 
0.034742  7.745694 
0.036252  7.743898 
0.037763  7.741762 
0.039273  7.739270 
0.040784  7.736403 
0.042294  7.733150 
0.043805  7.729496 
0.045315  7.725434 
0.046826  7.720955 
0.048336  7.716055 
0.049847  7.710732 
0.051358  7.704985 
0.052868  7.698817 
0.054379  7.692232 
0.055889  7.685238 
0.057399  7.677842 
0.058910  7.670055 
0.060421  7.661890 
0.061931  7.653359 
0.063442  7.644477 
0.064952  7.635262 
0.066463  7.625729 
0.067973  7.615896 
0.069484  7.605783 
0.070994  7.595408 
0.072505  7.584792 
0.074015  7.573954 
0.075526  7.562914 
0.077036  7.551694 
0.078547  7.540313 
0.080057  7.528793 
0.081568  7.517154 
0.083078  7.505415 
0.084589  7.493598 
0.086099  7.481722 
0.087610  7.469808 
0.089120  7.457873 
0.090631  7.445938 
0.092141  7.434020 
0.093652  7.422139 
0.095162  7.410310 
0.096673  7.398552 
0.098183  7.386880 
0.099694  7.375311 
0.101204  7.363860 
0.102715  7.352540 
0.104225  7.341366 
0.105736  7.330350 
0.107246  7.319504 
0.108757  7.308840 
0.110268  7.298367 
0.111778  7.288095 
0.113289  7.278032 
0.114799  7.268185 
0.116310  7.258560 
0.117820  7.249162 
0.119331  7.239995 
0.120841  7.231060 
0.122352  7.222361 
0.123862  7.213895 
0.125373  7.205663 
0.126883  7.197662 
0.128394  7.189888 
0.129904  7.182335 
0.131415  7.174997 
0.132925  7.167866 
0.134436  7.160934 
0.135946  7.154188 
0.137457  7.147619 
0.138967  7.141212 
0.140478  7.134953 
0.141988  7.128827 
0.143499  7.122818 
0.145009  7.116909 
0.146520  7.111085 
0.148030  7.105337 
0.149541  7.099700 
0.151051  7.095385 


0.000000  7.949774 
0.001510  7.949774 
0.003021  7.949776 
0.004531  7.949778 
0.006042  7.949782 
0.007553  7.949785 
0.009063  7.949789 
0.010574  7.949792 
0.012084  7.949794 
0.013595  7.949795 
0.015105  7.949793 
0.016616  7.949787 
0.018126  7.949777 
0.019637  7.949762 
0.021147  7.949739 
0.022658  7.949709 
0.024168  7.949668 
0.025679  7.949616 
0.027189  7.949551 
0.028700  7.949471 
0.030210  7.949374 
0.031721  7.949257 
0.033231  7.949119 
0.034742  7.948956 
0.036252  7.948766 
0.037763  7.948546 
0.039273  7.948294 
0.040784  7.948006 
0.042294  7.947680 
0.043805  7.947312 
0.045315  7.946899 
0.046826  7.946437 
0.048336  7.945924 
0.049847  7.945357 
0.051358  7.944732 
0.052868  7.944046 
0.054379  7.943296 
0.055889  7.942480 
0.057399  7.941594 
0.058910  7.940638 
0.060421  7.939607 
0.061931  7.938502 
0.063442  7.937320 
0.064952  7.936061 
0.066463  7.934725 
0.067973  7.933312 
0.069484  7.931822 
0.070994  7.930258 
0.072505  7.928621 
0.074015  7.926915 
0.075526  7.925144 
0.077036  7.923313 
0.078547  7.921428 
0.080057  7.919495 
0.081568  7.917522 
0.083078  7.915519 
0.084589  7.913496 
0.086099  7.911463 
0.087610  7.909433 
0.089120  7.907421 
0.090631  7.905439 
0.092141  7.903505 
0.093652  7.901635 
0.095162  7.899847 
0.096673  7.898160 
0.098183  7.896594 
0.099694  7.895170 
0.101204  7.893909 
0.102715  7.892833 
0.104225  7.891965 
0.105736  7.891327 
0.107246  7.890942 
0.108757  7.890833 
0.110268  7.891023 
0.111778  7.891533 
0.113289  7.892384 
0.114799  7.893596 
0.116310  7.895189 
0.117820  7.897180 
0.119331  7.899584 
0.120841  7.902415 
0.122352  7.905685 
0.123862  7.909404 
0.125373  7.913578 
0.126883  7.918212 
0.128394  7.923308 
0.129904  7.928866 
0.131415  7.934884 
0.132925  7.941354 
0.134436  7.948271 
0.135946  7.955624 
0.137457  7.963400 
0.138967  7.971586 
0.140478  7.980166 
0.141988  7.989122 
0.143499  7.998435 
0.145009  8.008084 
0.146520  8.018046 
0.148030  8.028293 
0.149541  8.038769 
0.151051  8.047976 


0.000000  8.493952 
0.001510  8.493903 
0.003021  8.493756 
0.004531  8.493513 
0.006042  8.493177 
0.007553  8.492751 
0.009063  8.492240 
0.010574  8.491651 
0.012084  8.490990 
0.013595  8.490265 
0.015105  8.489484 
0.016616  8.488658 
0.018126  8.487796 
0.019637  8.486909 
0.021147  8.486007 
0.022658  8.485102 
0.024168  8.484207 
0.025679  8.483331 
0.027189  8.482486 
0.028700  8.481683 
0.030210  8.480933 
0.031721  8.480244 
0.033231  8.479626 
0.034742  8.479085 
0.036252  8.478628 
0.037763  8.478259 
0.039273  8.477981 
0.040784  8.477795 
0.042294  8.477700 
0.043805  8.477693 
0.045315  8.477770 
0.046826  8.477924 
0.048336  8.478146 
0.049847  8.478425 
0.051358  8.478750 
0.052868  8.479106 
0.054379  8.479477 
0.055889  8.479848 
0.057399  8.480200 
0.058910  8.480514 
0.060421  8.480772 
0.061931  8.480953 
0.063442  8.481036 
0.064952  8.481002 
0.066463  8.480830 
0.067973  8.480499 
0.069484  8.479991 
0.070994  8.479287 
0.072505  8.478367 
0.074015  8.477214 
0.075526  8.475811 
0.077036  8.474143 
0.078547  8.472195 
0.080057  8.469954 
0.081568  8.467406 
0.083078  8.464542 
0.084589  8.461350 
0.086099  8.457823 
0.087610  8.453953 
0.089120  8.449734 
0.090631  8.445161 
0.092141  8.440232 
0.093652  8.434943 
0.095162  8.429293 
0.096673  8.423283 
0.098183  8.416915 
0.099694  8.410191 
0.101204  8.403115 
0.102715  8.395691 
0.104225  8.387927 
0.105736  8.379827 
0.107246  8.371402 
0.108757  8.362659 
0.110268  8.353610 
0.111778  8.344263 
0.113289  8.334632 
0.114799  8.324729 
0.116310  8.314567 
0.117820  8.304160 
0.119331  8.293524 
0.120841  8.282673 
0.122352  8.271624 
0.123862  8.260393 
0.125373  8.248999 
0.126883  8.237460 
0.128394  8.225793 
0.129904  8.214019 
0.131415  8.202157 
0.132925  8.190227 
0.134436  8.178249 
0.135946  8.166247 
0.137457  8.154240 
0.138967  8.142251 
0.140478  8.130303 
0.141988  8.118419 
0.143499  8.106622 
0.145009  8.094936 
0.146520  8.083387 
0.148030  8.072006 
0.149541  8.060849 
0.151051  8.051414 


