# distance  frequency (bands are separated by blank lines)
# End points of segments: 
#   0.00000000 0.07872240 
0.000000  -0.001137 
0.000787  0.002859 
0.001574  0.006038 
0.002362  0.009197 
0.003149  0.012413 
0.003936  0.015717 
0.004723  0.019134 
0.005511  0.022685 
0.006298  0.026389 
0.007085  0.030262 
0.007872  0.034320 
0.008660  0.038576 
0.009447  0.043040 
0.010234  0.047725 
0.011021  0.052636 
0.011808  0.057784 
0.012596  0.063172 
0.013383  0.068807 
0.014170  0.074693 
0.014957  0.080834 
0.015745  0.087232 
0.016532  0.093889 
0.017319  0.100808 
0.018106  0.107990 
0.018893  0.115435 
0.019681  0.123144 
0.020468  0.131118 
0.021255  0.139357 
0.022042  0.147861 
0.022829  0.156630 
0.023617  0.165664 
0.024404  0.174961 
0.025191  0.184523 
0.025978  0.194348 
0.026766  0.204435 
0.027553  0.214784 
0.028340  0.225394 
0.029127  0.236265 
0.029915  0.247395 
0.030702  0.258784 
0.031489  0.270430 
0.032276  0.282332 
0.033063  0.294489 
0.033851  0.306900 
0.034638  0.319563 
0.035425  0.332477 
0.036212  0.345640 
0.036999  0.359050 
0.037787  0.372705 
0.038574  0.386604 
0.039361  0.400744 
0.040148  0.415122 
0.040936  0.429736 
0.041723  0.444584 
0.042510  0.459662 
0.043297  0.474968 
0.044084  0.490497 
0.044872  0.506248 
0.045659  0.522215 
0.046446  0.538396 
0.047233  0.554786 
0.048021  0.571381 
0.048808  0.588176 
0.049595  0.605168 
0.050382  0.622351 
0.051169  0.639721 
0.051957  0.657272 
0.052744  0.675000 
0.053531  0.692898 
0.054318  0.710961 
0.055106  0.729183 
0.055893  0.747558 
0.056680  0.766081 
0.057467  0.784743 
0.058255  0.803540 
0.059042  0.822463 
0.059829  0.841506 
0.060616  0.860659 
0.061403  0.879912 
0.062191  0.899249 
0.062978  0.918633 
0.063765  0.937867 
0.064552  0.941998 
0.065340  0.910961 
0.066127  0.875915 
0.066914  0.837593 
0.067701  0.796117 
0.068488  0.751602 
0.069276  0.704178 
0.070063  0.653996 
0.070850  0.601215 
0.071637  0.545996 
0.072425  0.488491 
0.073212  0.428821 
0.073999  0.367039 
0.074786  0.303052 
0.075574  0.236397 
0.076361  0.165431 
0.077148  0.081869 
0.077935  -0.076258 
0.078722  -0.100038 


0.000000  -0.000839 
0.000787  0.024414 
0.001574  0.048984 
0.002362  0.073484 
0.003149  0.097929 
0.003936  0.122307 
0.004723  0.146606 
0.005511  0.170811 
0.006298  0.194908 
0.007085  0.218882 
0.007872  0.242718 
0.008660  0.266404 
0.009447  0.289924 
0.010234  0.313265 
0.011021  0.336415 
0.011808  0.359359 
0.012596  0.382087 
0.013383  0.404586 
0.014170  0.426845 
0.014957  0.448853 
0.015745  0.470599 
0.016532  0.492074 
0.017319  0.513269 
0.018106  0.534175 
0.018893  0.554784 
0.019681  0.575089 
0.020468  0.595083 
0.021255  0.614761 
0.022042  0.634116 
0.022829  0.653144 
0.023617  0.671841 
0.024404  0.690204 
0.025191  0.708228 
0.025978  0.725913 
0.026766  0.743255 
0.027553  0.760255 
0.028340  0.776910 
0.029127  0.793220 
0.029915  0.809185 
0.030702  0.824806 
0.031489  0.840082 
0.032276  0.855014 
0.033063  0.869604 
0.033851  0.883851 
0.034638  0.897756 
0.035425  0.911319 
0.036212  0.924541 
0.036999  0.937420 
0.037787  0.949956 
0.038574  0.962146 
0.039361  0.973987 
0.040148  0.985476 
0.040936  0.996605 
0.041723  1.007367 
0.042510  1.017753 
0.043297  1.027750 
0.044084  1.037344 
0.044872  1.046516 
0.045659  1.055243 
0.046446  1.063500 
0.047233  1.071255 
0.048021  1.078472 
0.048808  1.085107 
0.049595  1.091109 
0.050382  1.096421 
0.051169  1.100975 
0.051957  1.104694 
0.052744  1.107489 
0.053531  1.109260 
0.054318  1.109895 
0.055106  1.109268 
0.055893  1.107237 
0.056680  1.103651 
0.057467  1.098343 
0.058255  1.091135 
0.059042  1.081843 
0.059829  1.070277 
0.060616  1.056250 
0.061403  1.039583 
0.062191  1.020115 
0.062978  0.997728 
0.063765  0.972492 
0.064552  0.959266 
0.065340  0.978058 
0.066127  0.997692 
0.066914  1.017457 
0.067701  1.037290 
0.068488  1.057165 
0.069276  1.077067 
0.070063  1.096980 
0.070850  1.116888 
0.071637  1.136771 
0.072425  1.156606 
0.073212  1.176356 
0.073999  1.195973 
0.074786  1.215374 
0.075574  1.234411 
0.076361  1.252783 
0.077148  1.269785 
0.077935  1.283525 
0.078722  1.289412 


0.000000  -0.000587 
0.000787  0.032478 
0.001574  0.064856 
0.002362  0.097259 
0.003149  0.129674 
0.003936  0.162098 
0.004723  0.194531 
0.005511  0.226975 
0.006298  0.259431 
0.007085  0.291899 
0.007872  0.324380 
0.008660  0.356875 
0.009447  0.389384 
0.010234  0.421908 
0.011021  0.454447 
0.011808  0.487000 
0.012596  0.519566 
0.013383  0.552146 
0.014170  0.584737 
0.014957  0.617339 
0.015745  0.649950 
0.016532  0.682568 
0.017319  0.715191 
0.018106  0.747817 
0.018893  0.780443 
0.019681  0.813066 
0.020468  0.845682 
0.021255  0.878290 
0.022042  0.910884 
0.022829  0.943462 
0.023617  0.976019 
0.024404  1.008550 
0.025191  1.041052 
0.025978  1.073520 
0.026766  1.105949 
0.027553  1.138333 
0.028340  1.170667 
0.029127  1.202947 
0.029915  1.235165 
0.030702  1.267315 
0.031489  1.299392 
0.032276  1.331388 
0.033063  1.363296 
0.033851  1.395108 
0.034638  1.426816 
0.035425  1.458411 
0.036212  1.489883 
0.036999  1.521221 
0.037787  1.552413 
0.038574  1.583443 
0.039361  1.614294 
0.040148  1.644946 
0.040936  1.675372 
0.041723  1.705537 
0.042510  1.735393 
0.043297  1.764873 
0.044084  1.793874 
0.044872  1.822233 
0.045659  1.849672 
0.046446  1.875687 
0.047233  1.899319 
0.048021  1.918782 
0.048808  1.931443 
0.049595  1.935610 
0.050382  1.932590 
0.051169  1.925021 
0.051957  1.914815 
0.052744  1.903014 
0.053531  1.890160 
0.054318  1.876552 
0.055106  1.862360 
0.055893  1.847692 
0.056680  1.832617 
0.057467  1.817184 
0.058255  1.801427 
0.059042  1.785374 
0.059829  1.769046 
0.060616  1.752460 
0.061403  1.735632 
0.062191  1.718575 
0.062978  1.701302 
0.063765  1.683823 
0.064552  1.666151 
0.065340  1.648295 
0.066127  1.630266 
0.066914  1.612074 
0.067701  1.593731 
0.068488  1.575247 
0.069276  1.556636 
0.070063  1.537910 
0.070850  1.519086 
0.071637  1.500183 
0.072425  1.481226 
0.073212  1.462249 
0.073999  1.443303 
0.074786  1.424469 
0.075574  1.405896 
0.076361  1.387884 
0.077148  1.371139 
0.077935  1.357554 
0.078722  1.351718 


0.000000  2.327208 
0.000787  2.327145 
0.001574  2.326956 
0.002362  2.326641 
0.003149  2.326199 
0.003936  2.325630 
0.004723  2.324933 
0.005511  2.324108 
0.006298  2.323153 
0.007085  2.322067 
0.007872  2.320849 
0.008660  2.319497 
0.009447  2.318009 
0.010234  2.316385 
0.011021  2.314621 
0.011808  2.312715 
0.012596  2.310665 
0.013383  2.308469 
0.014170  2.306123 
0.014957  2.303625 
0.015745  2.300971 
0.016532  2.298157 
0.017319  2.295182 
0.018106  2.292039 
0.018893  2.288727 
0.019681  2.285240 
0.020468  2.281574 
0.021255  2.277725 
0.022042  2.273688 
0.022829  2.269458 
0.023617  2.265031 
0.024404  2.260402 
0.025191  2.255566 
0.025978  2.250518 
0.026766  2.245253 
0.027553  2.239766 
0.028340  2.234052 
0.029127  2.228107 
0.029915  2.221926 
0.030702  2.215505 
0.031489  2.208840 
0.032276  2.201927 
0.033063  2.194763 
0.033851  2.187347 
0.034638  2.179675 
0.035425  2.171748 
0.036212  2.163564 
0.036999  2.155127 
0.037787  2.146438 
0.038574  2.137503 
0.039361  2.128331 
0.040148  2.118933 
0.040936  2.109328 
0.041723  2.099543 
0.042510  2.089617 
0.043297  2.079611 
0.044084  2.069619 
0.044872  2.059797 
0.045659  2.050417 
0.046446  2.041976 
0.047233  2.035426 
0.048021  2.032547 
0.048808  2.035964 
0.049595  2.047365 
0.050382  2.065437 
0.051169  2.087534 
0.051957  2.111739 
0.052744  2.137005 
0.053531  2.162782 
0.054318  2.188749 
0.055106  2.176613 
0.055893  2.160548 
0.056680  2.144348 
0.057467  2.128111 
0.058255  2.111945 
0.059042  2.095974 
0.059829  2.080331 
0.060616  2.065153 
0.061403  2.050583 
0.062191  2.036755 
0.062978  2.023795 
0.063765  2.011810 
0.064552  2.000885 
0.065340  1.991078 
0.066127  1.982419 
0.066914  1.974906 
0.067701  1.968511 
0.068488  1.963181 
0.069276  1.958841 
0.070063  1.955399 
0.070850  1.952756 
0.071637  1.950802 
0.072425  1.949425 
0.073212  1.948516 
0.073999  1.947971 
0.074786  1.947691 
0.075574  1.947590 
0.076361  1.947592 
0.077148  1.947638 
0.077935  1.947684 
0.078722  1.947702 


0.000000  2.613452 
0.000787  2.613319 
0.001574  2.612920 
0.002362  2.612258 
0.003149  2.611339 
0.003936  2.610167 
0.004723  2.608751 
0.005511  2.607101 
0.006298  2.605226 
0.007085  2.603137 
0.007872  2.600848 
0.008660  2.598371 
0.009447  2.595719 
0.010234  2.592906 
0.011021  2.589944 
0.011808  2.586846 
0.012596  2.583626 
0.013383  2.580294 
0.014170  2.576861 
0.014957  2.573338 
0.015745  2.569733 
0.016532  2.566053 
0.017319  2.562305 
0.018106  2.558493 
0.018893  2.554622 
0.019681  2.550693 
0.020468  2.546707 
0.021255  2.542663 
0.022042  2.538560 
0.022829  2.534394 
0.023617  2.530160 
0.024404  2.525853 
0.025191  2.521467 
0.025978  2.516993 
0.026766  2.512422 
0.027553  2.507746 
0.028340  2.502953 
0.029127  2.498032 
0.029915  2.492972 
0.030702  2.487761 
0.031489  2.482384 
0.032276  2.476830 
0.033063  2.471083 
0.033851  2.465131 
0.034638  2.458959 
0.035425  2.452552 
0.036212  2.445895 
0.036999  2.438973 
0.037787  2.431771 
0.038574  2.424274 
0.039361  2.416466 
0.040148  2.408333 
0.040936  2.399857 
0.041723  2.391025 
0.042510  2.381822 
0.043297  2.372231 
0.044084  2.362240 
0.044872  2.351835 
0.045659  2.341002 
0.046446  2.329732 
0.047233  2.318013 
0.048021  2.305839 
0.048808  2.293205 
0.049595  2.280109 
0.050382  2.266555 
0.051169  2.252552 
0.051957  2.238114 
0.052744  2.223264 
0.053531  2.208034 
0.054318  2.192484 
0.055106  2.214783 
0.055893  2.240711 
0.056680  2.266479 
0.057467  2.292030 
0.058255  2.317321 
0.059042  2.342316 
0.059829  2.366984 
0.060616  2.391297 
0.061403  2.415228 
0.062191  2.438750 
0.062978  2.461837 
0.063765  2.484459 
0.064552  2.506587 
0.065340  2.528188 
0.066127  2.549225 
0.066914  2.569658 
0.067701  2.589442 
0.068488  2.608523 
0.069276  2.626843 
0.070063  2.643059 
0.070850  2.631121 
0.071637  2.620085 
0.072425  2.610019 
0.073212  2.600980 
0.073999  2.593022 
0.074786  2.586195 
0.075574  2.580542 
0.076361  2.576104 
0.077148  2.572910 
0.077935  2.570984 
0.078722  2.570341 


0.000000  3.068708 
0.000787  3.068727 
0.001574  3.068783 
0.002362  3.068877 
0.003149  3.069008 
0.003936  3.069176 
0.004723  3.069380 
0.005511  3.069621 
0.006298  3.069897 
0.007085  3.070209 
0.007872  3.070555 
0.008660  3.070934 
0.009447  3.071347 
0.010234  3.071791 
0.011021  3.072265 
0.011808  3.072769 
0.012596  3.073301 
0.013383  3.073859 
0.014170  3.074442 
0.014957  3.075048 
0.015745  3.075676 
0.016532  3.076322 
0.017319  3.076986 
0.018106  3.077665 
0.018893  3.078356 
0.019681  3.079057 
0.020468  3.079765 
0.021255  3.080477 
0.022042  3.081189 
0.022829  3.081900 
0.023617  3.082604 
0.024404  3.083298 
0.025191  3.083979 
0.025978  3.084640 
0.026766  3.085278 
0.027553  3.085888 
0.028340  3.086464 
0.029127  3.086998 
0.029915  3.087486 
0.030702  3.087919 
0.031489  3.088288 
0.032276  3.088586 
0.033063  3.088800 
0.033851  3.088921 
0.034638  3.088934 
0.035425  3.088825 
0.036212  3.088577 
0.036999  3.088171 
0.037787  3.087584 
0.038574  3.086792 
0.039361  3.085766 
0.040148  3.084472 
0.040936  3.082873 
0.041723  3.080926 
0.042510  3.078582 
0.043297  3.075789 
0.044084  3.072488 
0.044872  3.068618 
0.045659  3.064116 
0.046446  3.058919 
0.047233  3.052967 
0.048021  3.046209 
0.048808  3.038602 
0.049595  3.030118 
0.050382  3.020740 
0.051169  3.010468 
0.051957  2.999316 
0.052744  2.987309 
0.053531  2.974485 
0.054318  2.960892 
0.055106  2.946585 
0.055893  2.931627 
0.056680  2.916087 
0.057467  2.900041 
0.058255  2.883566 
0.059042  2.866747 
0.059829  2.849667 
0.060616  2.832416 
0.061403  2.815080 
0.062191  2.797750 
0.062978  2.780512 
0.063765  2.763455 
0.064552  2.746661 
0.065340  2.730214 
0.066127  2.714193 
0.066914  2.698675 
0.067701  2.683733 
0.068488  2.669439 
0.069276  2.655862 
0.070063  2.644342 
0.070850  2.660916 
0.071637  2.676498 
0.072425  2.690979 
0.073212  2.704241 
0.073999  2.716156 
0.074786  2.726586 
0.075574  2.735386 
0.076361  2.742414 
0.077148  2.747542 
0.077935  2.750665 
0.078722  2.751714 


0.000000  3.262909 
0.000787  3.262964 
0.001574  3.263129 
0.002362  3.263400 
0.003149  3.263776 
0.003936  3.264252 
0.004723  3.264823 
0.005511  3.265483 
0.006298  3.266224 
0.007085  3.267038 
0.007872  3.267916 
0.008660  3.268850 
0.009447  3.269830 
0.010234  3.270845 
0.011021  3.271886 
0.011808  3.272941 
0.012596  3.274000 
0.013383  3.275053 
0.014170  3.276089 
0.014957  3.277097 
0.015745  3.278068 
0.016532  3.278990 
0.017319  3.279855 
0.018106  3.280651 
0.018893  3.281371 
0.019681  3.282003 
0.020468  3.281486 
0.021255  3.277430 
0.022042  3.273303 
0.022829  3.269122 
0.023617  3.264898 
0.024404  3.260644 
0.025191  3.256369 
0.025978  3.252086 
0.026766  3.247804 
0.027553  3.243536 
0.028340  3.239290 
0.029127  3.235078 
0.029915  3.230910 
0.030702  3.226794 
0.031489  3.222740 
0.032276  3.218757 
0.033063  3.214853 
0.033851  3.211035 
0.034638  3.207310 
0.035425  3.203686 
0.036212  3.200167 
0.036999  3.196760 
0.037787  3.193470 
0.038574  3.190299 
0.039361  3.187252 
0.040148  3.184332 
0.040936  3.181541 
0.041723  3.178881 
0.042510  3.176353 
0.043297  3.173957 
0.044084  3.171693 
0.044872  3.169562 
0.045659  3.167561 
0.046446  3.165690 
0.047233  3.163946 
0.048021  3.162327 
0.048808  3.160830 
0.049595  3.159452 
0.050382  3.158189 
0.051169  3.157038 
0.051957  3.155994 
0.052744  3.155052 
0.053531  3.154209 
0.054318  3.153460 
0.055106  3.152799 
0.055893  3.152222 
0.056680  3.151724 
0.057467  3.151299 
0.058255  3.150941 
0.059042  3.150647 
0.059829  3.150410 
0.060616  3.150226 
0.061403  3.150088 
0.062191  3.149992 
0.062978  3.149932 
0.063765  3.149903 
0.064552  3.149900 
0.065340  3.149917 
0.066127  3.149948 
0.066914  3.149986 
0.067701  3.150023 
0.068488  3.150048 
0.069276  3.150045 
0.070063  3.149985 
0.070850  3.149811 
0.071637  3.149380 
0.072425  3.148275 
0.073212  3.145470 
0.073999  3.140609 
0.074786  3.135142 
0.075574  3.130087 
0.076361  3.125870 
0.077148  3.122716 
0.077935  3.120768 
0.078722  3.120109 


0.000000  3.339564 
0.000787  3.339472 
0.001574  3.339197 
0.002362  3.338739 
0.003149  3.338099 
0.003936  3.337275 
0.004723  3.336270 
0.005511  3.335082 
0.006298  3.333714 
0.007085  3.332166 
0.007872  3.330439 
0.008660  3.328536 
0.009447  3.326457 
0.010234  3.324207 
0.011021  3.321787 
0.011808  3.319201 
0.012596  3.316455 
0.013383  3.313552 
0.014170  3.310497 
0.014957  3.307298 
0.015745  3.303961 
0.016532  3.300494 
0.017319  3.296904 
0.018106  3.293200 
0.018893  3.289391 
0.019681  3.285489 
0.020468  3.282554 
0.021255  3.282979 
0.022042  3.283298 
0.022829  3.283496 
0.023617  3.283564 
0.024404  3.283493 
0.025191  3.283276 
0.025978  3.282905 
0.026766  3.282372 
0.027553  3.281670 
0.028340  3.280790 
0.029127  3.279727 
0.029915  3.278473 
0.030702  3.277022 
0.031489  3.275368 
0.032276  3.273505 
0.033063  3.271428 
0.033851  3.269134 
0.034638  3.266620 
0.035425  3.263884 
0.036212  3.260927 
0.036999  3.257749 
0.037787  3.254356 
0.038574  3.250755 
0.039361  3.246957 
0.040148  3.242976 
0.040936  3.238832 
0.041723  3.234549 
0.042510  3.230156 
0.043297  3.225690 
0.044084  3.221191 
0.044872  3.216703 
0.045659  3.212275 
0.046446  3.207955 
0.047233  3.203791 
0.048021  3.199825 
0.048808  3.196093 
0.049595  3.192620 
0.050382  3.189424 
0.051169  3.186509 
0.051957  3.183872 
0.052744  3.181505 
0.053531  3.179391 
0.054318  3.177511 
0.055106  3.175844 
0.055893  3.174371 
0.056680  3.173070 
0.057467  3.171922 
0.058255  3.170910 
0.059042  3.170017 
0.059829  3.169228 
0.060616  3.168532 
0.061403  3.167917 
0.062191  3.167372 
0.062978  3.166890 
0.063765  3.166463 
0.064552  3.166084 
0.065340  3.165748 
0.066127  3.165449 
0.066914  3.165184 
0.067701  3.164949 
0.068488  3.164741 
0.069276  3.164556 
0.070063  3.164393 
0.070850  3.164250 
0.071637  3.164122 
0.072425  3.161009 
0.073212  3.156176 
0.073999  3.154007 
0.074786  3.153188 
0.075574  3.152839 
0.076361  3.152673 
0.077148  3.152590 
0.077935  3.152552 
0.078722  3.152540 


0.000000  3.637847 
0.000787  3.637379 
0.001574  3.636004 
0.002362  3.633802 
0.003149  3.630883 
0.003936  3.627373 
0.004723  3.623392 
0.005511  3.619049 
0.006298  3.614438 
0.007085  3.609635 
0.007872  3.604703 
0.008660  3.599692 
0.009447  3.594642 
0.010234  3.589586 
0.011021  3.584549 
0.011808  3.579551 
0.012596  3.574609 
0.013383  3.569734 
0.014170  3.564935 
0.014957  3.560221 
0.015745  3.555595 
0.016532  3.551061 
0.017319  3.546620 
0.018106  3.542272 
0.018893  3.538017 
0.019681  3.533851 
0.020468  3.529773 
0.021255  3.525778 
0.022042  3.521863 
0.022829  3.518023 
0.023617  3.514252 
0.024404  3.510546 
0.025191  3.506899 
0.025978  3.503305 
0.026766  3.499758 
0.027553  3.496252 
0.028340  3.492780 
0.029127  3.489337 
0.029915  3.485915 
0.030702  3.482510 
0.031489  3.479113 
0.032276  3.475719 
0.033063  3.472321 
0.033851  3.468912 
0.034638  3.465486 
0.035425  3.462035 
0.036212  3.458553 
0.036999  3.455033 
0.037787  3.451467 
0.038574  3.447847 
0.039361  3.444166 
0.040148  3.440416 
0.040936  3.436589 
0.041723  3.432676 
0.042510  3.428669 
0.043297  3.424560 
0.044084  3.420339 
0.044872  3.415997 
0.045659  3.411526 
0.046446  3.406917 
0.047233  3.402160 
0.048021  3.397248 
0.048808  3.392170 
0.049595  3.386920 
0.050382  3.381489 
0.051169  3.375870 
0.051957  3.370056 
0.052744  3.364042 
0.053531  3.357821 
0.054318  3.351390 
0.055106  3.344746 
0.055893  3.337885 
0.056680  3.330806 
0.057467  3.323510 
0.058255  3.315998 
0.059042  3.308272 
0.059829  3.300337 
0.060616  3.292198 
0.061403  3.283864 
0.062191  3.275344 
0.062978  3.266651 
0.063765  3.257801 
0.064552  3.248812 
0.065340  3.239707 
0.066127  3.230514 
0.066914  3.221266 
0.067701  3.212005 
0.068488  3.202782 
0.069276  3.193661 
0.070063  3.184729 
0.070850  3.176113 
0.071637  3.168039 
0.072425  3.164021 
0.073212  3.163925 
0.073999  3.163846 
0.074786  3.163780 
0.075574  3.163728 
0.076361  3.163687 
0.077148  3.163659 
0.077935  3.163641 
0.078722  3.163636 


0.000000  3.746755 
0.000787  3.747258 
0.001574  3.748733 
0.002362  3.751086 
0.003149  3.754177 
0.003936  3.757841 
0.004723  3.761890 
0.005511  3.766124 
0.006298  3.770320 
0.007085  3.774229 
0.007872  3.777588 
0.008660  3.780156 
0.009447  3.781776 
0.010234  3.782417 
0.011021  3.782164 
0.011808  3.781161 
0.012596  3.779556 
0.013383  3.777478 
0.014170  3.775027 
0.014957  3.772278 
0.015745  3.769288 
0.016532  3.766101 
0.017319  3.762749 
0.018106  3.759258 
0.018893  3.755649 
0.019681  3.751938 
0.020468  3.748139 
0.021255  3.744264 
0.022042  3.740321 
0.022829  3.736318 
0.023617  3.732263 
0.024404  3.728162 
0.025191  3.724018 
0.025978  3.719837 
0.026766  3.715623 
0.027553  3.711379 
0.028340  3.707108 
0.029127  3.702813 
0.029915  3.698497 
0.030702  3.694163 
0.031489  3.689813 
0.032276  3.685450 
0.033063  3.681076 
0.033851  3.676694 
0.034638  3.672306 
0.035425  3.667917 
0.036212  3.663528 
0.036999  3.659144 
0.037787  3.654768 
0.038574  3.650403 
0.039361  3.646054 
0.040148  3.641726 
0.040936  3.637422 
0.041723  3.633148 
0.042510  3.628909 
0.043297  3.624711 
0.044084  3.620559 
0.044872  3.616458 
0.045659  3.612416 
0.046446  3.608438 
0.047233  3.604529 
0.048021  3.600697 
0.048808  3.596946 
0.049595  3.593282 
0.050382  3.589712 
0.051169  3.586238 
0.051957  3.582868 
0.052744  3.579603 
0.053531  3.576449 
0.054318  3.573407 
0.055106  3.570481 
0.055893  3.567673 
0.056680  3.564983 
0.057467  3.562413 
0.058255  3.559962 
0.059042  3.557630 
0.059829  3.555417 
0.060616  3.553321 
0.061403  3.551340 
0.062191  3.549473 
0.062978  3.547718 
0.063765  3.546071 
0.064552  3.544531 
0.065340  3.543094 
0.066127  3.541758 
0.066914  3.540520 
0.067701  3.539377 
0.068488  3.538327 
0.069276  3.537366 
0.070063  3.536493 
0.070850  3.535704 
0.071637  3.534998 
0.072425  3.534372 
0.073212  3.533824 
0.073999  3.533353 
0.074786  3.532958 
0.075574  3.532635 
0.076361  3.532386 
0.077148  3.532209 
0.077935  3.532102 
0.078722  3.532067 


0.000000  3.827553 
0.000787  3.827495 
0.001574  3.827326 
0.002362  3.827062 
0.003149  3.826735 
0.003936  3.826393 
0.004723  3.826104 
0.005511  3.825969 
0.006298  3.826126 
0.007085  3.826752 
0.007872  3.828057 
0.008660  3.830240 
0.009447  3.833426 
0.010234  3.837620 
0.011021  3.842719 
0.011808  3.848566 
0.012596  3.855000 
0.013383  3.861886 
0.014170  3.869118 
0.014957  3.876614 
0.015745  3.884315 
0.016532  3.892175 
0.017319  3.900157 
0.018106  3.908233 
0.018893  3.916380 
0.019681  3.924581 
0.020468  3.932818 
0.021255  3.941078 
0.022042  3.949349 
0.022829  3.957622 
0.023617  3.965885 
0.024404  3.974132 
0.025191  3.982353 
0.025978  3.990543 
0.026766  3.998694 
0.027553  4.006799 
0.028340  4.014854 
0.029127  4.022852 
0.029915  4.030788 
0.030702  4.038657 
0.031489  4.046454 
0.032276  4.054176 
0.033063  4.061816 
0.033851  4.069373 
0.034638  4.076840 
0.035425  4.084215 
0.036212  4.091494 
0.036999  4.098674 
0.037787  4.105751 
0.038574  4.112722 
0.039361  4.119585 
0.040148  4.126336 
0.040936  4.132973 
0.041723  4.139493 
0.042510  4.145894 
0.043297  4.152174 
0.044084  4.158331 
0.044872  4.164362 
0.045659  4.170266 
0.046446  4.176041 
0.047233  4.181686 
0.048021  4.187199 
0.048808  4.192578 
0.049595  4.197823 
0.050382  4.202933 
0.051169  4.207906 
0.051957  4.212742 
0.052744  4.217440 
0.053531  4.221999 
0.054318  4.226418 
0.055106  4.230697 
0.055893  4.234836 
0.056680  4.238834 
0.057467  4.242691 
0.058255  4.246406 
0.059042  4.249980 
0.059829  4.253412 
0.060616  4.256703 
0.061403  4.259852 
0.062191  4.262859 
0.062978  4.265725 
0.063765  4.268450 
0.064552  4.271032 
0.065340  4.273474 
0.066127  4.275775 
0.066914  4.277935 
0.067701  4.279954 
0.068488  4.281833 
0.069276  4.283572 
0.070063  4.285170 
0.070850  4.286629 
0.071637  4.287948 
0.072425  4.289127 
0.073212  4.290165 
0.073999  4.291057 
0.074786  4.289511 
0.075574  4.284739 
0.076361  4.281026 
0.077148  4.278378 
0.077935  4.276791 
0.078722  4.276263 


0.000000  4.424347 
0.000787  4.424594 
0.001574  4.425332 
0.002362  4.426558 
0.003149  4.428263 
0.003936  4.430439 
0.004723  4.433072 
0.005511  4.436148 
0.006298  4.439649 
0.007085  4.443558 
0.007872  4.447852 
0.008660  4.452512 
0.009447  4.457512 
0.010234  4.462830 
0.011021  4.468442 
0.011808  4.474322 
0.012596  4.480445 
0.013383  4.486787 
0.014170  4.493322 
0.014957  4.500028 
0.015745  4.506878 
0.016532  4.513851 
0.017319  4.520924 
0.018106  4.528075 
0.018893  4.535282 
0.019681  4.542527 
0.020468  4.549789 
0.021255  4.557052 
0.022042  4.564297 
0.022829  4.571509 
0.023617  4.578673 
0.024404  4.585775 
0.025191  4.592801 
0.025978  4.599741 
0.026766  4.606583 
0.027553  4.613317 
0.028340  4.619935 
0.029127  4.626427 
0.029915  4.632788 
0.030702  4.639009 
0.031489  4.645087 
0.032276  4.651015 
0.033063  4.656790 
0.033851  4.662409 
0.034638  4.667868 
0.035425  4.673165 
0.036212  4.678299 
0.036999  4.683268 
0.037787  4.688072 
0.038574  4.692710 
0.039361  4.697182 
0.040148  4.701490 
0.040936  4.705634 
0.041723  4.709614 
0.042510  4.713434 
0.043297  4.717093 
0.044084  4.720595 
0.044872  4.723941 
0.045659  4.727134 
0.046446  4.730177 
0.047233  4.733071 
0.048021  4.735821 
0.048808  4.738429 
0.049595  4.740899 
0.050382  4.743233 
0.051169  4.745435 
0.051957  4.747510 
0.052744  4.749459 
0.053531  4.751288 
0.054318  4.753000 
0.055106  4.754596 
0.055893  4.750030 
0.056680  4.718376 
0.057467  4.687496 
0.058255  4.657484 
0.059042  4.628413 
0.059829  4.600346 
0.060616  4.573338 
0.061403  4.547437 
0.062191  4.522680 
0.062978  4.499098 
0.063765  4.476715 
0.064552  4.455546 
0.065340  4.435602 
0.066127  4.416884 
0.066914  4.399393 
0.067701  4.383123 
0.068488  4.368064 
0.069276  4.354205 
0.070063  4.341531 
0.070850  4.330029 
0.071637  4.319682 
0.072425  4.310475 
0.073212  4.302394 
0.073999  4.295430 
0.074786  4.291862 
0.075574  4.292466 
0.076361  4.292948 
0.077148  4.293294 
0.077935  4.293501 
0.078722  4.293570 


0.000000  5.443261 
0.000787  5.442901 
0.001574  5.441837 
0.002362  5.440128 
0.003149  5.437856 
0.003936  5.435122 
0.004723  5.432037 
0.005511  5.428708 
0.006298  5.425234 
0.007085  5.421707 
0.007872  5.418206 
0.008660  5.414798 
0.009447  5.411540 
0.010234  5.408478 
0.011021  5.405652 
0.011808  5.403091 
0.012596  5.400818 
0.013383  5.398850 
0.014170  5.397201 
0.014957  5.395878 
0.015745  5.394884 
0.016532  5.394219 
0.017319  5.393881 
0.018106  5.393862 
0.018893  5.394155 
0.019681  5.394749 
0.020468  5.395630 
0.021255  5.396783 
0.022042  5.398192 
0.022829  5.399839 
0.023617  5.401702 
0.024404  5.403762 
0.025191  5.405994 
0.025978  5.408374 
0.026766  5.410875 
0.027553  5.413470 
0.028340  5.416127 
0.029127  5.418813 
0.029915  5.421489 
0.030702  5.424112 
0.031489  5.426629 
0.032276  5.428976 
0.033063  5.431068 
0.033851  5.432792 
0.034638  5.433983 
0.035425  5.434393 
0.036212  5.433636 
0.036999  5.431106 
0.037787  5.425910 
0.038574  5.416959 
0.039361  5.403438 
0.040148  5.385346 
0.040936  5.363416 
0.041723  5.338555 
0.042510  5.311494 
0.043297  5.282744 
0.044084  5.252658 
0.044872  5.221488 
0.045659  5.189427 
0.046446  5.156632 
0.047233  5.123243 
0.048021  5.089385 
0.048808  5.055179 
0.049595  5.020740 
0.050382  4.986181 
0.051169  4.951613 
0.051957  4.917148 
0.052744  4.882892 
0.053531  4.848954 
0.054318  4.815436 
0.055106  4.782441 
0.055893  4.756117 
0.056680  4.757482 
0.057467  4.758766 
0.058255  4.759954 
0.059042  4.761051 
0.059829  4.762060 
0.060616  4.762986 
0.061403  4.763832 
0.062191  4.764604 
0.062978  4.765304 
0.063765  4.765939 
0.064552  4.766512 
0.065340  4.767026 
0.066127  4.767487 
0.066914  4.767897 
0.067701  4.768261 
0.068488  4.768583 
0.069276  4.768865 
0.070063  4.769112 
0.070850  4.769326 
0.071637  4.769510 
0.072425  4.769668 
0.073212  4.769801 
0.073999  4.769912 
0.074786  4.770002 
0.075574  4.770073 
0.076361  4.770128 
0.077148  4.770166 
0.077935  4.770188 
0.078722  4.770195 


0.000000  5.630705 
0.000787  5.631297 
0.001574  5.633052 
0.002362  5.635907 
0.003149  5.639769 
0.003936  5.644519 
0.004723  5.650030 
0.005511  5.656172 
0.006298  5.662816 
0.007085  5.669842 
0.007872  5.677135 
0.008660  5.684590 
0.009447  5.692110 
0.010234  5.699604 
0.011021  5.706987 
0.011808  5.714180 
0.012596  5.721107 
0.013383  5.727699 
0.014170  5.733888 
0.014957  5.739610 
0.015745  5.744803 
0.016532  5.749410 
0.017319  5.753373 
0.018106  5.756640 
0.018893  5.759158 
0.019681  5.760881 
0.020468  5.761761 
0.021255  5.761755 
0.022042  5.760822 
0.022829  5.758925 
0.023617  5.756028 
0.024404  5.752101 
0.025191  5.747113 
0.025978  5.741042 
0.026766  5.733866 
0.027553  5.725571 
0.028340  5.716145 
0.029127  5.705584 
0.029915  5.693893 
0.030702  5.681083 
0.031489  5.667180 
0.032276  5.652224 
0.033063  5.636281 
0.033851  5.619451 
0.034638  5.601889 
0.035425  5.583836 
0.036212  5.565679 
0.036999  5.548030 
0.037787  5.531793 
0.038574  5.518073 
0.039361  5.507708 
0.040148  5.500727 
0.040936  5.496431 
0.041723  5.493955 
0.042510  5.492615 
0.043297  5.491951 
0.044084  5.491673 
0.044872  5.491592 
0.045659  5.491590 
0.046446  5.491584 
0.047233  5.491521 
0.048021  5.491362 
0.048808  5.491083 
0.049595  5.490665 
0.050382  5.490098 
0.051169  5.489375 
0.051957  5.488493 
0.052744  5.487452 
0.053531  5.486255 
0.054318  5.484907 
0.055106  5.483415 
0.055893  5.481785 
0.056680  5.480029 
0.057467  5.478156 
0.058255  5.476178 
0.059042  5.474107 
0.059829  5.471958 
0.060616  5.469742 
0.061403  5.467475 
0.062191  5.465172 
0.062978  5.462847 
0.063765  5.460515 
0.064552  5.458191 
0.065340  5.455891 
0.066127  5.453630 
0.066914  5.451421 
0.067701  5.449280 
0.068488  5.447219 
0.069276  5.445253 
0.070063  5.443394 
0.070850  5.441654 
0.071637  5.440044 
0.072425  5.438574 
0.073212  5.437255 
0.073999  5.436093 
0.074786  5.435098 
0.075574  5.434274 
0.076361  5.433628 
0.077148  5.433164 
0.077935  5.432884 
0.078722  5.432791 


0.000000  5.876700 
0.000787  5.876646 
0.001574  5.876481 
0.002362  5.876208 
0.003149  5.875825 
0.003936  5.875334 
0.004723  5.874735 
0.005511  5.874028 
0.006298  5.873214 
0.007085  5.872294 
0.007872  5.871269 
0.008660  5.870139 
0.009447  5.868907 
0.010234  5.867572 
0.011021  5.866136 
0.011808  5.864602 
0.012596  5.862969 
0.013383  5.861241 
0.014170  5.859418 
0.014957  5.857502 
0.015745  5.855496 
0.016532  5.853402 
0.017319  5.851221 
0.018106  5.848957 
0.018893  5.846612 
0.019681  5.844188 
0.020468  5.841688 
0.021255  5.839115 
0.022042  5.836473 
0.022829  5.833765 
0.023617  5.830993 
0.024404  5.828162 
0.025191  5.825276 
0.025978  5.822338 
0.026766  5.819353 
0.027553  5.816324 
0.028340  5.813256 
0.029127  5.810155 
0.029915  5.807024 
0.030702  5.803869 
0.031489  5.800694 
0.032276  5.797505 
0.033063  5.794308 
0.033851  5.791107 
0.034638  5.787908 
0.035425  5.784718 
0.036212  5.781541 
0.036999  5.778385 
0.037787  5.775253 
0.038574  5.772154 
0.039361  5.769092 
0.040148  5.766073 
0.040936  5.763104 
0.041723  5.760191 
0.042510  5.757339 
0.043297  5.754554 
0.044084  5.751841 
0.044872  5.749206 
0.045659  5.746655 
0.046446  5.744191 
0.047233  5.741821 
0.048021  5.739548 
0.048808  5.737376 
0.049595  5.735309 
0.050382  5.733350 
0.051169  5.731503 
0.051957  5.729769 
0.052744  5.728150 
0.053531  5.726649 
0.054318  5.725265 
0.055106  5.723999 
0.055893  5.722850 
0.056680  5.721817 
0.057467  5.720900 
0.058255  5.720095 
0.059042  5.719399 
0.059829  5.718810 
0.060616  5.718322 
0.061403  5.717932 
0.062191  5.717633 
0.062978  5.717420 
0.063765  5.717287 
0.064552  5.717226 
0.065340  5.717231 
0.066127  5.717294 
0.066914  5.717407 
0.067701  5.717563 
0.068488  5.717752 
0.069276  5.717967 
0.070063  5.718201 
0.070850  5.718444 
0.071637  5.718691 
0.072425  5.718933 
0.073212  5.719163 
0.073999  5.719376 
0.074786  5.719566 
0.075574  5.719729 
0.076361  5.719859 
0.077148  5.719955 
0.077935  5.720013 
0.078722  5.720033 


0.000000  6.505806 
0.000787  6.506004 
0.001574  6.506598 
0.002362  6.507587 
0.003149  6.508968 
0.003936  6.510741 
0.004723  6.512901 
0.005511  6.515446 
0.006298  6.518370 
0.007085  6.521670 
0.007872  6.525340 
0.008660  6.529373 
0.009447  6.533762 
0.010234  6.538500 
0.011021  6.543579 
0.011808  6.548988 
0.012596  6.554719 
0.013383  6.560761 
0.014170  6.567102 
0.014957  6.573731 
0.015745  6.580635 
0.016532  6.587801 
0.017319  6.595214 
0.018106  6.602861 
0.018893  6.610725 
0.019681  6.618791 
0.020468  6.627043 
0.021255  6.635463 
0.022042  6.644033 
0.022829  6.652737 
0.023617  6.661555 
0.024404  6.670469 
0.025191  6.679460 
0.025978  6.688508 
0.026766  6.697594 
0.027553  6.706698 
0.028340  6.715801 
0.029127  6.724882 
0.029915  6.733923 
0.030702  6.742904 
0.031489  6.751806 
0.032276  6.760609 
0.033063  6.769295 
0.033851  6.777846 
0.034638  6.786244 
0.035425  6.794472 
0.036212  6.802512 
0.036999  6.810350 
0.037787  6.817970 
0.038574  6.825357 
0.039361  6.832498 
0.040148  6.839380 
0.040936  6.845992 
0.041723  6.852322 
0.042510  6.858360 
0.043297  6.864098 
0.044084  6.869529 
0.044872  6.874646 
0.045659  6.879443 
0.046446  6.883917 
0.047233  6.888065 
0.048021  6.891885 
0.048808  6.895377 
0.049595  6.898541 
0.050382  6.901381 
0.051169  6.903899 
0.051957  6.906101 
0.052744  6.907992 
0.053531  6.909581 
0.054318  6.910875 
0.055106  6.911884 
0.055893  6.912619 
0.056680  6.913093 
0.057467  6.913319 
0.058255  6.913310 
0.059042  6.913082 
0.059829  6.912651 
0.060616  6.912034 
0.061403  6.911248 
0.062191  6.910311 
0.062978  6.909243 
0.063765  6.908063 
0.064552  6.906789 
0.065340  6.905441 
0.066127  6.904040 
0.066914  6.902604 
0.067701  6.901153 
0.068488  6.899706 
0.069276  6.898281 
0.070063  6.896897 
0.070850  6.895570 
0.071637  6.894317 
0.072425  6.893152 
0.073212  6.892090 
0.073999  6.891143 
0.074786  6.890322 
0.075574  6.889637 
0.076361  6.889096 
0.077148  6.888704 
0.077935  6.888468 
0.078722  6.888389 


0.000000  8.073748 
0.000787  8.073739 
0.001574  8.073712 
0.002362  8.073668 
0.003149  8.073607 
0.003936  8.073529 
0.004723  8.073435 
0.005511  8.073326 
0.006298  8.073203 
0.007085  8.073066 
0.007872  8.072918 
0.008660  8.072758 
0.009447  8.072589 
0.010234  8.072412 
0.011021  8.072229 
0.011808  8.072041 
0.012596  8.071851 
0.013383  8.071659 
0.014170  8.071468 
0.014957  8.071281 
0.015745  8.071099 
0.016532  8.070924 
0.017319  8.070759 
0.018106  8.070605 
0.018893  8.070466 
0.019681  8.070343 
0.020468  8.070239 
0.021255  8.070157 
0.022042  8.070097 
0.022829  8.070064 
0.023617  8.070059 
0.024404  8.070085 
0.025191  8.070143 
0.025978  8.070237 
0.026766  8.070369 
0.027553  8.070541 
0.028340  8.070755 
0.029127  8.071013 
0.029915  8.071318 
0.030702  8.071672 
0.031489  8.072076 
0.032276  8.072533 
0.033063  8.073045 
0.033851  8.073614 
0.034638  8.074241 
0.035425  8.074928 
0.036212  8.075677 
0.036999  8.076489 
0.037787  8.077366 
0.038574  8.078310 
0.039361  8.079320 
0.040148  8.080399 
0.040936  8.081548 
0.041723  8.082766 
0.042510  8.084056 
0.043297  8.085417 
0.044084  8.086850 
0.044872  8.088355 
0.045659  8.089932 
0.046446  8.091581 
0.047233  8.093301 
0.048021  8.095091 
0.048808  8.096951 
0.049595  8.098880 
0.050382  8.100876 
0.051169  8.102937 
0.051957  8.105061 
0.052744  8.107247 
0.053531  8.109491 
0.054318  8.111792 
0.055106  8.114145 
0.055893  8.116547 
0.056680  8.118994 
0.057467  8.121484 
0.058255  8.124010 
0.059042  8.126568 
0.059829  8.129154 
0.060616  8.131761 
0.061403  8.134385 
0.062191  8.137018 
0.062978  8.139653 
0.063765  8.142285 
0.064552  8.144904 
0.065340  8.147502 
0.066127  8.150071 
0.066914  8.152601 
0.067701  8.155081 
0.068488  8.157500 
0.069276  8.159844 
0.070063  8.162101 
0.070850  8.164255 
0.071637  8.166290 
0.072425  8.168188 
0.073212  8.169930 
0.073999  8.171497 
0.074786  8.172869 
0.075574  8.174026 
0.076361  8.174948 
0.077148  8.175621 
0.077935  8.176029 
0.078722  8.176166 


0.000000  8.290675 
0.000787  8.290669 
0.001574  8.290650 
0.002362  8.290619 
0.003149  8.290576 
0.003936  8.290520 
0.004723  8.290453 
0.005511  8.290374 
0.006298  8.290283 
0.007085  8.290181 
0.007872  8.290069 
0.008660  8.289946 
0.009447  8.289813 
0.010234  8.289670 
0.011021  8.289519 
0.011808  8.289358 
0.012596  8.289190 
0.013383  8.289014 
0.014170  8.288831 
0.014957  8.288641 
0.015745  8.288445 
0.016532  8.288243 
0.017319  8.288037 
0.018106  8.287826 
0.018893  8.287611 
0.019681  8.287392 
0.020468  8.287170 
0.021255  8.286945 
0.022042  8.286718 
0.022829  8.286488 
0.023617  8.286257 
0.024404  8.286025 
0.025191  8.285791 
0.025978  8.285555 
0.026766  8.285319 
0.027553  8.285082 
0.028340  8.284843 
0.029127  8.284603 
0.029915  8.284362 
0.030702  8.284118 
0.031489  8.283873 
0.032276  8.283625 
0.033063  8.283375 
0.033851  8.283121 
0.034638  8.282862 
0.035425  8.282599 
0.036212  8.282330 
0.036999  8.282055 
0.037787  8.281772 
0.038574  8.281480 
0.039361  8.281179 
0.040148  8.280867 
0.040936  8.280544 
0.041723  8.280207 
0.042510  8.279855 
0.043297  8.279488 
0.044084  8.279103 
0.044872  8.278700 
0.045659  8.278277 
0.046446  8.277832 
0.047233  8.277363 
0.048021  8.276870 
0.048808  8.276351 
0.049595  8.275805 
0.050382  8.275229 
0.051169  8.274623 
0.051957  8.273986 
0.052744  8.273315 
0.053531  8.272610 
0.054318  8.271870 
0.055106  8.271094 
0.055893  8.270281 
0.056680  8.269430 
0.057467  8.268541 
0.058255  8.267614 
0.059042  8.266648 
0.059829  8.265645 
0.060616  8.264603 
0.061403  8.263526 
0.062191  8.262412 
0.062978  8.261266 
0.063765  8.260088 
0.064552  8.258882 
0.065340  8.257651 
0.066127  8.256400 
0.066914  8.255133 
0.067701  8.253858 
0.068488  8.252581 
0.069276  8.251310 
0.070063  8.250057 
0.070850  8.248832 
0.071637  8.247648 
0.072425  8.246520 
0.073212  8.245463 
0.073999  8.244496 
0.074786  8.243635 
0.075574  8.242899 
0.076361  8.242306 
0.077148  8.241870 
0.077935  8.241603 
0.078722  8.241513 


