# distance  frequency (bands are separated by blank lines)
# End points of segments: 
#   0.00000000 0.13666560 
0.000000  1.957278 
0.001367  1.947276 
0.002733  1.935282 
0.004100  1.922878 
0.005467  1.910120 
0.006833  1.897029 
0.008200  1.883620 
0.009567  1.869905 
0.010933  1.855893 
0.012300  1.841591 
0.013667  1.827005 
0.015033  1.812140 
0.016400  1.796999 
0.017767  1.781584 
0.019133  1.765898 
0.020500  1.749940 
0.021867  1.733710 
0.023233  1.717208 
0.024600  1.700432 
0.025966  1.683380 
0.027333  1.666051 
0.028700  1.648442 
0.030066  1.630549 
0.031433  1.612370 
0.032800  1.593901 
0.034166  1.575139 
0.035533  1.556082 
0.036900  1.536726 
0.038266  1.517067 
0.039633  1.497104 
0.041000  1.476834 
0.042366  1.456256 
0.043733  1.435367 
0.045100  1.414168 
0.046466  1.392659 
0.047833  1.370840 
0.049200  1.348713 
0.050566  1.326281 
0.051933  1.303547 
0.053300  1.280517 
0.054666  1.257196 
0.056033  1.233591 
0.057399  1.209711 
0.058766  1.185563 
0.060133  1.161161 
0.061499  1.136513 
0.062866  1.111634 
0.064233  1.086537 
0.065600  1.061237 
0.066966  1.035749 
0.068333  1.010091 
0.069699  0.984278 
0.071066  0.958331 
0.072433  0.932266 
0.073799  0.906105 
0.075166  0.879866 
0.076533  0.853570 
0.077899  0.827238 
0.079266  0.800892 
0.080633  0.774554 
0.081999  0.748244 
0.083366  0.721987 
0.084733  0.695804 
0.086099  0.669719 
0.087466  0.643756 
0.088833  0.617938 
0.090199  0.592290 
0.091566  0.566837 
0.092933  0.541604 
0.094299  0.516617 
0.095666  0.491903 
0.097032  0.467488 
0.098399  0.443399 
0.099766  0.419666 
0.101133  0.396316 
0.102499  0.373379 
0.103866  0.350884 
0.105233  0.328862 
0.106599  0.307343 
0.107966  0.286357 
0.109332  0.265936 
0.110699  0.246109 
0.112066  0.226906 
0.113432  0.208357 
0.114799  0.190487 
0.116166  0.173324 
0.117532  0.156888 
0.118899  0.141200 
0.120266  0.126273 
0.121632  0.112117 
0.122999  0.098732 
0.124366  0.086113 
0.125732  0.074240 
0.127099  0.063086 
0.128466  0.052607 
0.129832  0.042745 
0.131199  0.033424 
0.132566  0.024545 
0.133932  0.015974 
0.135299  0.007415 
0.136666  -0.004923 


0.000000  1.960928 
0.001367  1.970520 
0.002733  1.981278 
0.004100  1.991598 
0.005467  2.001386 
0.006833  2.010559 
0.008200  2.019003 
0.009567  2.026549 
0.010933  2.032936 
0.012300  2.037750 
0.013667  2.040366 
0.015033  2.039984 
0.016400  2.035989 
0.017767  2.028475 
0.019133  2.018232 
0.020500  2.006197 
0.021867  1.993082 
0.023233  1.979347 
0.024600  1.965276 
0.025966  1.951045 
0.027333  1.936765 
0.028700  1.922511 
0.030066  1.908331 
0.031433  1.894256 
0.032800  1.880308 
0.034166  1.866498 
0.035533  1.852831 
0.036900  1.839306 
0.038266  1.825918 
0.039633  1.812657 
0.041000  1.799510 
0.042366  1.786460 
0.043733  1.773488 
0.045100  1.760569 
0.046466  1.747679 
0.047833  1.734791 
0.049200  1.721873 
0.050566  1.708894 
0.051933  1.695821 
0.053300  1.682619 
0.054666  1.669252 
0.056033  1.655684 
0.057399  1.641879 
0.058766  1.627799 
0.060133  1.613408 
0.061499  1.598670 
0.062866  1.583546 
0.064233  1.567996 
0.065600  1.551959 
0.066966  1.535223 
0.068333  1.514362 
0.069699  1.487097 
0.071066  1.459289 
0.072433  1.431403 
0.073799  1.403480 
0.075166  1.375522 
0.076533  1.347527 
0.077899  1.319485 
0.079266  1.291390 
0.080633  1.263231 
0.081999  1.235000 
0.083366  1.206688 
0.084733  1.178287 
0.086099  1.149788 
0.087466  1.121183 
0.088833  1.092464 
0.090199  1.063625 
0.091566  1.034659 
0.092933  1.005560 
0.094299  0.976322 
0.095666  0.946940 
0.097032  0.917410 
0.098399  0.887728 
0.099766  0.857891 
0.101133  0.827896 
0.102499  0.797743 
0.103866  0.767428 
0.105233  0.736953 
0.106599  0.706317 
0.107966  0.675521 
0.109332  0.644567 
0.110699  0.613456 
0.112066  0.582191 
0.113432  0.550777 
0.114799  0.519216 
0.116166  0.487514 
0.117532  0.455676 
0.118899  0.423708 
0.120266  0.391616 
0.121632  0.359408 
0.122999  0.327091 
0.124366  0.294672 
0.125732  0.262162 
0.127099  0.229567 
0.128466  0.196897 
0.129832  0.164161 
0.131199  0.131366 
0.132566  0.098518 
0.133932  0.065612 
0.135299  0.032582 
0.136666  -0.002323 


0.000000  2.268451 
0.001367  2.257403 
0.002733  2.242235 
0.004100  2.226761 
0.005467  2.211269 
0.006833  2.195892 
0.008200  2.180769 
0.009567  2.166084 
0.010933  2.152110 
0.012300  2.139272 
0.013667  2.128206 
0.015033  2.119722 
0.016400  2.114444 
0.017767  2.112290 
0.019133  2.112479 
0.020500  2.114086 
0.021867  2.116412 
0.023233  2.119009 
0.024600  2.121607 
0.025966  2.124045 
0.027333  2.126225 
0.028700  2.128090 
0.030066  2.129605 
0.031433  2.130754 
0.032800  2.131532 
0.034166  2.131939 
0.035533  2.131984 
0.036900  2.131671 
0.038266  2.130920 
0.039633  2.109307 
0.041000  2.080939 
0.042366  2.052497 
0.043733  2.024015 
0.045100  1.995511 
0.046466  1.967002 
0.047833  1.938498 
0.049200  1.910011 
0.050566  1.881550 
0.051933  1.853122 
0.053300  1.824734 
0.054666  1.796391 
0.056033  1.768096 
0.057399  1.739850 
0.058766  1.711655 
0.060133  1.683511 
0.061499  1.655418 
0.062866  1.627375 
0.064233  1.599388 
0.065600  1.571481 
0.066966  1.543829 
0.068333  1.519826 
0.069699  1.501719 
0.071066  1.483614 
0.072433  1.465020 
0.073799  1.445869 
0.075166  1.426132 
0.076533  1.405792 
0.077899  1.384836 
0.079266  1.363256 
0.080633  1.341045 
0.081999  1.318199 
0.083366  1.294717 
0.084733  1.270598 
0.086099  1.245845 
0.087466  1.220461 
0.088833  1.194453 
0.090199  1.167827 
0.091566  1.140591 
0.092933  1.112755 
0.094299  1.084330 
0.095666  1.055328 
0.097032  1.025762 
0.098399  0.995644 
0.099766  0.964991 
0.101133  0.933817 
0.102499  0.902137 
0.103866  0.869969 
0.105233  0.837330 
0.106599  0.804236 
0.107966  0.770707 
0.109332  0.736759 
0.110699  0.702412 
0.112066  0.667685 
0.113432  0.632596 
0.114799  0.597166 
0.116166  0.561413 
0.117532  0.525357 
0.118899  0.489018 
0.120266  0.452416 
0.121632  0.415570 
0.122999  0.378502 
0.124366  0.341231 
0.125732  0.303777 
0.127099  0.266160 
0.128466  0.228402 
0.129832  0.190521 
0.131199  0.152538 
0.132566  0.114474 
0.133932  0.076349 
0.135299  0.038182 
0.136666  -0.000992 


0.000000  2.279310 
0.001367  2.290245 
0.002733  2.305082 
0.004100  2.320023 
0.005467  2.334815 
0.006833  2.349378 
0.008200  2.363664 
0.009567  2.377630 
0.010933  2.391233 
0.012300  2.404424 
0.013667  2.417137 
0.015033  2.429265 
0.016400  2.440613 
0.017767  2.450741 
0.019133  2.458454 
0.020500  2.460218 
0.021867  2.450556 
0.023233  2.431529 
0.024600  2.408470 
0.025966  2.383643 
0.027333  2.357845 
0.028700  2.331412 
0.030066  2.304517 
0.031433  2.277267 
0.032800  2.249733 
0.034166  2.221971 
0.035533  2.194025 
0.036900  2.165934 
0.038266  2.137827 
0.039633  2.130170 
0.041000  2.128901 
0.042366  2.127379 
0.043733  2.125609 
0.045100  2.123613 
0.046466  2.121413 
0.047833  2.119032 
0.049200  2.116493 
0.050566  2.113819 
0.051933  2.111034 
0.053300  2.108159 
0.054666  2.105215 
0.056033  2.102222 
0.057399  2.099201 
0.058766  2.096167 
0.060133  2.093138 
0.061499  2.090128 
0.062866  2.087150 
0.064233  2.084216 
0.065600  2.081333 
0.066966  2.078512 
0.068333  2.075755 
0.069699  2.073069 
0.071066  2.070454 
0.072433  2.067912 
0.073799  2.065442 
0.075166  2.063042 
0.076533  2.060708 
0.077899  2.058437 
0.079266  2.056224 
0.080633  2.054064 
0.081999  2.051951 
0.083366  2.049879 
0.084733  2.047843 
0.086099  2.045836 
0.087466  2.043855 
0.088833  2.041893 
0.090199  2.039946 
0.091566  2.038011 
0.092933  2.036084 
0.094299  2.034164 
0.095666  2.032247 
0.097032  2.030334 
0.098399  2.028425 
0.099766  2.026519 
0.101133  2.024619 
0.102499  2.022726 
0.103866  2.020843 
0.105233  2.018974 
0.106599  2.017123 
0.107966  2.015294 
0.109332  2.013493 
0.110699  2.011724 
0.112066  2.009994 
0.113432  2.008309 
0.114799  2.006675 
0.116166  2.005099 
0.117532  2.003586 
0.118899  2.002143 
0.120266  2.000778 
0.121632  1.999495 
0.122999  1.998302 
0.124366  1.997203 
0.125732  1.996204 
0.127099  1.995310 
0.128466  1.994526 
0.129832  1.993856 
0.131199  1.993302 
0.132566  1.992869 
0.133932  1.992557 
0.135299  1.992370 
0.136666  1.992307 


0.000000  2.702370 
0.001367  2.699889 
0.002733  2.695928 
0.004100  2.690734 
0.005467  2.684049 
0.006833  2.675624 
0.008200  2.665270 
0.009567  2.652902 
0.010933  2.638551 
0.012300  2.622360 
0.013667  2.604557 
0.015033  2.585442 
0.016400  2.565404 
0.017767  2.545062 
0.019133  2.525770 
0.020500  2.511192 
0.021867  2.506917 
0.023233  2.510974 
0.024600  2.518110 
0.025966  2.526124 
0.027333  2.534277 
0.028700  2.542282 
0.030066  2.550008 
0.031433  2.557388 
0.032800  2.564385 
0.034166  2.570977 
0.035533  2.577152 
0.036900  2.582903 
0.038266  2.588226 
0.039633  2.593120 
0.041000  2.597586 
0.042366  2.601626 
0.043733  2.605243 
0.045100  2.608440 
0.046466  2.611221 
0.047833  2.613591 
0.049200  2.615553 
0.050566  2.617113 
0.051933  2.618273 
0.053300  2.619039 
0.054666  2.619414 
0.056033  2.619401 
0.057399  2.619003 
0.058766  2.618222 
0.060133  2.617059 
0.061499  2.615515 
0.062866  2.613591 
0.064233  2.611285 
0.065600  2.608598 
0.066966  2.605528 
0.068333  2.602072 
0.069699  2.598228 
0.071066  2.593993 
0.072433  2.589365 
0.073799  2.584340 
0.075166  2.578916 
0.076533  2.573091 
0.077899  2.566862 
0.079266  2.560230 
0.080633  2.553193 
0.081999  2.545754 
0.083366  2.537915 
0.084733  2.529682 
0.086099  2.521060 
0.087466  2.512058 
0.088833  2.502687 
0.090199  2.492961 
0.091566  2.482895 
0.092933  2.472508 
0.094299  2.461821 
0.095666  2.450859 
0.097032  2.439647 
0.098399  2.428215 
0.099766  2.416596 
0.101133  2.404824 
0.102499  2.392935 
0.103866  2.380969 
0.105233  2.368968 
0.106599  2.356974 
0.107966  2.345033 
0.109332  2.333191 
0.110699  2.321496 
0.112066  2.309996 
0.113432  2.298742 
0.114799  2.287784 
0.116166  2.277171 
0.117532  2.266954 
0.118899  2.257181 
0.120266  2.247903 
0.121632  2.239165 
0.122999  2.231015 
0.124366  2.223494 
0.125732  2.216645 
0.127099  2.210505 
0.128466  2.205109 
0.129832  2.200488 
0.131199  2.196669 
0.132566  2.193675 
0.133932  2.191524 
0.135299  2.190227 
0.136666  2.189794 


0.000000  2.703692 
0.001367  2.705474 
0.002733  2.707305 
0.004100  2.708843 
0.005467  2.710213 
0.006833  2.711527 
0.008200  2.712884 
0.009567  2.714363 
0.010933  2.716034 
0.012300  2.717952 
0.013667  2.720168 
0.015033  2.722720 
0.016400  2.725643 
0.017767  2.728965 
0.019133  2.732706 
0.020500  2.736883 
0.021867  2.741506 
0.023233  2.746580 
0.024600  2.752107 
0.025966  2.758083 
0.027333  2.764498 
0.028700  2.771341 
0.030066  2.778595 
0.031433  2.786241 
0.032800  2.794256 
0.034166  2.802615 
0.035533  2.811291 
0.036900  2.820253 
0.038266  2.829471 
0.039633  2.838914 
0.041000  2.848548 
0.042366  2.858340 
0.043733  2.868256 
0.045100  2.878262 
0.046466  2.888323 
0.047833  2.898406 
0.049200  2.908477 
0.050566  2.918499 
0.051933  2.928433 
0.053300  2.938091 
0.054666  2.942793 
0.056033  2.946650 
0.057399  2.950470 
0.058766  2.954260 
0.060133  2.958025 
0.061499  2.961765 
0.062866  2.965483 
0.064233  2.969181 
0.065600  2.972861 
0.066966  2.976525 
0.068333  2.980177 
0.069699  2.983817 
0.071066  2.987450 
0.072433  2.991075 
0.073799  2.994695 
0.075166  2.998310 
0.076533  3.001919 
0.077899  3.005518 
0.079266  3.009103 
0.080633  3.012665 
0.081999  3.016187 
0.083366  3.017431 
0.084733  3.014247 
0.086099  3.011068 
0.087466  3.007950 
0.088833  3.004928 
0.090199  3.002024 
0.091566  2.999260 
0.092933  2.996650 
0.094299  2.994205 
0.095666  2.991931 
0.097032  2.989836 
0.098399  2.987921 
0.099766  2.986188 
0.101133  2.984635 
0.102499  2.983261 
0.103866  2.982062 
0.105233  2.981033 
0.106599  2.980167 
0.107966  2.979459 
0.109332  2.978899 
0.110699  2.978479 
0.112066  2.978189 
0.113432  2.978018 
0.114799  2.977955 
0.116166  2.977988 
0.117532  2.978101 
0.118899  2.978209 
0.120266  2.975710 
0.121632  2.972948 
0.122999  2.970424 
0.124366  2.968141 
0.125732  2.966101 
0.127099  2.964305 
0.128466  2.962750 
0.129832  2.961437 
0.131199  2.960364 
0.132566  2.959530 
0.133932  2.958936 
0.135299  2.958579 
0.136666  2.958460 


0.000000  2.945079 
0.001367  2.932634 
0.002733  2.918090 
0.004100  2.904339 
0.005467  2.891747 
0.006833  2.880595 
0.008200  2.871090 
0.009567  2.863339 
0.010933  2.857336 
0.012300  2.852974 
0.013667  2.850080 
0.015033  2.848454 
0.016400  2.847893 
0.017767  2.848214 
0.019133  2.849258 
0.020500  2.850893 
0.021867  2.853009 
0.023233  2.855517 
0.024600  2.858345 
0.025966  2.861433 
0.027333  2.864733 
0.028700  2.868205 
0.030066  2.871816 
0.031433  2.875539 
0.032800  2.879350 
0.034166  2.883231 
0.035533  2.887165 
0.036900  2.891138 
0.038266  2.895138 
0.039633  2.899157 
0.041000  2.903184 
0.042366  2.907214 
0.043733  2.911240 
0.045100  2.915256 
0.046466  2.919260 
0.047833  2.923246 
0.049200  2.927214 
0.050566  2.931161 
0.051933  2.935092 
0.053300  2.939158 
0.054666  2.948002 
0.056033  2.957474 
0.057399  2.966728 
0.058766  2.975711 
0.060133  2.984368 
0.061499  2.992640 
0.062866  3.000455 
0.064233  3.007726 
0.065600  3.014345 
0.066966  3.020186 
0.068333  3.025105 
0.069699  3.028963 
0.071066  3.031652 
0.072433  3.033134 
0.073799  3.033466 
0.075166  3.032789 
0.076533  3.031290 
0.077899  3.029164 
0.079266  3.026588 
0.080633  3.023708 
0.081999  3.020644 
0.083366  3.019707 
0.084733  3.023090 
0.086099  3.026383 
0.087466  3.029523 
0.088833  3.032450 
0.090199  3.035082 
0.091566  3.037319 
0.092933  3.039034 
0.094299  3.040084 
0.095666  3.040328 
0.097032  3.039662 
0.098399  3.038051 
0.099766  3.035551 
0.101133  3.032298 
0.102499  3.028466 
0.103866  3.024233 
0.105233  3.019755 
0.106599  3.015159 
0.107966  3.010545 
0.109332  3.005984 
0.110699  3.001533 
0.112066  2.997232 
0.113432  2.993109 
0.114799  2.989186 
0.116166  2.985479 
0.117532  2.982002 
0.118899  2.978836 
0.120266  2.978572 
0.121632  2.978858 
0.122999  2.979181 
0.124366  2.979525 
0.125732  2.979875 
0.127099  2.980218 
0.128466  2.980542 
0.129832  2.980837 
0.131199  2.981092 
0.132566  2.981300 
0.133932  2.981453 
0.135299  2.981548 
0.136666  2.981579 


0.000000  2.951518 
0.001367  2.964345 
0.002733  2.980071 
0.004100  2.995901 
0.005467  3.011609 
0.006833  3.027060 
0.008200  3.042146 
0.009567  3.056785 
0.010933  3.070903 
0.012300  3.084440 
0.013667  3.097346 
0.015033  3.109575 
0.016400  3.121089 
0.017767  3.131854 
0.019133  3.141841 
0.020500  3.151026 
0.021867  3.159388 
0.023233  3.166911 
0.024600  3.173583 
0.025966  3.179399 
0.027333  3.184357 
0.028700  3.188461 
0.030066  3.191724 
0.031433  3.194164 
0.032800  3.195807 
0.034166  3.196685 
0.035533  3.196839 
0.036900  3.196312 
0.038266  3.195156 
0.039633  3.193424 
0.041000  3.191173 
0.042366  3.188458 
0.043733  3.185335 
0.045100  3.181858 
0.046466  3.178079 
0.047833  3.174045 
0.049200  3.169801 
0.050566  3.165390 
0.051933  3.160850 
0.053300  3.156218 
0.054666  3.151530 
0.056033  3.146823 
0.057399  3.142134 
0.058766  3.137505 
0.060133  3.132983 
0.061499  3.128624 
0.062866  3.124499 
0.064233  3.120692 
0.065600  3.117308 
0.066966  3.114475 
0.068333  3.112336 
0.069699  3.111032 
0.071066  3.110673 
0.072433  3.111298 
0.073799  3.112852 
0.075166  3.115194 
0.076533  3.118139 
0.077899  3.121489 
0.079266  3.125068 
0.080633  3.128729 
0.081999  3.132354 
0.083366  3.135852 
0.084733  3.139153 
0.086099  3.142206 
0.087466  3.144971 
0.088833  3.147416 
0.090199  3.147977 
0.091566  3.140613 
0.092933  3.134004 
0.094299  3.128409 
0.095666  3.123972 
0.097032  3.120797 
0.098399  3.118915 
0.099766  3.118260 
0.101133  3.118691 
0.102499  3.120020 
0.103866  3.122056 
0.105233  3.124627 
0.106599  3.127591 
0.107966  3.130830 
0.109332  3.134251 
0.110699  3.137781 
0.112066  3.141359 
0.113432  3.144933 
0.114799  3.147485 
0.116166  3.146272 
0.117532  3.145038 
0.118899  3.143807 
0.120266  3.142594 
0.121632  3.141412 
0.122999  3.140275 
0.124366  3.139197 
0.125732  3.138191 
0.127099  3.137270 
0.128466  3.136444 
0.129832  3.135725 
0.131199  3.135123 
0.132566  3.134646 
0.133932  3.134300 
0.135299  3.134091 
0.136666  3.134021 


0.000000  3.622200 
0.001367  3.615392 
0.002733  3.607912 
0.004100  3.600095 
0.005467  3.591980 
0.006833  3.583606 
0.008200  3.575010 
0.009567  3.566230 
0.010933  3.557304 
0.012300  3.548271 
0.013667  3.539167 
0.015033  3.530030 
0.016400  3.520897 
0.017767  3.511803 
0.019133  3.502782 
0.020500  3.493869 
0.021867  3.485093 
0.023233  3.476485 
0.024600  3.468071 
0.025966  3.459875 
0.027333  3.451915 
0.028700  3.444206 
0.030066  3.436758 
0.031433  3.429575 
0.032800  3.422654 
0.034166  3.415987 
0.035533  3.409561 
0.036900  3.403358 
0.038266  3.397356 
0.039633  3.391530 
0.041000  3.385856 
0.042366  3.380310 
0.043733  3.374869 
0.045100  3.369512 
0.046466  3.364226 
0.047833  3.358999 
0.049200  3.353823 
0.050566  3.348696 
0.051933  3.343622 
0.053300  3.338604 
0.054666  3.333653 
0.056033  3.328781 
0.057399  3.324001 
0.058766  3.319329 
0.060133  3.314782 
0.061499  3.310376 
0.062866  3.306128 
0.064233  3.302055 
0.065600  3.298173 
0.066966  3.294496 
0.068333  3.291040 
0.069699  3.287818 
0.071066  3.284841 
0.072433  3.282114 
0.073799  3.275428 
0.075166  3.263239 
0.076533  3.251225 
0.077899  3.239421 
0.079266  3.227854 
0.080633  3.216551 
0.081999  3.205543 
0.083366  3.194865 
0.084733  3.184556 
0.086099  3.174665 
0.087466  3.165251 
0.088833  3.156394 
0.090199  3.149735 
0.091566  3.151418 
0.092933  3.152899 
0.094299  3.154076 
0.095666  3.154959 
0.097032  3.155565 
0.098399  3.155915 
0.099766  3.156031 
0.101133  3.155934 
0.102499  3.155645 
0.103866  3.155186 
0.105233  3.154575 
0.106599  3.153831 
0.107966  3.152972 
0.109332  3.152014 
0.110699  3.150973 
0.112066  3.149865 
0.113432  3.148705 
0.114799  3.148484 
0.116166  3.151925 
0.117532  3.155267 
0.118899  3.158473 
0.120266  3.161520 
0.121632  3.164388 
0.122999  3.167058 
0.124366  3.169515 
0.125732  3.171746 
0.127099  3.173740 
0.128466  3.175486 
0.129832  3.176976 
0.131199  3.178204 
0.132566  3.179165 
0.133932  3.179854 
0.135299  3.180269 
0.136666  3.180407 


0.000000  3.622826 
0.001367  3.629228 
0.002733  3.635492 
0.004100  3.641286 
0.005467  3.646577 
0.006833  3.651335 
0.008200  3.655533 
0.009567  3.659147 
0.010933  3.662154 
0.012300  3.664538 
0.013667  3.666280 
0.015033  3.667370 
0.016400  3.667798 
0.017767  3.667557 
0.019133  3.666647 
0.020500  3.665067 
0.021867  3.662821 
0.023233  3.659917 
0.024600  3.656365 
0.025966  3.652176 
0.027333  3.647365 
0.028700  3.641950 
0.030066  3.635949 
0.031433  3.629382 
0.032800  3.622270 
0.034166  3.614637 
0.035533  3.606505 
0.036900  3.597900 
0.038266  3.588844 
0.039633  3.579364 
0.041000  3.569485 
0.042366  3.559232 
0.043733  3.548630 
0.045100  3.537705 
0.046466  3.526481 
0.047833  3.514984 
0.049200  3.503238 
0.050566  3.491268 
0.051933  3.479098 
0.053300  3.466751 
0.054666  3.454252 
0.056033  3.441622 
0.057399  3.428884 
0.058766  3.416061 
0.060133  3.403175 
0.061499  3.390248 
0.062866  3.377299 
0.064233  3.364351 
0.065600  3.351425 
0.066966  3.338540 
0.068333  3.325717 
0.069699  3.312977 
0.071066  3.300341 
0.072433  3.287837 
0.073799  3.279707 
0.075166  3.277529 
0.076533  3.275657 
0.077899  3.274090 
0.079266  3.272838 
0.080633  3.271911 
0.081999  3.271316 
0.083366  3.271061 
0.084733  3.271149 
0.086099  3.271582 
0.087466  3.272354 
0.088833  3.273458 
0.090199  3.274879 
0.091566  3.276600 
0.092933  3.278596 
0.094299  3.280840 
0.095666  3.283304 
0.097032  3.285954 
0.098399  3.288759 
0.099766  3.291688 
0.101133  3.294710 
0.102499  3.297795 
0.103866  3.300918 
0.105233  3.304052 
0.106599  3.307176 
0.107966  3.310268 
0.109332  3.313311 
0.110699  3.316286 
0.112066  3.319179 
0.113432  3.321977 
0.114799  3.324668 
0.116166  3.327240 
0.117532  3.329685 
0.118899  3.331993 
0.120266  3.334157 
0.121632  3.336170 
0.122999  3.338027 
0.124366  3.339721 
0.125732  3.341249 
0.127099  3.342606 
0.128466  3.343789 
0.129832  3.344794 
0.131199  3.345620 
0.132566  3.346265 
0.133932  3.346726 
0.135299  3.347004 
0.136666  3.347096 


0.000000  4.006058 
0.001367  4.005665 
0.002733  4.004795 
0.004100  4.003630 
0.005467  4.002209 
0.006833  4.000547 
0.008200  3.998657 
0.009567  3.996549 
0.010933  3.994236 
0.012300  3.991731 
0.013667  3.989048 
0.015033  3.986202 
0.016400  3.983210 
0.017767  3.980089 
0.019133  3.976859 
0.020500  3.973540 
0.021867  3.970154 
0.023233  3.966721 
0.024600  3.963267 
0.025966  3.959813 
0.027333  3.956385 
0.028700  3.953004 
0.030066  3.949671 
0.031433  3.945596 
0.032800  3.939576 
0.034166  3.933168 
0.035533  3.926465 
0.036900  3.919478 
0.038266  3.912218 
0.039633  3.904692 
0.041000  3.896911 
0.042366  3.888886 
0.043733  3.880626 
0.045100  3.872147 
0.046466  3.863461 
0.047833  3.854583 
0.049200  3.845529 
0.050566  3.836316 
0.051933  3.826962 
0.053300  3.817486 
0.054666  3.807907 
0.056033  3.798245 
0.057399  3.788522 
0.058766  3.778759 
0.060133  3.768978 
0.061499  3.759202 
0.062866  3.749454 
0.064233  3.739758 
0.065600  3.730136 
0.066966  3.720612 
0.068333  3.711210 
0.069699  3.701953 
0.071066  3.692863 
0.072433  3.683962 
0.073799  3.675271 
0.075166  3.666812 
0.076533  3.658603 
0.077899  3.650662 
0.079266  3.643007 
0.080633  3.635653 
0.081999  3.628613 
0.083366  3.621901 
0.084733  3.615526 
0.086099  3.609497 
0.087466  3.603823 
0.088833  3.598506 
0.090199  3.593553 
0.091566  3.588963 
0.092933  3.584738 
0.094299  3.580876 
0.095666  3.577374 
0.097032  3.574227 
0.098399  3.571430 
0.099766  3.568974 
0.101133  3.566852 
0.102499  3.565052 
0.103866  3.563564 
0.105233  3.562375 
0.106599  3.561470 
0.107966  3.560834 
0.109332  3.560451 
0.110699  3.560302 
0.112066  3.560368 
0.113432  3.560630 
0.114799  3.561064 
0.116166  3.561649 
0.117532  3.562360 
0.118899  3.563173 
0.120266  3.564063 
0.121632  3.565004 
0.122999  3.565971 
0.124366  3.566939 
0.125732  3.567882 
0.127099  3.568778 
0.128466  3.569603 
0.129832  3.570339 
0.131199  3.570967 
0.132566  3.571472 
0.133932  3.571841 
0.135299  3.572067 
0.136666  3.572142 


0.000000  4.006987 
0.001367  4.007120 
0.002733  4.007211 
0.004100  4.007080 
0.005467  4.006694 
0.006833  4.006040 
0.008200  4.005115 
0.009567  4.003915 
0.010933  4.002439 
0.012300  4.000683 
0.013667  3.998646 
0.015033  3.996327 
0.016400  3.993723 
0.017767  3.990832 
0.019133  3.987652 
0.020500  3.984182 
0.021867  3.980419 
0.023233  3.976361 
0.024600  3.972008 
0.025966  3.967358 
0.027333  3.962412 
0.028700  3.957174 
0.030066  3.951669 
0.031433  3.946716 
0.032800  3.943546 
0.034166  3.940632 
0.035533  3.937912 
0.036900  3.935405 
0.038266  3.933133 
0.039633  3.931121 
0.041000  3.929390 
0.042366  3.927963 
0.043733  3.926859 
0.045100  3.926099 
0.046466  3.925700 
0.047833  3.925678 
0.049200  3.926047 
0.050566  3.926822 
0.051933  3.928011 
0.053300  3.929626 
0.054666  3.931674 
0.056033  3.934161 
0.057399  3.937092 
0.058766  3.940468 
0.060133  3.944291 
0.061499  3.948560 
0.062866  3.953274 
0.064233  3.958427 
0.065600  3.964015 
0.066966  3.970030 
0.068333  3.976465 
0.069699  3.983310 
0.071066  3.990554 
0.072433  3.998185 
0.073799  4.006190 
0.075166  4.014555 
0.076533  4.023264 
0.077899  4.032303 
0.079266  4.041654 
0.080633  4.051301 
0.081999  4.061225 
0.083366  4.071409 
0.084733  4.081834 
0.086099  4.092481 
0.087466  4.103330 
0.088833  4.114361 
0.090199  4.125555 
0.091566  4.136890 
0.092933  4.148346 
0.094299  4.159901 
0.095666  4.171534 
0.097032  4.183221 
0.098399  4.194941 
0.099766  4.206668 
0.101133  4.218379 
0.102499  4.230049 
0.103866  4.241651 
0.105233  4.253159 
0.106599  4.264545 
0.107966  4.275780 
0.109332  4.286833 
0.110699  4.297674 
0.112066  4.308271 
0.113432  4.318590 
0.114799  4.328596 
0.116166  4.338256 
0.117532  4.347532 
0.118899  4.356387 
0.120266  4.364785 
0.121632  4.372688 
0.122999  4.380060 
0.124366  4.386863 
0.125732  4.393061 
0.127099  4.398622 
0.128466  4.403513 
0.129832  4.407706 
0.131199  4.411174 
0.132566  4.413895 
0.133932  4.415851 
0.135299  4.417031 
0.136666  4.417425 


0.000000  5.323803 
0.001367  5.323306 
0.002733  5.322197 
0.004100  5.320995 
0.005467  5.319961 
0.006833  5.319208 
0.008200  5.318791 
0.009567  5.318738 
0.010933  5.319061 
0.012300  5.319765 
0.013667  5.320847 
0.015033  5.322300 
0.016400  5.324110 
0.017767  5.326259 
0.019133  5.328725 
0.020500  5.331484 
0.021867  5.334504 
0.023233  5.337755 
0.024600  5.341199 
0.025966  5.344801 
0.027333  5.348518 
0.028700  5.352311 
0.030066  5.356134 
0.031433  5.359945 
0.032800  5.363698 
0.034166  5.367348 
0.035533  5.370850 
0.036900  5.374161 
0.038266  5.377238 
0.039633  5.380039 
0.041000  5.382524 
0.042366  5.384656 
0.043733  5.386400 
0.045100  5.387724 
0.046466  5.388598 
0.047833  5.388995 
0.049200  5.388894 
0.050566  5.388274 
0.051933  5.387118 
0.053300  5.385413 
0.054666  5.383150 
0.056033  5.380320 
0.057399  5.376919 
0.058766  5.372945 
0.060133  5.368399 
0.061499  5.363282 
0.062866  5.357599 
0.064233  5.351357 
0.065600  5.344563 
0.066966  5.337226 
0.068333  5.329358 
0.069699  5.320970 
0.071066  5.312076 
0.072433  5.302691 
0.073799  5.292830 
0.075166  5.282512 
0.076533  5.271754 
0.077899  5.260576 
0.079266  5.248999 
0.080633  5.237045 
0.081999  5.224738 
0.083366  5.212102 
0.084733  5.199162 
0.086099  5.185947 
0.087466  5.172483 
0.088833  5.158801 
0.090199  5.144931 
0.091566  5.130904 
0.092933  5.116753 
0.094299  5.102512 
0.095666  5.088214 
0.097032  5.073896 
0.098399  5.059593 
0.099766  5.045342 
0.101133  5.031181 
0.102499  5.017146 
0.103866  5.003277 
0.105233  4.989610 
0.106599  4.976185 
0.107966  4.963039 
0.109332  4.950210 
0.110699  4.937736 
0.112066  4.925653 
0.113432  4.913997 
0.114799  4.902805 
0.116166  4.892108 
0.117532  4.881942 
0.118899  4.872335 
0.120266  4.863320 
0.121632  4.854922 
0.122999  4.847169 
0.124366  4.840084 
0.125732  4.833688 
0.127099  4.828001 
0.128466  4.823040 
0.129832  4.818819 
0.131199  4.815349 
0.132566  4.812641 
0.133932  4.810701 
0.135299  4.809535 
0.136666  4.809146 


0.000000  5.332886 
0.001367  5.333694 
0.002733  5.335732 
0.004100  5.338475 
0.005467  5.341651 
0.006833  5.345131 
0.008200  5.348842 
0.009567  5.352734 
0.010933  5.356767 
0.012300  5.360909 
0.013667  5.365131 
0.015033  5.369408 
0.016400  5.373718 
0.017767  5.378041 
0.019133  5.382360 
0.020500  5.386659 
0.021867  5.390926 
0.023233  5.395148 
0.024600  5.399315 
0.025966  5.403418 
0.027333  5.407446 
0.028700  5.411393 
0.030066  5.415251 
0.031433  5.419011 
0.032800  5.422668 
0.034166  5.426212 
0.035533  5.429637 
0.036900  5.432935 
0.038266  5.436099 
0.039633  5.439122 
0.041000  5.441994 
0.042366  5.444708 
0.043733  5.447257 
0.045100  5.449632 
0.046466  5.451825 
0.047833  5.453828 
0.049200  5.455633 
0.050566  5.457232 
0.051933  5.458616 
0.053300  5.459777 
0.054666  5.460707 
0.056033  5.461398 
0.057399  5.461838 
0.058766  5.462018 
0.060133  5.461922 
0.061499  5.461525 
0.062866  5.460779 
0.064233  5.459553 
0.065600  5.457395 
0.066966  5.452966 
0.068333  5.445826 
0.069699  5.437296 
0.071066  5.427986 
0.072433  5.418065 
0.073799  5.407597 
0.075166  5.396614 
0.076533  5.385139 
0.077899  5.373192 
0.079266  5.360793 
0.080633  5.347960 
0.081999  5.334716 
0.083366  5.321083 
0.084733  5.307085 
0.086099  5.292747 
0.087466  5.278097 
0.088833  5.263162 
0.090199  5.247973 
0.091566  5.232560 
0.092933  5.216955 
0.094299  5.201193 
0.095666  5.185307 
0.097032  5.169334 
0.098399  5.153312 
0.099766  5.137277 
0.101133  5.121270 
0.102499  5.105330 
0.103866  5.089499 
0.105233  5.073818 
0.106599  5.058332 
0.107966  5.043083 
0.109332  5.028115 
0.110699  5.013475 
0.112066  4.999207 
0.113432  4.985357 
0.114799  4.971971 
0.116166  4.959096 
0.117532  4.946777 
0.118899  4.935060 
0.120266  4.923990 
0.121632  4.913611 
0.122999  4.903966 
0.124366  4.895095 
0.125732  4.887039 
0.127099  4.879833 
0.128466  4.873513 
0.129832  4.868109 
0.131199  4.863648 
0.132566  4.860153 
0.133932  4.857643 
0.135299  4.856132 
0.136666  4.855627 


0.000000  5.563085 
0.001367  5.559300 
0.002733  5.555353 
0.004100  5.551834 
0.005467  5.548730 
0.006833  5.546016 
0.008200  5.543666 
0.009567  5.541655 
0.010933  5.539957 
0.012300  5.538545 
0.013667  5.537394 
0.015033  5.536479 
0.016400  5.535775 
0.017767  5.535258 
0.019133  5.534903 
0.020500  5.534688 
0.021867  5.534589 
0.023233  5.534582 
0.024600  5.534646 
0.025966  5.534759 
0.027333  5.534897 
0.028700  5.535040 
0.030066  5.535167 
0.031433  5.535255 
0.032800  5.535284 
0.034166  5.535233 
0.035533  5.535081 
0.036900  5.534807 
0.038266  5.534391 
0.039633  5.533811 
0.041000  5.533048 
0.042366  5.532079 
0.043733  5.530885 
0.045100  5.529443 
0.046466  5.527732 
0.047833  5.525731 
0.049200  5.523419 
0.050566  5.520775 
0.051933  5.517778 
0.053300  5.514408 
0.054666  5.510647 
0.056033  5.506478 
0.057399  5.501886 
0.058766  5.496859 
0.060133  5.491393 
0.061499  5.485492 
0.062866  5.479191 
0.064233  5.472605 
0.065600  5.466178 
0.066966  5.461239 
0.068333  5.458226 
0.069699  5.455813 
0.071066  5.453395 
0.072433  5.450805 
0.073799  5.447988 
0.075166  5.444921 
0.076533  5.441596 
0.077899  5.438008 
0.079266  5.434158 
0.080633  5.430048 
0.081999  5.425680 
0.083366  5.421059 
0.084733  5.416191 
0.086099  5.411084 
0.087466  5.405744 
0.088833  5.400180 
0.090199  5.394402 
0.091566  5.388420 
0.092933  5.382247 
0.094299  5.375895 
0.095666  5.369376 
0.097032  5.362707 
0.098399  5.355901 
0.099766  5.348977 
0.101133  5.341952 
0.102499  5.334844 
0.103866  5.327674 
0.105233  5.320464 
0.106599  5.313235 
0.107966  5.306011 
0.109332  5.298818 
0.110699  5.291682 
0.112066  5.284631 
0.113432  5.277694 
0.114799  5.270900 
0.116166  5.264281 
0.117532  5.257870 
0.118899  5.251699 
0.120266  5.245802 
0.121632  5.240213 
0.122999  5.234966 
0.124366  5.230095 
0.125732  5.225632 
0.127099  5.221609 
0.128466  5.218055 
0.129832  5.214998 
0.131199  5.212461 
0.132566  5.210465 
0.133932  5.209028 
0.135299  5.208160 
0.136666  5.207870 


0.000000  5.564514 
0.001367  5.568796 
0.002733  5.574233 
0.004100  5.580231 
0.005467  5.586799 
0.006833  5.593953 
0.008200  5.601706 
0.009567  5.610071 
0.010933  5.619057 
0.012300  5.628668 
0.013667  5.638905 
0.015033  5.649764 
0.016400  5.661237 
0.017767  5.673313 
0.019133  5.685975 
0.020500  5.699203 
0.021867  5.712973 
0.023233  5.727259 
0.024600  5.742032 
0.025966  5.757259 
0.027333  5.772907 
0.028700  5.788940 
0.030066  5.805320 
0.031433  5.822010 
0.032800  5.838970 
0.034166  5.856160 
0.035533  5.873541 
0.036900  5.891072 
0.038266  5.908711 
0.039633  5.926420 
0.041000  5.944157 
0.042366  5.961884 
0.043733  5.979559 
0.045100  5.997146 
0.046466  6.014605 
0.047833  6.031900 
0.049200  6.048993 
0.050566  6.065851 
0.051933  6.082437 
0.053300  6.098720 
0.054666  6.114668 
0.056033  6.130249 
0.057399  6.145436 
0.058766  6.160201 
0.060133  6.174519 
0.061499  6.188367 
0.062866  6.201722 
0.064233  6.214566 
0.065600  6.226883 
0.066966  6.238656 
0.068333  6.249875 
0.069699  6.260530 
0.071066  6.270613 
0.072433  6.280121 
0.073799  6.289051 
0.075166  6.297405 
0.076533  6.305186 
0.077899  6.312400 
0.079266  6.319055 
0.080633  6.325161 
0.081999  6.330732 
0.083366  6.335782 
0.084733  6.340327 
0.086099  6.344385 
0.087466  6.347975 
0.088833  6.351118 
0.090199  6.353834 
0.091566  6.356146 
0.092933  6.358077 
0.094299  6.359649 
0.095666  6.360886 
0.097032  6.361812 
0.098399  6.362451 
0.099766  6.362825 
0.101133  6.362959 
0.102499  6.362875 
0.103866  6.362595 
0.105233  6.362142 
0.106599  6.361538 
0.107966  6.360804 
0.109332  6.359960 
0.110699  6.359025 
0.112066  6.358019 
0.113432  6.356959 
0.114799  6.355864 
0.116166  6.354750 
0.117532  6.353632 
0.118899  6.352526 
0.120266  6.351445 
0.121632  6.350401 
0.122999  6.349408 
0.124366  6.348476 
0.125732  6.347614 
0.127099  6.346833 
0.128466  6.346140 
0.129832  6.345541 
0.131199  6.345044 
0.132566  6.344651 
0.133932  6.344369 
0.135299  6.344198 
0.136666  6.344141 


0.000000  7.277138 
0.001367  7.272439 
0.002733  7.267304 
0.004100  7.262228 
0.005467  7.257215 
0.006833  7.252266 
0.008200  7.247381 
0.009567  7.242560 
0.010933  7.237803 
0.012300  7.233112 
0.013667  7.228486 
0.015033  7.223929 
0.016400  7.219441 
0.017767  7.215026 
0.019133  7.210686 
0.020500  7.206425 
0.021867  7.202246 
0.023233  7.198154 
0.024600  7.194153 
0.025966  7.190248 
0.027333  7.186445 
0.028700  7.182750 
0.030066  7.179168 
0.031433  7.175707 
0.032800  7.172374 
0.034166  7.169177 
0.035533  7.166122 
0.036900  7.163219 
0.038266  7.160476 
0.039633  7.157901 
0.041000  7.155505 
0.042366  7.153295 
0.043733  7.151284 
0.045100  7.149479 
0.046466  7.147891 
0.047833  7.146531 
0.049200  7.145408 
0.050566  7.144533 
0.051933  7.143916 
0.053300  7.143567 
0.054666  7.143495 
0.056033  7.143709 
0.057399  7.144219 
0.058766  7.145032 
0.060133  7.146156 
0.061499  7.147597 
0.062866  7.149360 
0.064233  7.151450 
0.065600  7.153870 
0.066966  7.156620 
0.068333  7.159702 
0.069699  7.163112 
0.071066  7.166848 
0.072433  7.170905 
0.073799  7.175275 
0.075166  7.179949 
0.076533  7.184918 
0.077899  7.190168 
0.079266  7.195686 
0.080633  7.201456 
0.081999  7.207462 
0.083366  7.213684 
0.084733  7.220104 
0.086099  7.226702 
0.087466  7.233455 
0.088833  7.240343 
0.090199  7.247343 
0.091566  7.254432 
0.092933  7.261588 
0.094299  7.268788 
0.095666  7.276009 
0.097032  7.283228 
0.098399  7.290424 
0.099766  7.297575 
0.101133  7.304659 
0.102499  7.311655 
0.103866  7.318543 
0.105233  7.325304 
0.106599  7.331918 
0.107966  7.338368 
0.109332  7.344635 
0.110699  7.350704 
0.112066  7.356558 
0.113432  7.362182 
0.114799  7.367562 
0.116166  7.372684 
0.117532  7.377535 
0.118899  7.382104 
0.120266  7.386379 
0.121632  7.390350 
0.122999  7.394008 
0.124366  7.397343 
0.125732  7.400348 
0.127099  7.403017 
0.128466  7.405342 
0.129832  7.407318 
0.131199  7.408942 
0.132566  7.410208 
0.133932  7.411115 
0.135299  7.411660 
0.136666  7.411841 


0.000000  7.278235 
0.001367  7.283005 
0.002733  7.288356 
0.004100  7.293794 
0.005467  7.299315 
0.006833  7.304922 
0.008200  7.310619 
0.009567  7.316410 
0.010933  7.322299 
0.012300  7.328293 
0.013667  7.334396 
0.015033  7.340613 
0.016400  7.346951 
0.017767  7.353416 
0.019133  7.360014 
0.020500  7.366750 
0.021867  7.373632 
0.023233  7.380664 
0.024600  7.387854 
0.025966  7.395207 
0.027333  7.402729 
0.028700  7.410426 
0.030066  7.418302 
0.031433  7.426363 
0.032800  7.434613 
0.034166  7.443055 
0.035533  7.451694 
0.036900  7.460531 
0.038266  7.469569 
0.039633  7.478808 
0.041000  7.488250 
0.042366  7.497894 
0.043733  7.507739 
0.045100  7.517782 
0.046466  7.528020 
0.047833  7.538450 
0.049200  7.549066 
0.050566  7.559863 
0.051933  7.570833 
0.053300  7.581970 
0.054666  7.593263 
0.056033  7.604705 
0.057399  7.616284 
0.058766  7.627989 
0.060133  7.639809 
0.061499  7.651732 
0.062866  7.663745 
0.064233  7.675833 
0.065600  7.687985 
0.066966  7.700184 
0.068333  7.712417 
0.069699  7.724670 
0.071066  7.736927 
0.072433  7.749174 
0.073799  7.761395 
0.075166  7.773576 
0.076533  7.785702 
0.077899  7.797759 
0.079266  7.809731 
0.080633  7.821605 
0.081999  7.833367 
0.083366  7.845004 
0.084733  7.856501 
0.086099  7.867846 
0.087466  7.879027 
0.088833  7.890031 
0.090199  7.900846 
0.091566  7.911462 
0.092933  7.921867 
0.094299  7.932050 
0.095666  7.942003 
0.097032  7.951714 
0.098399  7.961175 
0.099766  7.970376 
0.101133  7.979311 
0.102499  7.987969 
0.103866  7.996345 
0.105233  8.004430 
0.106599  8.012218 
0.107966  8.019702 
0.109332  8.026876 
0.110699  8.033735 
0.112066  8.040273 
0.113432  8.046485 
0.114799  8.052367 
0.116166  8.057913 
0.117532  8.063120 
0.118899  8.067983 
0.120266  8.072501 
0.121632  8.076668 
0.122999  8.080483 
0.124366  8.083942 
0.125732  8.087044 
0.127099  8.089785 
0.128466  8.092165 
0.129832  8.094181 
0.131199  8.095833 
0.132566  8.097118 
0.133932  8.098037 
0.135299  8.098589 
0.136666  8.098773 


