# distance  frequency (bands are separated by blank lines)
# End points of segments: 
#   0.00000000 0.13666560 
0.000000  0.696676 
0.001367  0.698309 
0.002733  0.703181 
0.004100  0.711215 
0.005467  0.722285 
0.006833  0.736228 
0.008200  0.752851 
0.009567  0.771941 
0.010933  0.793276 
0.012300  0.816629 
0.013667  0.841779 
0.015033  0.868510 
0.016400  0.896619 
0.017767  0.925916 
0.019133  0.956222 
0.020500  0.987375 
0.021867  1.019224 
0.023233  1.051629 
0.024600  1.084463 
0.025966  1.117604 
0.027333  1.150938 
0.028700  1.184348 
0.030066  1.217700 
0.031433  1.250794 
0.032800  1.282821 
0.034166  1.299099 
0.035533  1.309567 
0.036900  1.320283 
0.038266  1.331345 
0.039633  1.342756 
0.041000  1.354503 
0.042366  1.366573 
0.043733  1.378949 
0.045100  1.391614 
0.046466  1.404549 
0.047833  1.417727 
0.049200  1.431059 
0.050566  1.442516 
0.051933  1.450421 
0.053300  1.458020 
0.054666  1.465503 
0.056033  1.472904 
0.057399  1.480243 
0.058766  1.487539 
0.060133  1.494813 
0.061499  1.502085 
0.062866  1.509375 
0.064233  1.516704 
0.065600  1.524092 
0.066966  1.531561 
0.068333  1.539129 
0.069699  1.546817 
0.071066  1.554641 
0.072433  1.562620 
0.073799  1.570768 
0.075166  1.579101 
0.076533  1.587630 
0.077899  1.596367 
0.079266  1.605322 
0.080633  1.614501 
0.081999  1.623911 
0.083366  1.633557 
0.084733  1.643440 
0.086099  1.653561 
0.087466  1.663918 
0.088833  1.674510 
0.090199  1.685330 
0.091566  1.696374 
0.092933  1.707632 
0.094299  1.719096 
0.095666  1.730755 
0.097032  1.742596 
0.098399  1.754605 
0.099766  1.766768 
0.101133  1.779068 
0.102499  1.791489 
0.103866  1.804010 
0.105233  1.816614 
0.106599  1.829279 
0.107966  1.841985 
0.109332  1.854709 
0.110699  1.867430 
0.112066  1.880123 
0.113432  1.892765 
0.114799  1.905332 
0.116166  1.917799 
0.117532  1.930143 
0.118899  1.942338 
0.120266  1.954360 
0.121632  1.966185 
0.122999  1.977787 
0.124366  1.989142 
0.125732  2.000227 
0.127099  2.011019 
0.128466  2.021492 
0.129832  2.031625 
0.131199  2.041391 
0.132566  2.050764 
0.133932  2.059705 
0.135299  2.068111 
0.136666  2.074255 


0.000000  1.182785 
0.001367  1.182930 
0.002733  1.183367 
0.004100  1.184101 
0.005467  1.185141 
0.006833  1.186496 
0.008200  1.188181 
0.009567  1.190211 
0.010933  1.192601 
0.012300  1.195368 
0.013667  1.198529 
0.015033  1.202100 
0.016400  1.206096 
0.017767  1.210529 
0.019133  1.215412 
0.020500  1.220751 
0.021867  1.226555 
0.023233  1.232827 
0.024600  1.239570 
0.025966  1.246782 
0.027333  1.254462 
0.028700  1.262607 
0.030066  1.271220 
0.031433  1.280328 
0.032800  1.290431 
0.034166  1.315303 
0.035533  1.341160 
0.036900  1.356671 
0.038266  1.367293 
0.039633  1.376673 
0.041000  1.385592 
0.042366  1.394254 
0.043733  1.402730 
0.045100  1.411049 
0.046466  1.419227 
0.047833  1.427285 
0.049200  1.435300 
0.050566  1.445295 
0.051933  1.458940 
0.053300  1.472986 
0.054666  1.487239 
0.056033  1.501667 
0.057399  1.516251 
0.058766  1.530976 
0.060133  1.545825 
0.061499  1.560786 
0.062866  1.575844 
0.064233  1.590985 
0.065600  1.606195 
0.066966  1.621462 
0.068333  1.636770 
0.069699  1.652107 
0.071066  1.667460 
0.072433  1.682813 
0.073799  1.698154 
0.075166  1.713469 
0.076533  1.728743 
0.077899  1.743962 
0.079266  1.759112 
0.080633  1.774178 
0.081999  1.789146 
0.083366  1.804002 
0.084733  1.818731 
0.086099  1.833318 
0.087466  1.847748 
0.088833  1.862008 
0.090199  1.876082 
0.091566  1.889957 
0.092933  1.903618 
0.094299  1.917051 
0.095666  1.930244 
0.097032  1.943182 
0.098399  1.955852 
0.099766  1.968243 
0.101133  1.980342 
0.102499  1.992137 
0.103866  2.003617 
0.105233  2.014769 
0.106599  2.025582 
0.107966  2.036044 
0.109332  2.046140 
0.110699  2.055856 
0.112066  2.065171 
0.113432  2.074061 
0.114799  2.082491 
0.116166  2.090408 
0.117532  2.097737 
0.118899  2.104360 
0.120266  2.110096 
0.121632  2.114686 
0.122999  2.117810 
0.124366  2.119199 
0.125732  2.118793 
0.127099  2.116779 
0.128466  2.113453 
0.129832  2.109086 
0.131199  2.103880 
0.132566  2.097974 
0.133932  2.091473 
0.135299  2.084517 
0.136666  2.078855 


0.000000  1.206104 
0.001367  1.206378 
0.002733  1.207201 
0.004100  1.208568 
0.005467  1.210475 
0.006833  1.212915 
0.008200  1.215878 
0.009567  1.219353 
0.010933  1.223327 
0.012300  1.227784 
0.013667  1.232705 
0.015033  1.238072 
0.016400  1.243863 
0.017767  1.250054 
0.019133  1.256621 
0.020500  1.263538 
0.021867  1.270778 
0.023233  1.278315 
0.024600  1.286122 
0.025966  1.294174 
0.027333  1.302452 
0.028700  1.310941 
0.030066  1.319648 
0.031433  1.328626 
0.032800  1.338071 
0.034166  1.348780 
0.035533  1.364499 
0.036900  1.390399 
0.038266  1.420833 
0.039633  1.452066 
0.041000  1.483246 
0.042366  1.514105 
0.043733  1.544518 
0.045100  1.574409 
0.046466  1.603721 
0.047833  1.632407 
0.049200  1.660429 
0.050566  1.687753 
0.051933  1.714348 
0.053300  1.740189 
0.054666  1.765254 
0.056033  1.789525 
0.057399  1.812987 
0.058766  1.835630 
0.060133  1.857448 
0.061499  1.878439 
0.062866  1.898605 
0.064233  1.917953 
0.065600  1.936492 
0.066966  1.954235 
0.068333  1.971199 
0.069699  1.987400 
0.071066  2.002862 
0.072433  2.017604 
0.073799  2.031652 
0.075166  2.045027 
0.076533  2.057755 
0.077899  2.069858 
0.079266  2.081360 
0.080633  2.092284 
0.081999  2.102651 
0.083366  2.112480 
0.084733  2.121792 
0.086099  2.130603 
0.087466  2.138928 
0.088833  2.146776 
0.090199  2.153115 
0.091566  2.155552 
0.092933  2.157752 
0.094299  2.159770 
0.095666  2.161605 
0.097032  2.163256 
0.098399  2.164719 
0.099766  2.165992 
0.101133  2.167068 
0.102499  2.167944 
0.103866  2.168612 
0.105233  2.169068 
0.106599  2.169306 
0.107966  2.169322 
0.109332  2.169113 
0.110699  2.168678 
0.112066  2.168021 
0.113432  2.167154 
0.114799  2.166096 
0.116166  2.164887 
0.117532  2.163591 
0.118899  2.162314 
0.120266  2.161229 
0.121632  2.160586 
0.122999  2.160699 
0.124366  2.161831 
0.125732  2.164038 
0.127099  2.167134 
0.128466  2.170819 
0.129832  2.174826 
0.131199  2.178955 
0.132566  2.183076 
0.133932  2.187094 
0.135299  2.190908 
0.136666  2.193623 


0.000000  1.660943 
0.001367  1.661391 
0.002733  1.662733 
0.004100  1.664957 
0.005467  1.668045 
0.006833  1.671974 
0.008200  1.676715 
0.009567  1.682230 
0.010933  1.688483 
0.012300  1.695428 
0.013667  1.703020 
0.015033  1.711212 
0.016400  1.719954 
0.017767  1.729195 
0.019133  1.738886 
0.020500  1.748976 
0.021867  1.759415 
0.023233  1.770157 
0.024600  1.781154 
0.025966  1.792360 
0.027333  1.803732 
0.028700  1.815229 
0.030066  1.826811 
0.031433  1.838440 
0.032800  1.850082 
0.034166  1.861703 
0.035533  1.873271 
0.036900  1.884759 
0.038266  1.896140 
0.039633  1.907388 
0.041000  1.918481 
0.042366  1.929399 
0.043733  1.940123 
0.045100  1.950635 
0.046466  1.960922 
0.047833  1.970970 
0.049200  1.980768 
0.050566  1.990306 
0.051933  1.999576 
0.053300  2.008571 
0.054666  2.017287 
0.056033  2.025721 
0.057399  2.033869 
0.058766  2.041732 
0.060133  2.049309 
0.061499  2.056602 
0.062866  2.063614 
0.064233  2.070348 
0.065600  2.076808 
0.066966  2.083000 
0.068333  2.088928 
0.069699  2.094600 
0.071066  2.100021 
0.072433  2.105198 
0.073799  2.110138 
0.075166  2.114849 
0.076533  2.119336 
0.077899  2.123607 
0.079266  2.127668 
0.080633  2.131525 
0.081999  2.135183 
0.083366  2.138649 
0.084733  2.141925 
0.086099  2.145017 
0.087466  2.147929 
0.088833  2.150670 
0.090199  2.154288 
0.091566  2.161190 
0.092933  2.167721 
0.094299  2.173838 
0.095666  2.179550 
0.097032  2.184863 
0.098399  2.189787 
0.099766  2.194330 
0.101133  2.198498 
0.102499  2.202300 
0.103866  2.205741 
0.105233  2.208829 
0.106599  2.211568 
0.107966  2.213966 
0.109332  2.216028 
0.110699  2.217760 
0.112066  2.219166 
0.113432  2.220254 
0.114799  2.221027 
0.116166  2.221491 
0.117532  2.221652 
0.118899  2.221515 
0.120266  2.221084 
0.121632  2.220365 
0.122999  2.219362 
0.124366  2.218082 
0.125732  2.216527 
0.127099  2.214705 
0.128466  2.212620 
0.129832  2.210278 
0.131199  2.207685 
0.132566  2.204853 
0.133932  2.201798 
0.135299  2.198577 
0.136666  2.196063 


0.000000  2.358087 
0.001367  2.357962 
0.002733  2.357599 
0.004100  2.357036 
0.005467  2.356321 
0.006833  2.355513 
0.008200  2.354664 
0.009567  2.353824 
0.010933  2.353035 
0.012300  2.352332 
0.013667  2.351745 
0.015033  2.351300 
0.016400  2.351019 
0.017767  2.350921 
0.019133  2.351025 
0.020500  2.351348 
0.021867  2.351908 
0.023233  2.352720 
0.024600  2.353803 
0.025966  2.355174 
0.027333  2.356849 
0.028700  2.358849 
0.030066  2.361192 
0.031433  2.363896 
0.032800  2.366981 
0.034166  2.370468 
0.035533  2.374375 
0.036900  2.378724 
0.038266  2.383533 
0.039633  2.388823 
0.041000  2.394613 
0.042366  2.400920 
0.043733  2.407762 
0.045100  2.415156 
0.046466  2.423116 
0.047833  2.431657 
0.049200  2.440789 
0.050566  2.450523 
0.051933  2.460866 
0.053300  2.471821 
0.054666  2.483392 
0.056033  2.495577 
0.057399  2.508370 
0.058766  2.521741 
0.060133  2.522198 
0.061499  2.522197 
0.062866  2.522442 
0.064233  2.522946 
0.065600  2.523723 
0.066966  2.524780 
0.068333  2.526126 
0.069699  2.527767 
0.071066  2.529707 
0.072433  2.531950 
0.073799  2.534497 
0.075166  2.537349 
0.076533  2.540504 
0.077899  2.543961 
0.079266  2.547714 
0.080633  2.551761 
0.081999  2.556094 
0.083366  2.560707 
0.084733  2.565592 
0.086099  2.570741 
0.087466  2.576144 
0.088833  2.581789 
0.090199  2.587667 
0.091566  2.593764 
0.092933  2.600069 
0.094299  2.606568 
0.095666  2.613248 
0.097032  2.620094 
0.098399  2.627092 
0.099766  2.634228 
0.101133  2.641485 
0.102499  2.648849 
0.103866  2.656305 
0.105233  2.663837 
0.106599  2.671430 
0.107966  2.679069 
0.109332  2.686740 
0.110699  2.694427 
0.112066  2.702117 
0.113432  2.709796 
0.114799  2.717452 
0.116166  2.725071 
0.117532  2.732643 
0.118899  2.740156 
0.120266  2.747601 
0.121632  2.754968 
0.122999  2.762248 
0.124366  2.769435 
0.125732  2.776522 
0.127099  2.783503 
0.128466  2.790374 
0.129832  2.797129 
0.131199  2.803767 
0.132566  2.810284 
0.133932  2.816678 
0.135299  2.822948 
0.136666  2.828999 


0.000000  2.407652 
0.001367  2.408008 
0.002733  2.409061 
0.004100  2.410776 
0.005467  2.413104 
0.006833  2.415989 
0.008200  2.419379 
0.009567  2.423227 
0.010933  2.427493 
0.012300  2.432146 
0.013667  2.437161 
0.015033  2.442517 
0.016400  2.448198 
0.017767  2.454193 
0.019133  2.460491 
0.020500  2.467085 
0.021867  2.473968 
0.023233  2.481136 
0.024600  2.488585 
0.025966  2.496311 
0.027333  2.504312 
0.028700  2.512582 
0.030066  2.521116 
0.031433  2.529881 
0.032800  2.537746 
0.034166  2.538567 
0.035533  2.538600 
0.036900  2.538358 
0.038266  2.537878 
0.039633  2.537185 
0.041000  2.536306 
0.042366  2.535271 
0.043733  2.534113 
0.045100  2.532863 
0.046466  2.531558 
0.047833  2.530229 
0.049200  2.528910 
0.050566  2.527634 
0.051933  2.526430 
0.053300  2.525327 
0.054666  2.524353 
0.056033  2.523531 
0.057399  2.522885 
0.058766  2.522459 
0.060133  2.535749 
0.061499  2.550305 
0.062866  2.565414 
0.064233  2.581056 
0.065600  2.597202 
0.066966  2.613826 
0.068333  2.630895 
0.069699  2.648376 
0.071066  2.666235 
0.072433  2.684434 
0.073799  2.702939 
0.075166  2.721711 
0.076533  2.740714 
0.077899  2.759912 
0.079266  2.779268 
0.080633  2.798748 
0.081999  2.818315 
0.083366  2.837933 
0.084733  2.857562 
0.086099  2.877146 
0.087466  2.896584 
0.088833  2.915545 
0.090199  2.931724 
0.091566  2.938175 
0.092933  2.940227 
0.094299  2.941203 
0.095666  2.941555 
0.097032  2.941408 
0.098399  2.940821 
0.099766  2.939834 
0.101133  2.938481 
0.102499  2.936790 
0.103866  2.934786 
0.105233  2.932492 
0.106599  2.929930 
0.107966  2.927118 
0.109332  2.924075 
0.110699  2.920815 
0.112066  2.917353 
0.113432  2.913701 
0.114799  2.909871 
0.116166  2.905872 
0.117532  2.901713 
0.118899  2.897401 
0.120266  2.892941 
0.121632  2.888340 
0.122999  2.883601 
0.124366  2.878728 
0.125732  2.873724 
0.127099  2.868589 
0.128466  2.863327 
0.129832  2.857937 
0.131199  2.852421 
0.132566  2.846779 
0.133932  2.841010 
0.135299  2.835116 
0.136666  2.829191 


0.000000  2.506380 
0.001367  2.506492 
0.002733  2.506826 
0.004100  2.507380 
0.005467  2.508146 
0.006833  2.509116 
0.008200  2.510279 
0.009567  2.511622 
0.010933  2.513128 
0.012300  2.514778 
0.013667  2.516552 
0.015033  2.518426 
0.016400  2.520373 
0.017767  2.522367 
0.019133  2.524377 
0.020500  2.526371 
0.021867  2.528316 
0.023233  2.530181 
0.024600  2.531931 
0.025966  2.533536 
0.027333  2.534966 
0.028700  2.536197 
0.030066  2.537212 
0.031433  2.538022 
0.032800  2.539747 
0.034166  2.548523 
0.035533  2.558093 
0.036900  2.567949 
0.038266  2.578066 
0.039633  2.588432 
0.041000  2.599039 
0.042366  2.609877 
0.043733  2.620936 
0.045100  2.632203 
0.046466  2.643663 
0.047833  2.655302 
0.049200  2.667100 
0.050566  2.679037 
0.051933  2.691090 
0.053300  2.703233 
0.054666  2.715440 
0.056033  2.727680 
0.057399  2.739922 
0.058766  2.752131 
0.060133  2.764271 
0.061499  2.776304 
0.062866  2.788191 
0.064233  2.799890 
0.065600  2.811359 
0.066966  2.822557 
0.068333  2.833439 
0.069699  2.843966 
0.071066  2.854094 
0.072433  2.863785 
0.073799  2.873001 
0.075166  2.881710 
0.076533  2.889881 
0.077899  2.897490 
0.079266  2.904515 
0.080633  2.910945 
0.081999  2.916771 
0.083366  2.921997 
0.084733  2.926636 
0.086099  2.930722 
0.087466  2.934343 
0.088833  2.937823 
0.090199  2.943465 
0.091566  2.958216 
0.092933  2.976755 
0.094299  2.995768 
0.095666  3.014812 
0.097032  3.033779 
0.098399  3.052622 
0.099766  3.071316 
0.101133  3.089842 
0.102499  3.108187 
0.103866  3.126340 
0.105233  3.144290 
0.106599  3.162027 
0.107966  3.179539 
0.109332  3.196780 
0.110699  3.210844 
0.112066  3.219550 
0.113432  3.228131 
0.114799  3.236692 
0.116166  3.245242 
0.117532  3.253780 
0.118899  3.262304 
0.120266  3.270810 
0.121632  3.279291 
0.122999  3.287738 
0.124366  3.296141 
0.125732  3.304488 
0.127099  3.312764 
0.128466  3.320951 
0.129832  3.329032 
0.131199  3.336987 
0.132566  3.344792 
0.133932  3.352424 
0.135299  3.359855 
0.136666  3.366690 


0.000000  2.861474 
0.001367  2.861115 
0.002733  2.860052 
0.004100  2.858320 
0.005467  2.855976 
0.006833  2.853090 
0.008200  2.849743 
0.009567  2.846020 
0.010933  2.842005 
0.012300  2.837782 
0.013667  2.833428 
0.015033  2.829020 
0.016400  2.824628 
0.017767  2.820318 
0.019133  2.816151 
0.020500  2.812188 
0.021867  2.808482 
0.023233  2.805086 
0.024600  2.802049 
0.025966  2.799414 
0.027333  2.797222 
0.028700  2.795508 
0.030066  2.794302 
0.031433  2.793626 
0.032800  2.793498 
0.034166  2.793926 
0.035533  2.794913 
0.036900  2.796454 
0.038266  2.798538 
0.039633  2.801149 
0.041000  2.804267 
0.042366  2.807868 
0.043733  2.811927 
0.045100  2.816416 
0.046466  2.821308 
0.047833  2.826576 
0.049200  2.832195 
0.050566  2.838140 
0.051933  2.844386 
0.053300  2.850913 
0.054666  2.857700 
0.056033  2.864729 
0.057399  2.871980 
0.058766  2.879439 
0.060133  2.887091 
0.061499  2.894920 
0.062866  2.902913 
0.064233  2.911057 
0.065600  2.919340 
0.066966  2.927750 
0.068333  2.936275 
0.069699  2.944903 
0.071066  2.953623 
0.072433  2.962425 
0.073799  2.971297 
0.075166  2.980229 
0.076533  2.989212 
0.077899  2.998233 
0.079266  3.007285 
0.080633  3.016359 
0.081999  3.025444 
0.083366  3.034533 
0.084733  3.043619 
0.086099  3.052695 
0.087466  3.061754 
0.088833  3.070790 
0.090199  3.079800 
0.091566  3.088780 
0.092933  3.097725 
0.094299  3.106636 
0.095666  3.115509 
0.097032  3.124345 
0.098399  3.133144 
0.099766  3.141908 
0.101133  3.150639 
0.102499  3.159339 
0.103866  3.168011 
0.105233  3.176659 
0.106599  3.185289 
0.107966  3.193909 
0.109332  3.202562 
0.110699  3.214149 
0.112066  3.230850 
0.113432  3.247427 
0.114799  3.263772 
0.116166  3.279870 
0.117532  3.295714 
0.118899  3.311296 
0.120266  3.326610 
0.121632  3.341644 
0.122999  3.356382 
0.124366  3.370787 
0.125732  3.384749 
0.127099  3.397595 
0.128466  3.402504 
0.129832  3.398452 
0.131199  3.393019 
0.132566  3.387058 
0.133932  3.380712 
0.135299  3.374045 
0.136666  3.367463 


0.000000  3.066349 
0.001367  3.066819 
0.002733  3.068216 
0.004100  3.070509 
0.005467  3.073645 
0.006833  3.077563 
0.008200  3.082193 
0.009567  3.087462 
0.010933  3.093301 
0.012300  3.099644 
0.013667  3.106433 
0.015033  3.113614 
0.016400  3.121142 
0.017767  3.128978 
0.019133  3.137088 
0.020500  3.145444 
0.021867  3.154023 
0.023233  3.162806 
0.024600  3.171776 
0.025966  3.180920 
0.027333  3.190229 
0.028700  3.199692 
0.030066  3.209304 
0.031433  3.219057 
0.032800  3.228947 
0.034166  3.238970 
0.035533  3.249120 
0.036900  3.259394 
0.038266  3.269787 
0.039633  3.280294 
0.041000  3.290908 
0.042366  3.301624 
0.043733  3.312434 
0.045100  3.323329 
0.046466  3.334299 
0.047833  3.345326 
0.049200  3.346308 
0.050566  3.344887 
0.051933  3.343550 
0.053300  3.342307 
0.054666  3.341164 
0.056033  3.340132 
0.057399  3.339220 
0.058766  3.338439 
0.060133  3.337801 
0.061499  3.337320 
0.062866  3.337010 
0.064233  3.336884 
0.065600  3.336959 
0.066966  3.337251 
0.068333  3.337775 
0.069699  3.338547 
0.071066  3.339582 
0.072433  3.340892 
0.073799  3.342489 
0.075166  3.344382 
0.076533  3.346575 
0.077899  3.349070 
0.079266  3.351863 
0.080633  3.354946 
0.081999  3.358307 
0.083366  3.361926 
0.084733  3.365781 
0.086099  3.369842 
0.087466  3.374078 
0.088833  3.378452 
0.090199  3.382926 
0.091566  3.387457 
0.092933  3.392002 
0.094299  3.396517 
0.095666  3.400959 
0.097032  3.405282 
0.098399  3.409446 
0.099766  3.413408 
0.101133  3.417130 
0.102499  3.420573 
0.103866  3.423703 
0.105233  3.426488 
0.106599  3.428899 
0.107966  3.430909 
0.109332  3.432495 
0.110699  3.433638 
0.112066  3.434321 
0.113432  3.434530 
0.114799  3.434256 
0.116166  3.433492 
0.117532  3.432237 
0.118899  3.430492 
0.120266  3.428263 
0.121632  3.425562 
0.122999  3.422410 
0.124366  3.418850 
0.125732  3.415003 
0.127099  3.411552 
0.128466  3.415333 
0.129832  3.427383 
0.131199  3.440136 
0.132566  3.452760 
0.133932  3.465126 
0.135299  3.477190 
0.136666  3.488722 


0.000000  3.400257 
0.001367  3.400182 
0.002733  3.399959 
0.004100  3.399589 
0.005467  3.399074 
0.006833  3.398417 
0.008200  3.397623 
0.009567  3.396696 
0.010933  3.395643 
0.012300  3.394470 
0.013667  3.393183 
0.015033  3.391790 
0.016400  3.390299 
0.017767  3.388719 
0.019133  3.387057 
0.020500  3.385323 
0.021867  3.383526 
0.023233  3.381673 
0.024600  3.379774 
0.025966  3.377838 
0.027333  3.375873 
0.028700  3.373887 
0.030066  3.371889 
0.031433  3.369885 
0.032800  3.367884 
0.034166  3.365891 
0.035533  3.363915 
0.036900  3.361961 
0.038266  3.360035 
0.039633  3.358143 
0.041000  3.356291 
0.042366  3.354484 
0.043733  3.352727 
0.045100  3.351026 
0.046466  3.349387 
0.047833  3.347822 
0.049200  3.356428 
0.050566  3.367555 
0.051933  3.378708 
0.053300  3.389871 
0.054666  3.401028 
0.056033  3.412161 
0.057399  3.423252 
0.058766  3.434282 
0.060133  3.445230 
0.061499  3.456078 
0.062866  3.466803 
0.064233  3.477386 
0.065600  3.487806 
0.066966  3.498041 
0.068333  3.508071 
0.069699  3.517875 
0.071066  3.527433 
0.072433  3.536726 
0.073799  3.545734 
0.075166  3.554439 
0.076533  3.562824 
0.077899  3.570871 
0.079266  3.578564 
0.080633  3.585889 
0.081999  3.592831 
0.083366  3.599378 
0.084733  3.605517 
0.086099  3.611237 
0.087466  3.616529 
0.088833  3.621381 
0.090199  3.625787 
0.091566  3.629738 
0.092933  3.633228 
0.094299  3.636249 
0.095666  3.638796 
0.097032  3.640863 
0.098399  3.642447 
0.099766  3.643541 
0.101133  3.644142 
0.102499  3.644247 
0.103866  3.643852 
0.105233  3.642955 
0.106599  3.641553 
0.107966  3.639644 
0.109332  3.637229 
0.110699  3.634306 
0.112066  3.630876 
0.113432  3.626942 
0.114799  3.622505 
0.116166  3.617570 
0.117532  3.612140 
0.118899  3.606223 
0.120266  3.599823 
0.121632  3.592950 
0.122999  3.585611 
0.124366  3.577817 
0.125732  3.569576 
0.127099  3.560900 
0.128466  3.551799 
0.129832  3.542285 
0.131199  3.532370 
0.132566  3.522066 
0.133932  3.511383 
0.135299  3.500336 
0.136666  3.489143 


0.000000  3.851239 
0.001367  3.850944 
0.002733  3.850066 
0.004100  3.848621 
0.005467  3.846637 
0.006833  3.844150 
0.008200  3.841201 
0.009567  3.837835 
0.010933  3.834102 
0.012300  3.830047 
0.013667  3.825717 
0.015033  3.821156 
0.016400  3.816406 
0.017767  3.811504 
0.019133  3.806484 
0.020500  3.801379 
0.021867  3.796217 
0.023233  3.791024 
0.024600  3.785824 
0.025966  3.780638 
0.027333  3.775488 
0.028700  3.770391 
0.030066  3.765366 
0.031433  3.760428 
0.032800  3.755596 
0.034166  3.750883 
0.035533  3.746306 
0.036900  3.741879 
0.038266  3.737617 
0.039633  3.733535 
0.041000  3.729647 
0.042366  3.725968 
0.043733  3.722511 
0.045100  3.719291 
0.046466  3.716321 
0.047833  3.713615 
0.049200  3.711187 
0.050566  3.709047 
0.051933  3.707209 
0.053300  3.705684 
0.054666  3.704483 
0.056033  3.703614 
0.057399  3.703087 
0.058766  3.702910 
0.060133  3.703088 
0.061499  3.703626 
0.062866  3.704530 
0.064233  3.705800 
0.065600  3.707438 
0.066966  3.709443 
0.068333  3.711814 
0.069699  3.714546 
0.071066  3.717635 
0.072433  3.721074 
0.073799  3.724855 
0.075166  3.728969 
0.076533  3.733405 
0.077899  3.738151 
0.079266  3.743194 
0.080633  3.748519 
0.081999  3.754111 
0.083366  3.759952 
0.084733  3.766026 
0.086099  3.772314 
0.087466  3.778797 
0.088833  3.785454 
0.090199  3.792267 
0.091566  3.799213 
0.092933  3.806271 
0.094299  3.813420 
0.095666  3.820639 
0.097032  3.827906 
0.098399  3.835199 
0.099766  3.842497 
0.101133  3.849779 
0.102499  3.857026 
0.103866  3.864216 
0.105233  3.871333 
0.106599  3.878356 
0.107966  3.885269 
0.109332  3.892057 
0.110699  3.898703 
0.112066  3.905193 
0.113432  3.911516 
0.114799  3.917660 
0.116166  3.923615 
0.117532  3.929371 
0.118899  3.934922 
0.120266  3.940262 
0.121632  3.945386 
0.122999  3.950292 
0.124366  3.954976 
0.125732  3.959440 
0.127099  3.963684 
0.128466  3.967709 
0.129832  3.971520 
0.131199  3.975120 
0.132566  3.978515 
0.133932  3.981709 
0.135299  3.984699 
0.136666  3.987088 


0.000000  4.255218 
0.001367  4.255932 
0.002733  4.258067 
0.004100  4.261604 
0.005467  4.266508 
0.006833  4.272739 
0.008200  4.280244 
0.009567  4.288967 
0.010933  4.298847 
0.012300  4.309822 
0.013667  4.321826 
0.015033  4.334792 
0.016400  4.348625 
0.017767  4.359710 
0.019133  4.351855 
0.020500  4.343256 
0.021867  4.334437 
0.023233  4.325461 
0.024600  4.316377 
0.025966  4.307227 
0.027333  4.298048 
0.028700  4.288874 
0.030066  4.279736 
0.031433  4.270662 
0.032800  4.261676 
0.034166  4.252801 
0.035533  4.244056 
0.036900  4.235457 
0.038266  4.227020 
0.039633  4.218756 
0.041000  4.210676 
0.042366  4.202788 
0.043733  4.195100 
0.045100  4.187615 
0.046466  4.180339 
0.047833  4.173272 
0.049200  4.166417 
0.050566  4.159774 
0.051933  4.153342 
0.053300  4.147119 
0.054666  4.141104 
0.056033  4.135295 
0.057399  4.129687 
0.058766  4.124278 
0.060133  4.119064 
0.061499  4.114041 
0.062866  4.109206 
0.064233  4.104553 
0.065600  4.100079 
0.066966  4.095779 
0.068333  4.091650 
0.069699  4.087686 
0.071066  4.083883 
0.072433  4.080237 
0.073799  4.076744 
0.075166  4.073398 
0.076533  4.070196 
0.077899  4.067131 
0.079266  4.064200 
0.080633  4.061397 
0.081999  4.058717 
0.083366  4.056154 
0.084733  4.053704 
0.086099  4.051359 
0.087466  4.049115 
0.088833  4.046966 
0.090199  4.044905 
0.091566  4.042927 
0.092933  4.041025 
0.094299  4.039194 
0.095666  4.037428 
0.097032  4.035722 
0.098399  4.034071 
0.099766  4.032469 
0.101133  4.030911 
0.102499  4.029394 
0.103866  4.027912 
0.105233  4.026461 
0.106599  4.025037 
0.107966  4.023636 
0.109332  4.022253 
0.110699  4.020884 
0.112066  4.019524 
0.113432  4.018166 
0.114799  4.016806 
0.116166  4.015436 
0.117532  4.014050 
0.118899  4.012640 
0.120266  4.011197 
0.121632  4.009713 
0.122999  4.008177 
0.124366  4.006579 
0.125732  4.004909 
0.127099  4.003155 
0.128466  4.001307 
0.129832  3.999353 
0.131199  3.997281 
0.132566  3.995082 
0.133932  3.992745 
0.135299  3.990270 
0.136666  3.988053 


0.000000  4.422579 
0.001367  4.422150 
0.002733  4.420869 
0.004100  4.418750 
0.005467  4.415821 
0.006833  4.412114 
0.008200  4.407671 
0.009567  4.402539 
0.010933  4.396773 
0.012300  4.390428 
0.013667  4.383562 
0.015033  4.376241 
0.016400  4.368556 
0.017767  4.364121 
0.019133  4.379124 
0.020500  4.395365 
0.021867  4.412320 
0.023233  4.429918 
0.024600  4.448104 
0.025966  4.466827 
0.027333  4.486038 
0.028700  4.505691 
0.030066  4.525738 
0.031433  4.546134 
0.032800  4.566832 
0.034166  4.587787 
0.035533  4.608956 
0.036900  4.630293 
0.038266  4.651755 
0.039633  4.673298 
0.041000  4.694878 
0.042366  4.716452 
0.043733  4.737979 
0.045100  4.759415 
0.046466  4.780720 
0.047833  4.801852 
0.049200  4.822771 
0.050566  4.843436 
0.051933  4.863809 
0.053300  4.883850 
0.054666  4.903522 
0.056033  4.922787 
0.057399  4.941608 
0.058766  4.959950 
0.060133  4.977777 
0.061499  4.995056 
0.062866  5.011753 
0.064233  5.027835 
0.065600  5.043273 
0.066966  5.058037 
0.068333  5.072098 
0.069699  5.085432 
0.071066  5.098014 
0.072433  5.109823 
0.073799  5.120842 
0.075166  5.131055 
0.076533  5.140452 
0.077899  5.149026 
0.079266  5.156776 
0.080633  5.163704 
0.081999  5.169819 
0.083366  5.175134 
0.084733  5.179668 
0.086099  5.183446 
0.087466  5.186497 
0.088833  5.188856 
0.090199  5.190561 
0.091566  5.191655 
0.092933  5.192183 
0.094299  5.192194 
0.095666  5.191740 
0.097032  5.190873 
0.098399  5.189647 
0.099766  5.188117 
0.101133  5.186337 
0.102499  5.184362 
0.103866  5.182248 
0.105233  5.180046 
0.106599  5.177809 
0.107966  5.175588 
0.109332  5.173430 
0.110699  5.171384 
0.112066  5.169492 
0.113432  5.167797 
0.114799  5.166338 
0.116166  5.165149 
0.117532  5.164264 
0.118899  5.163712 
0.120266  5.163520 
0.121632  5.163709 
0.122999  5.164299 
0.124366  5.165305 
0.125732  5.166739 
0.127099  5.168608 
0.128466  5.170916 
0.129832  5.173658 
0.131199  5.176825 
0.132566  5.180386 
0.133932  5.184261 
0.135299  5.188147 
0.136666  5.190391 


0.000000  5.125519 
0.001367  5.125976 
0.002733  5.127314 
0.004100  5.129251 
0.005467  5.131311 
0.006833  5.133747 
0.008200  5.136669 
0.009567  5.140087 
0.010933  5.143993 
0.012300  5.148376 
0.013667  5.153222 
0.015033  5.158515 
0.016400  5.164237 
0.017767  5.170370 
0.019133  5.176892 
0.020500  5.183783 
0.021867  5.191021 
0.023233  5.198581 
0.024600  5.206439 
0.025966  5.214571 
0.027333  5.222951 
0.028700  5.231554 
0.030066  5.240352 
0.031433  5.249319 
0.032800  5.258430 
0.034166  5.267657 
0.035533  5.276974 
0.036900  5.286354 
0.038266  5.295773 
0.039633  5.305204 
0.041000  5.314624 
0.042366  5.324009 
0.043733  5.333335 
0.045100  5.342581 
0.046466  5.351726 
0.047833  5.360750 
0.049200  5.369635 
0.050566  5.378365 
0.051933  5.386923 
0.053300  5.395297 
0.054666  5.403475 
0.056033  5.411446 
0.057399  5.419201 
0.058766  5.426735 
0.060133  5.434041 
0.061499  5.441116 
0.062866  5.447955 
0.064233  5.454554 
0.065600  5.460904 
0.066966  5.466984 
0.068333  5.472745 
0.069699  5.478055 
0.071066  5.482580 
0.072433  5.485728 
0.073799  5.487314 
0.075166  5.487793 
0.076533  5.487527 
0.077899  5.486675 
0.079266  5.485304 
0.080633  5.483448 
0.081999  5.481125 
0.083366  5.478347 
0.084733  5.475123 
0.086099  5.471461 
0.087466  5.467371 
0.088833  5.462861 
0.090199  5.457941 
0.091566  5.452620 
0.092933  5.446911 
0.094299  5.440827 
0.095666  5.434382 
0.097032  5.427593 
0.098399  5.420477 
0.099766  5.413053 
0.101133  5.405343 
0.102499  5.397370 
0.103866  5.389156 
0.105233  5.380729 
0.106599  5.372114 
0.107966  5.363340 
0.109332  5.354436 
0.110699  5.345432 
0.112066  5.336359 
0.113432  5.327246 
0.114799  5.318127 
0.116166  5.309031 
0.117532  5.299991 
0.118899  5.291036 
0.120266  5.282198 
0.121632  5.273508 
0.122999  5.264994 
0.124366  5.256685 
0.125732  5.248611 
0.127099  5.240799 
0.128466  5.233278 
0.129832  5.226078 
0.131199  5.219233 
0.132566  5.212792 
0.133932  5.206850 
0.135299  5.201719 
0.136666  5.199059 


0.000000  5.127230 
0.001367  5.127512 
0.002733  5.128388 
0.004100  5.130118 
0.005467  5.133151 
0.006833  5.137191 
0.008200  5.142078 
0.009567  5.147745 
0.010933  5.154133 
0.012300  5.161184 
0.013667  5.168839 
0.015033  5.177036 
0.016400  5.185717 
0.017767  5.194822 
0.019133  5.204294 
0.020500  5.214076 
0.021867  5.224117 
0.023233  5.234365 
0.024600  5.244772 
0.025966  5.255292 
0.027333  5.265884 
0.028700  5.276506 
0.030066  5.287121 
0.031433  5.297694 
0.032800  5.308191 
0.034166  5.318582 
0.035533  5.328839 
0.036900  5.338933 
0.038266  5.348840 
0.039633  5.358538 
0.041000  5.368003 
0.042366  5.377216 
0.043733  5.386159 
0.045100  5.394813 
0.046466  5.403164 
0.047833  5.411195 
0.049200  5.418894 
0.050566  5.426247 
0.051933  5.433243 
0.053300  5.439872 
0.054666  5.446125 
0.056033  5.451992 
0.057399  5.457467 
0.058766  5.462544 
0.060133  5.467217 
0.061499  5.471484 
0.062866  5.475343 
0.064233  5.478799 
0.065600  5.481862 
0.066966  5.484555 
0.068333  5.486934 
0.069699  5.489138 
0.071066  5.491513 
0.072433  5.494661 
0.073799  5.498779 
0.075166  5.503428 
0.076533  5.508258 
0.077899  5.513125 
0.079266  5.517973 
0.080633  5.522785 
0.081999  5.527552 
0.083366  5.532274 
0.084733  5.536952 
0.086099  5.541584 
0.087466  5.546171 
0.088833  5.550712 
0.090199  5.555204 
0.091566  5.559644 
0.092933  5.564028 
0.094299  5.568353 
0.095666  5.572616 
0.097032  5.576812 
0.098399  5.580939 
0.099766  5.584994 
0.101133  5.588978 
0.102499  5.592889 
0.103866  5.596729 
0.105233  5.600499 
0.106599  5.604204 
0.107966  5.607847 
0.109332  5.611434 
0.110699  5.614971 
0.112066  5.618466 
0.113432  5.621926 
0.114799  5.625360 
0.116166  5.628778 
0.117532  5.632190 
0.118899  5.635606 
0.120266  5.639036 
0.121632  5.642493 
0.122999  5.645986 
0.124366  5.649527 
0.125732  5.653129 
0.127099  5.656801 
0.128466  5.660556 
0.129832  5.664404 
0.131199  5.668357 
0.132566  5.672424 
0.133932  5.676612 
0.135299  5.680913 
0.136666  5.684650 


0.000000  6.139052 
0.001367  6.139138 
0.002733  6.139395 
0.004100  6.139822 
0.005467  6.140416 
0.006833  6.141174 
0.008200  6.142091 
0.009567  6.143162 
0.010933  6.144378 
0.012300  6.145733 
0.013667  6.147219 
0.015033  6.148824 
0.016400  6.150538 
0.017767  6.152350 
0.019133  6.154247 
0.020500  6.156215 
0.021867  6.158239 
0.023233  6.160303 
0.024600  6.162392 
0.025966  6.164488 
0.027333  6.166572 
0.028700  6.168627 
0.030066  6.170632 
0.031433  6.172566 
0.032800  6.174410 
0.034166  6.176142 
0.035533  6.177740 
0.036900  6.179182 
0.038266  6.180446 
0.039633  6.181510 
0.041000  6.182350 
0.042366  6.182945 
0.043733  6.183272 
0.045100  6.183311 
0.046466  6.183039 
0.047833  6.182437 
0.049200  6.181486 
0.050566  6.180166 
0.051933  6.178460 
0.053300  6.176353 
0.054666  6.173830 
0.056033  6.170879 
0.057399  6.167490 
0.058766  6.163652 
0.060133  6.159360 
0.061499  6.154610 
0.062866  6.149399 
0.064233  6.143728 
0.065600  6.137600 
0.066966  6.131021 
0.068333  6.123998 
0.069699  6.116543 
0.071066  6.108668 
0.072433  6.100389 
0.073799  6.091724 
0.075166  6.082694 
0.076533  6.073320 
0.077899  6.063627 
0.079266  6.053640 
0.080633  6.043389 
0.081999  6.032901 
0.083366  6.022207 
0.084733  6.011338 
0.086099  6.000326 
0.087466  5.989201 
0.088833  5.977997 
0.090199  5.966745 
0.091566  5.955476 
0.092933  5.944221 
0.094299  5.933008 
0.095666  5.921867 
0.097032  5.910824 
0.098399  5.899903 
0.099766  5.889127 
0.101133  5.878518 
0.102499  5.868094 
0.103866  5.857872 
0.105233  5.847866 
0.106599  5.838090 
0.107966  5.828552 
0.109332  5.819262 
0.110699  5.810226 
0.112066  5.801448 
0.113432  5.792932 
0.114799  5.784678 
0.116166  5.776687 
0.117532  5.768957 
0.118899  5.761486 
0.120266  5.754271 
0.121632  5.747308 
0.122999  5.740592 
0.124366  5.734116 
0.125732  5.727876 
0.127099  5.721863 
0.128466  5.716072 
0.129832  5.710495 
0.131199  5.705123 
0.132566  5.699950 
0.133932  5.694970 
0.135299  5.690193 
0.136666  5.686297 


0.000000  7.639960 
0.001367  7.639793 
0.002733  7.639293 
0.004100  7.638461 
0.005467  7.637298 
0.006833  7.635808 
0.008200  7.633992 
0.009567  7.631856 
0.010933  7.629402 
0.012300  7.626637 
0.013667  7.623565 
0.015033  7.620195 
0.016400  7.616532 
0.017767  7.612584 
0.019133  7.608361 
0.020500  7.603870 
0.021867  7.599123 
0.023233  7.594128 
0.024600  7.588899 
0.025966  7.583445 
0.027333  7.577780 
0.028700  7.571917 
0.030066  7.565868 
0.031433  7.559649 
0.032800  7.553273 
0.034166  7.546756 
0.035533  7.540114 
0.036900  7.533363 
0.038266  7.526518 
0.039633  7.519597 
0.041000  7.512617 
0.042366  7.505595 
0.043733  7.498547 
0.045100  7.491493 
0.046466  7.484448 
0.047833  7.477430 
0.049200  7.470457 
0.050566  7.463544 
0.051933  7.456707 
0.053300  7.449964 
0.054666  7.443327 
0.056033  7.436813 
0.057399  7.430433 
0.058766  7.424202 
0.060133  7.418129 
0.061499  7.412226 
0.062866  7.406501 
0.064233  7.400964 
0.065600  7.395619 
0.066966  7.390474 
0.068333  7.385532 
0.069699  7.380796 
0.071066  7.376268 
0.072433  7.371949 
0.073799  7.367838 
0.075166  7.363933 
0.076533  7.360232 
0.077899  7.356732 
0.079266  7.353427 
0.080633  7.350314 
0.081999  7.347386 
0.083366  7.344637 
0.084733  7.342061 
0.086099  7.339651 
0.087466  7.337399 
0.088833  7.335299 
0.090199  7.333342 
0.091566  7.331523 
0.092933  7.329833 
0.094299  7.328265 
0.095666  7.326813 
0.097032  7.325470 
0.098399  7.324229 
0.099766  7.323084 
0.101133  7.322030 
0.102499  7.321061 
0.103866  7.320173 
0.105233  7.319360 
0.106599  7.318619 
0.107966  7.317946 
0.109332  7.317337 
0.110699  7.316791 
0.112066  7.316305 
0.113432  7.315877 
0.114799  7.315505 
0.116166  7.315189 
0.117532  7.314929 
0.118899  7.314723 
0.120266  7.314574 
0.121632  7.314483 
0.122999  7.314449 
0.124366  7.314476 
0.125732  7.314566 
0.127099  7.314721 
0.128466  7.314945 
0.129832  7.315242 
0.131199  7.315615 
0.132566  7.316070 
0.133932  7.316608 
0.135299  7.317233 
0.136666  7.317812 


0.000000  8.058382 
0.001367  8.058148 
0.002733  8.057446 
0.004100  8.056277 
0.005467  8.054643 
0.006833  8.052545 
0.008200  8.049987 
0.009567  8.046973 
0.010933  8.043505 
0.012300  8.039589 
0.013667  8.035230 
0.015033  8.030435 
0.016400  8.025208 
0.017767  8.019559 
0.019133  8.013493 
0.020500  8.007019 
0.021867  8.000147 
0.023233  7.992885 
0.024600  7.985244 
0.025966  7.977233 
0.027333  7.968863 
0.028700  7.960147 
0.030066  7.951095 
0.031433  7.941720 
0.032800  7.932036 
0.034166  7.922054 
0.035533  7.911790 
0.036900  7.901257 
0.038266  7.890469 
0.039633  7.879442 
0.041000  7.868190 
0.042366  7.856730 
0.043733  7.845077 
0.045100  7.833248 
0.046466  7.821258 
0.047833  7.809126 
0.049200  7.796867 
0.050566  7.784499 
0.051933  7.772040 
0.053300  7.759506 
0.054666  7.746916 
0.056033  7.734286 
0.057399  7.721636 
0.058766  7.708982 
0.060133  7.696342 
0.061499  7.683733 
0.062866  7.671174 
0.064233  7.658680 
0.065600  7.646270 
0.066966  7.633959 
0.068333  7.621765 
0.069699  7.609702 
0.071066  7.597787 
0.072433  7.586034 
0.073799  7.574458 
0.075166  7.563073 
0.076533  7.551891 
0.077899  7.540926 
0.079266  7.530188 
0.080633  7.519690 
0.081999  7.509440 
0.083366  7.499449 
0.084733  7.489724 
0.086099  7.480274 
0.087466  7.471104 
0.088833  7.462220 
0.090199  7.453627 
0.091566  7.445329 
0.092933  7.437328 
0.094299  7.429626 
0.095666  7.422225 
0.097032  7.415124 
0.098399  7.408322 
0.099766  7.401818 
0.101133  7.395609 
0.102499  7.389693 
0.103866  7.384066 
0.105233  7.378722 
0.106599  7.373657 
0.107966  7.368866 
0.109332  7.364341 
0.110699  7.360077 
0.112066  7.356065 
0.113432  7.352300 
0.114799  7.348773 
0.116166  7.345476 
0.117532  7.342402 
0.118899  7.339541 
0.120266  7.336885 
0.121632  7.334426 
0.122999  7.332155 
0.124366  7.330064 
0.125732  7.328144 
0.127099  7.326387 
0.128466  7.324785 
0.129832  7.323330 
0.131199  7.322015 
0.132566  7.320830 
0.133932  7.319772 
0.135299  7.318836 
0.136666  7.318153 


