# distance  frequency (bands are separated by blank lines)
# End points of segments: 
#   0.00000000 0.15587980 
0.000000  -0.004923 
0.001559  0.012215 
0.003118  0.025226 
0.004676  0.038290 
0.006235  0.051626 
0.007794  0.065348 
0.009353  0.079547 
0.010912  0.094297 
0.012470  0.109662 
0.014029  0.125695 
0.015588  0.142434 
0.017147  0.159910 
0.018706  0.178144 
0.020264  0.197146 
0.021823  0.216920 
0.023382  0.237464 
0.024941  0.258768 
0.026500  0.280819 
0.028058  0.303597 
0.029617  0.327081 
0.031176  0.351245 
0.032735  0.376064 
0.034294  0.401506 
0.035852  0.427542 
0.037411  0.454138 
0.038970  0.481260 
0.040529  0.508875 
0.042088  0.536947 
0.043646  0.565438 
0.045205  0.594312 
0.046764  0.623532 
0.048323  0.653060 
0.049882  0.682855 
0.051440  0.712880 
0.052999  0.743095 
0.054558  0.773459 
0.056117  0.803932 
0.057675  0.834474 
0.059234  0.865043 
0.060793  0.895598 
0.062352  0.926098 
0.063911  0.956503 
0.065469  0.986771 
0.067028  1.016864 
0.068587  1.046740 
0.070146  1.076362 
0.071705  1.105692 
0.073263  1.134696 
0.074822  1.163337 
0.076381  1.191586 
0.077940  1.219411 
0.079499  1.246787 
0.081058  1.273689 
0.082616  1.300097 
0.084175  1.325994 
0.085734  1.351365 
0.087293  1.376203 
0.088851  1.400500 
0.090410  1.424254 
0.091969  1.447469 
0.093528  1.470149 
0.095087  1.492304 
0.096645  1.513945 
0.098204  1.535089 
0.099763  1.555753 
0.101322  1.575958 
0.102881  1.595724 
0.104440  1.615074 
0.105998  1.634031 
0.107557  1.652619 
0.109116  1.670860 
0.110675  1.688775 
0.112233  1.706382 
0.113792  1.723699 
0.115351  1.740740 
0.116910  1.757516 
0.118469  1.774035 
0.120027  1.790302 
0.121586  1.806318 
0.123145  1.822082 
0.124704  1.837591 
0.126263  1.852836 
0.127822  1.867808 
0.129380  1.882497 
0.130939  1.896889 
0.132498  1.910971 
0.134057  1.924728 
0.135615  1.938144 
0.137174  1.951206 
0.138733  1.963899 
0.140292  1.976209 
0.141851  1.988123 
0.143409  1.999632 
0.144968  2.010726 
0.146527  2.021397 
0.148086  2.031639 
0.149645  2.041449 
0.151203  2.050818 
0.152762  2.059732 
0.154321  2.068113 
0.155880  2.074255 


0.000000  -0.002323 
0.001559  0.034207 
0.003118  0.068841 
0.004676  0.103330 
0.006235  0.137727 
0.007794  0.172023 
0.009353  0.206203 
0.010912  0.240249 
0.012470  0.274139 
0.014029  0.307857 
0.015588  0.341383 
0.017147  0.374700 
0.018706  0.407791 
0.020264  0.440641 
0.021823  0.473236 
0.023382  0.505563 
0.024941  0.537609 
0.026500  0.569365 
0.028058  0.600821 
0.029617  0.631970 
0.031176  0.662805 
0.032735  0.693321 
0.034294  0.723514 
0.035852  0.753383 
0.037411  0.782927 
0.038970  0.812145 
0.040529  0.841040 
0.042088  0.869615 
0.043646  0.897873 
0.045205  0.925820 
0.046764  0.953462 
0.048323  0.980806 
0.049882  1.007861 
0.051440  1.034634 
0.052999  1.061137 
0.054558  1.087379 
0.056117  1.113371 
0.057675  1.139124 
0.059234  1.164649 
0.060793  1.189958 
0.062352  1.215063 
0.063911  1.239975 
0.065469  1.264704 
0.067028  1.289261 
0.068587  1.313655 
0.070146  1.337895 
0.071705  1.361987 
0.073263  1.385937 
0.074822  1.409748 
0.076381  1.433422 
0.077940  1.456958 
0.079499  1.480351 
0.081058  1.503595 
0.082616  1.526681 
0.084175  1.549597 
0.085734  1.572327 
0.087293  1.594852 
0.088851  1.617152 
0.090410  1.639205 
0.091969  1.660985 
0.093528  1.682467 
0.095087  1.703625 
0.096645  1.724433 
0.098204  1.744867 
0.099763  1.764904 
0.101322  1.784523 
0.102881  1.803708 
0.104440  1.822445 
0.105998  1.840724 
0.107557  1.858538 
0.109116  1.875883 
0.110675  1.892758 
0.112233  1.909165 
0.113792  1.925105 
0.115351  1.940581 
0.116910  1.955593 
0.118469  1.970145 
0.120027  1.984234 
0.121586  1.997858 
0.123145  2.011013 
0.124704  2.023691 
0.126263  2.035880 
0.127822  2.047565 
0.129380  2.058725 
0.130939  2.069330 
0.132498  2.079337 
0.134057  2.088683 
0.135615  2.097268 
0.137174  2.104936 
0.138733  2.111432 
0.140292  2.116367 
0.141851  2.119266 
0.143409  2.119809 
0.144968  2.118125 
0.146527  2.114701 
0.148086  2.110045 
0.149645  2.104516 
0.151203  2.098335 
0.152762  2.091637 
0.154321  2.084564 
0.155880  2.078855 


0.000000  -0.000992 
0.001559  0.049376 
0.003118  0.098713 
0.004676  0.148016 
0.006235  0.197261 
0.007794  0.246429 
0.009353  0.295500 
0.010912  0.344455 
0.012470  0.393275 
0.014029  0.441941 
0.015588  0.490434 
0.017147  0.538736 
0.018706  0.586829 
0.020264  0.634694 
0.021823  0.682314 
0.023382  0.729672 
0.024941  0.776751 
0.026500  0.823535 
0.028058  0.870009 
0.029617  0.916156 
0.031176  0.961963 
0.032735  1.007417 
0.034294  1.052503 
0.035852  1.097211 
0.037411  1.141529 
0.038970  1.185447 
0.040529  1.228954 
0.042088  1.272044 
0.043646  1.314708 
0.045205  1.356939 
0.046764  1.398731 
0.048323  1.440078 
0.049882  1.480976 
0.051440  1.521416 
0.052999  1.561392 
0.054558  1.600892 
0.056117  1.639900 
0.057675  1.678391 
0.059234  1.716319 
0.060793  1.753608 
0.062352  1.790114 
0.063911  1.825555 
0.065469  1.859329 
0.067028  1.890088 
0.068587  1.915098 
0.070146  1.931443 
0.071705  1.940143 
0.073263  1.944700 
0.074822  1.947429 
0.076381  1.949410 
0.077940  1.951155 
0.079499  1.952933 
0.081058  1.954905 
0.082616  1.957180 
0.084175  1.959833 
0.085734  1.962925 
0.087293  1.966504 
0.088851  1.970606 
0.090410  1.975261 
0.091969  1.980489 
0.093528  1.986302 
0.095087  1.992705 
0.096645  1.999692 
0.098204  2.007246 
0.099763  2.015342 
0.101322  2.023943 
0.102881  2.033001 
0.104440  2.042457 
0.105998  2.052243 
0.107557  2.062281 
0.109116  2.072484 
0.110675  2.082758 
0.112233  2.093004 
0.113792  2.103121 
0.115351  2.113002 
0.116910  2.122543 
0.118469  2.131638 
0.120027  2.140180 
0.121586  2.148063 
0.123145  2.155175 
0.124704  2.161399 
0.126263  2.166606 
0.127822  2.170657 
0.129380  2.173417 
0.130939  2.174791 
0.132498  2.174791 
0.134057  2.173588 
0.135615  2.171503 
0.137174  2.168954 
0.138733  2.166433 
0.140292  2.164504 
0.141851  2.163770 
0.143409  2.164631 
0.144968  2.167009 
0.146527  2.170448 
0.148086  2.174459 
0.149645  2.178690 
0.151203  2.182925 
0.152762  2.187033 
0.154321  2.190898 
0.155880  2.193623 


0.000000  1.992307 
0.001559  1.992306 
0.003118  1.992302 
0.004676  1.992294 
0.006235  1.992281 
0.007794  1.992261 
0.009353  1.992232 
0.010912  1.992192 
0.012470  1.992138 
0.014029  1.992066 
0.015588  1.991973 
0.017147  1.991856 
0.018706  1.991712 
0.020264  1.991536 
0.021823  1.991326 
0.023382  1.991077 
0.024941  1.990786 
0.026500  1.990450 
0.028058  1.990065 
0.029617  1.989628 
0.031176  1.989137 
0.032735  1.988589 
0.034294  1.987982 
0.035852  1.987314 
0.037411  1.986584 
0.038970  1.985792 
0.040529  1.984938 
0.042088  1.984024 
0.043646  1.983053 
0.045205  1.982028 
0.046764  1.980956 
0.048323  1.979844 
0.049882  1.978704 
0.051440  1.977549 
0.052999  1.976399 
0.054558  1.975277 
0.056117  1.974218 
0.057675  1.973267 
0.059234  1.972491 
0.060793  1.971996 
0.062352  1.971952 
0.063911  1.972676 
0.065469  1.974803 
0.067028  1.979719 
0.068587  1.990197 
0.070146  2.009195 
0.071705  2.035735 
0.073263  2.066357 
0.074822  2.098790 
0.076381  2.131993 
0.077940  2.165494 
0.079499  2.199054 
0.081058  2.232529 
0.082616  2.265791 
0.084175  2.298613 
0.085734  2.329986 
0.087293  2.350108 
0.088851  2.351217 
0.090410  2.349018 
0.091969  2.346115 
0.093528  2.342847 
0.095087  2.339304 
0.096645  2.335516 
0.098204  2.331501 
0.099763  2.327266 
0.101322  2.322819 
0.102881  2.318168 
0.104440  2.313319 
0.105998  2.308285 
0.107557  2.303075 
0.109116  2.297706 
0.110675  2.292194 
0.112233  2.286559 
0.113792  2.280824 
0.115351  2.275017 
0.116910  2.269168 
0.118469  2.263316 
0.120027  2.257504 
0.121586  2.251787 
0.123145  2.246234 
0.124704  2.240931 
0.126263  2.235989 
0.127822  2.231543 
0.129380  2.227739 
0.130939  2.224699 
0.132498  2.222460 
0.134057  2.220926 
0.135615  2.219895 
0.137174  2.219127 
0.138733  2.218411 
0.140292  2.217594 
0.141851  2.216580 
0.143409  2.215310 
0.144968  2.213758 
0.146527  2.211913 
0.148086  2.209775 
0.149645  2.207352 
0.151203  2.204654 
0.152762  2.201701 
0.154321  2.198548 
0.155880  2.196063 


0.000000  2.189794 
0.001559  2.190107 
0.003118  2.191044 
0.004676  2.192595 
0.006235  2.194749 
0.007794  2.197487 
0.009353  2.200787 
0.010912  2.204620 
0.012470  2.208955 
0.014029  2.213758 
0.015588  2.218989 
0.017147  2.224607 
0.018706  2.230568 
0.020264  2.236827 
0.021823  2.243337 
0.023382  2.250050 
0.024941  2.256917 
0.026500  2.263890 
0.028058  2.270923 
0.029617  2.277968 
0.031176  2.284980 
0.032735  2.291917 
0.034294  2.298738 
0.035852  2.305404 
0.037411  2.311878 
0.038970  2.318130 
0.040529  2.324128 
0.042088  2.329846 
0.043646  2.335263 
0.045205  2.340358 
0.046764  2.345115 
0.048323  2.349522 
0.049882  2.353570 
0.051440  2.357254 
0.052999  2.360569 
0.054558  2.363518 
0.056117  2.366101 
0.057675  2.368326 
0.059234  2.370199 
0.060793  2.371730 
0.062352  2.372929 
0.063911  2.373809 
0.065469  2.374383 
0.067028  2.374664 
0.068587  2.374666 
0.070146  2.374403 
0.071705  2.373889 
0.073263  2.373137 
0.074822  2.372159 
0.076381  2.370970 
0.077940  2.369584 
0.079499  2.368019 
0.081058  2.366303 
0.082616  2.364500 
0.084175  2.362794 
0.085734  2.362166 
0.087293  2.372394 
0.088851  2.401217 
0.090410  2.432908 
0.091969  2.464835 
0.093528  2.496626 
0.095087  2.528148 
0.096645  2.559295 
0.098204  2.589920 
0.099763  2.619703 
0.101322  2.647679 
0.102881  2.670106 
0.104440  2.679965 
0.105998  2.681643 
0.107557  2.681282 
0.109116  2.680590 
0.110675  2.680051 
0.112233  2.679852 
0.113792  2.680084 
0.115351  2.680800 
0.116910  2.682034 
0.118469  2.683806 
0.120027  2.686130 
0.121586  2.689011 
0.123145  2.692446 
0.124704  2.696426 
0.126263  2.700932 
0.127822  2.705939 
0.129380  2.711415 
0.130939  2.717320 
0.132498  2.723609 
0.134057  2.730232 
0.135615  2.737135 
0.137174  2.744262 
0.138733  2.751557 
0.140292  2.758964 
0.141851  2.766427 
0.143409  2.773895 
0.144968  2.781320 
0.146527  2.788659 
0.148086  2.795872 
0.149645  2.802927 
0.151203  2.809796 
0.152762  2.816457 
0.154321  2.822893 
0.155880  2.828999 


0.000000  2.958460 
0.001559  2.958314 
0.003118  2.957901 
0.004676  2.957284 
0.006235  2.956539 
0.007794  2.955744 
0.009353  2.954962 
0.010912  2.954247 
0.012470  2.953638 
0.014029  2.953166 
0.015588  2.952858 
0.017147  2.952732 
0.018706  2.952802 
0.020264  2.953080 
0.021823  2.953570 
0.023382  2.954272 
0.024941  2.955173 
0.026500  2.956236 
0.028058  2.957346 
0.029617  2.958088 
0.031176  2.957004 
0.032735  2.953005 
0.034294  2.947627 
0.035852  2.941781 
0.037411  2.935742 
0.038970  2.929621 
0.040529  2.923476 
0.042088  2.917341 
0.043646  2.911238 
0.045205  2.905178 
0.046764  2.899166 
0.048323  2.893203 
0.049882  2.887282 
0.051440  2.881397 
0.052999  2.875536 
0.054558  2.869688 
0.056117  2.863840 
0.057675  2.857978 
0.059234  2.852089 
0.060793  2.846163 
0.062352  2.840189 
0.063911  2.834159 
0.065469  2.828069 
0.067028  2.821916 
0.068587  2.815701 
0.070146  2.809427 
0.071705  2.803101 
0.073263  2.796734 
0.074822  2.790336 
0.076381  2.783924 
0.077940  2.777514 
0.079499  2.771126 
0.081058  2.764782 
0.082616  2.758503 
0.084175  2.752315 
0.085734  2.746244 
0.087293  2.740317 
0.088851  2.734565 
0.090410  2.729019 
0.091969  2.723716 
0.093528  2.718697 
0.095087  2.714018 
0.096645  2.709756 
0.098204  2.706054 
0.099763  2.703229 
0.101322  2.702244 
0.102881  2.706841 
0.104440  2.724035 
0.105998  2.749432 
0.107557  2.776873 
0.109116  2.804625 
0.110675  2.832143 
0.112233  2.859107 
0.113792  2.885050 
0.115351  2.908515 
0.116910  2.923874 
0.118469  2.927033 
0.120027  2.925410 
0.121586  2.922563 
0.123145  2.919308 
0.124704  2.915884 
0.126263  2.912381 
0.127822  2.908833 
0.129380  2.905253 
0.130939  2.901643 
0.132498  2.897996 
0.134057  2.894305 
0.135615  2.890556 
0.137174  2.886734 
0.138733  2.882825 
0.140292  2.878810 
0.141851  2.874671 
0.143409  2.870391 
0.144968  2.865950 
0.146527  2.861331 
0.148086  2.856518 
0.149645  2.851495 
0.151203  2.846250 
0.152762  2.840772 
0.154321  2.835055 
0.155880  2.829191 


0.000000  2.981579 
0.001559  2.981808 
0.003118  2.982468 
0.004676  2.983482 
0.006235  2.984753 
0.007794  2.986173 
0.009353  2.987635 
0.010912  2.989030 
0.012470  2.990251 
0.014029  2.991181 
0.015588  2.991702 
0.017147  2.991697 
0.018706  2.991059 
0.020264  2.989707 
0.021823  2.987602 
0.023382  2.984754 
0.024941  2.981228 
0.026500  2.977146 
0.028058  2.972723 
0.029617  2.968477 
0.031176  2.965964 
0.032735  2.966357 
0.034294  2.968184 
0.035852  2.970588 
0.037411  2.973331 
0.038970  2.976324 
0.040529  2.979522 
0.042088  2.982888 
0.043646  2.986391 
0.045205  2.990000 
0.046764  2.993683 
0.048323  2.997407 
0.049882  3.001134 
0.051440  3.004828 
0.052999  3.008448 
0.054558  3.011951 
0.056117  3.015292 
0.057675  3.018427 
0.059234  3.021312 
0.060793  3.023904 
0.062352  3.026169 
0.063911  3.028076 
0.065469  3.029604 
0.067028  3.030740 
0.068587  3.031481 
0.070146  3.031830 
0.071705  3.031793 
0.073263  3.031384 
0.074822  3.030613 
0.076381  3.029497 
0.077940  3.028048 
0.079499  3.026282 
0.081058  3.024216 
0.082616  3.021867 
0.084175  3.019252 
0.085734  3.016391 
0.087293  3.013305 
0.088851  3.010014 
0.090410  3.006540 
0.091969  3.002907 
0.093528  2.999136 
0.095087  2.995249 
0.096645  2.991269 
0.098204  2.987217 
0.099763  2.983115 
0.101322  2.978981 
0.102881  2.974838 
0.104440  2.970706 
0.105998  2.966608 
0.107557  2.962571 
0.109116  2.958637 
0.110675  2.954870 
0.112233  2.951410 
0.113792  2.948636 
0.115351  2.947949 
0.116910  2.954940 
0.118469  2.973669 
0.120027  2.996689 
0.121586  3.020414 
0.123145  3.043997 
0.124704  3.067169 
0.126263  3.089809 
0.127822  3.111845 
0.129380  3.133228 
0.130939  3.153911 
0.132498  3.173854 
0.134057  3.193012 
0.135615  3.211341 
0.137174  3.228797 
0.138733  3.245334 
0.140292  3.260913 
0.141851  3.275507 
0.143409  3.289104 
0.144968  3.301714 
0.146527  3.313372 
0.148086  3.324135 
0.149645  3.334073 
0.151203  3.343263 
0.152762  3.351782 
0.154321  3.359695 
0.155880  3.366690 


0.000000  3.134021 
0.001559  3.133508 
0.003118  3.132015 
0.004676  3.129664 
0.006235  3.126619 
0.007794  3.123058 
0.009353  3.119157 
0.010912  3.115087 
0.012470  3.111013 
0.014029  3.107105 
0.015588  3.103529 
0.017147  3.100446 
0.018706  3.098006 
0.020264  3.096326 
0.021823  3.095485 
0.023382  3.095509 
0.024941  3.096373 
0.026500  3.098013 
0.028058  3.100335 
0.029617  3.103231 
0.031176  3.106578 
0.032735  3.110240 
0.034294  3.114059 
0.035852  3.117837 
0.037411  3.121321 
0.038970  3.124214 
0.040529  3.126230 
0.042088  3.127226 
0.043646  3.127269 
0.045205  3.126583 
0.046764  3.125424 
0.048323  3.124009 
0.049882  3.122508 
0.051440  3.121048 
0.052999  3.119727 
0.054558  3.118625 
0.056117  3.117808 
0.057675  3.117331 
0.059234  3.117241 
0.060793  3.117571 
0.062352  3.118347 
0.063911  3.119580 
0.065469  3.121269 
0.067028  3.123399 
0.068587  3.125947 
0.070146  3.128879 
0.071705  3.132157 
0.073263  3.135740 
0.074822  3.139589 
0.076381  3.143664 
0.077940  3.147931 
0.079499  3.152361 
0.081058  3.156925 
0.082616  3.161602 
0.084175  3.166372 
0.085734  3.171218 
0.087293  3.176128 
0.088851  3.181090 
0.090410  3.186095 
0.091969  3.191136 
0.093528  3.196206 
0.095087  3.201302 
0.096645  3.206420 
0.098204  3.211558 
0.099763  3.216714 
0.101322  3.221890 
0.102881  3.227087 
0.104440  3.232305 
0.105998  3.237550 
0.107557  3.242823 
0.109116  3.248131 
0.110675  3.253477 
0.112233  3.258870 
0.113792  3.264315 
0.115351  3.269821 
0.116910  3.275396 
0.118469  3.281050 
0.120027  3.286793 
0.121586  3.292637 
0.123145  3.298595 
0.124704  3.304682 
0.126263  3.310915 
0.127822  3.317313 
0.129380  3.323899 
0.130939  3.330698 
0.132498  3.337740 
0.134057  3.345054 
0.135615  3.352675 
0.137174  3.360631 
0.138733  3.368941 
0.140292  3.377587 
0.141851  3.386447 
0.143409  3.394981 
0.144968  3.400676 
0.146527  3.400120 
0.148086  3.396424 
0.149645  3.391648 
0.151203  3.386244 
0.152762  3.380335 
0.154321  3.373954 
0.155880  3.367463 


0.000000  3.180407 
0.001559  3.180586 
0.003118  3.181088 
0.004676  3.181816 
0.006235  3.182648 
0.007794  3.183471 
0.009353  3.184187 
0.010912  3.184726 
0.012470  3.185041 
0.014029  3.185100 
0.015588  3.184889 
0.017147  3.184403 
0.018706  3.183646 
0.020264  3.182630 
0.021823  3.181371 
0.023382  3.179891 
0.024941  3.178220 
0.026500  3.176389 
0.028058  3.174440 
0.029617  3.172423 
0.031176  3.170406 
0.032735  3.168474 
0.034294  3.166749 
0.035852  3.165399 
0.037411  3.164654 
0.038970  3.164801 
0.040529  3.166114 
0.042088  3.168730 
0.043646  3.172574 
0.045205  3.177416 
0.046764  3.182993 
0.048323  3.189073 
0.049882  3.195470 
0.051440  3.202037 
0.052999  3.208649 
0.054558  3.215198 
0.056117  3.221592 
0.057675  3.227752 
0.059234  3.233616 
0.060793  3.239148 
0.062352  3.244333 
0.063911  3.249185 
0.065469  3.253741 
0.067028  3.258055 
0.068587  3.262194 
0.070146  3.266227 
0.071705  3.270224 
0.073263  3.274248 
0.074822  3.278355 
0.076381  3.282589 
0.077940  3.286983 
0.079499  3.291560 
0.081058  3.296334 
0.082616  3.301308 
0.084175  3.306476 
0.085734  3.311827 
0.087293  3.317343 
0.088851  3.323003 
0.090410  3.328780 
0.091969  3.334646 
0.093528  3.340572 
0.095087  3.346527 
0.096645  3.352480 
0.098204  3.358399 
0.099763  3.364254 
0.101322  3.370015 
0.102881  3.375653 
0.104440  3.381138 
0.105998  3.386445 
0.107557  3.391547 
0.109116  3.396418 
0.110675  3.401036 
0.112233  3.405378 
0.113792  3.409422 
0.115351  3.413149 
0.116910  3.416539 
0.118469  3.419575 
0.120027  3.422242 
0.121586  3.424525 
0.123145  3.426412 
0.124704  3.427891 
0.126263  3.428954 
0.127822  3.429593 
0.129380  3.429804 
0.130939  3.429584 
0.132498  3.428935 
0.134057  3.427859 
0.135615  3.426367 
0.137174  3.424472 
0.138733  3.422205 
0.140292  3.419624 
0.141851  3.416886 
0.143409  3.414546 
0.144968  3.415107 
0.146527  3.421950 
0.148086  3.431901 
0.149645  3.442824 
0.151203  3.454170 
0.152762  3.465721 
0.154321  3.477340 
0.155880  3.488722 


0.000000  3.347096 
0.001559  3.347110 
0.003118  3.347149 
0.004676  3.347211 
0.006235  3.347289 
0.007794  3.347379 
0.009353  3.347470 
0.010912  3.347554 
0.012470  3.347621 
0.014029  3.347663 
0.015588  3.347670 
0.017147  3.347635 
0.018706  3.347551 
0.020264  3.347413 
0.021823  3.347218 
0.023382  3.346965 
0.024941  3.346654 
0.026500  3.346289 
0.028058  3.345875 
0.029617  3.345419 
0.031176  3.344930 
0.032735  3.344420 
0.034294  3.343903 
0.035852  3.343396 
0.037411  3.342918 
0.038970  3.342491 
0.040529  3.342141 
0.042088  3.341898 
0.043646  3.341796 
0.045205  3.341874 
0.046764  3.342177 
0.048323  3.342755 
0.049882  3.343666 
0.051440  3.344972 
0.052999  3.346740 
0.054558  3.349041 
0.056117  3.351944 
0.057675  3.355511 
0.059234  3.359792 
0.060793  3.364817 
0.062352  3.370595 
0.063911  3.377110 
0.065469  3.384321 
0.067028  3.392173 
0.068587  3.400595 
0.070146  3.409512 
0.071705  3.418846 
0.073263  3.428521 
0.074822  3.438469 
0.076381  3.448624 
0.077940  3.458928 
0.079499  3.469325 
0.081058  3.479769 
0.082616  3.490214 
0.084175  3.500620 
0.085734  3.510948 
0.087293  3.521163 
0.088851  3.531229 
0.090410  3.541111 
0.091969  3.550776 
0.093528  3.560189 
0.095087  3.569315 
0.096645  3.578118 
0.098204  3.586561 
0.099763  3.594607 
0.101322  3.602219 
0.102881  3.609360 
0.104440  3.615992 
0.105998  3.622082 
0.107557  3.627596 
0.109116  3.632504 
0.110675  3.636779 
0.112233  3.640400 
0.113792  3.643346 
0.115351  3.645605 
0.116910  3.647167 
0.118469  3.648026 
0.120027  3.648181 
0.121586  3.647635 
0.123145  3.646392 
0.124704  3.644461 
0.126263  3.641853 
0.127822  3.638582 
0.129380  3.634662 
0.130939  3.630109 
0.132498  3.624942 
0.134057  3.619179 
0.135615  3.612841 
0.137174  3.605948 
0.138733  3.598521 
0.140292  3.590583 
0.141851  3.582157 
0.143409  3.573266 
0.144968  3.563936 
0.146527  3.554194 
0.148086  3.544067 
0.149645  3.533588 
0.151203  3.522792 
0.152762  3.511718 
0.154321  3.500415 
0.155880  3.489143 


0.000000  3.572142 
0.001559  3.572179 
0.003118  3.572290 
0.004676  3.572473 
0.006235  3.572726 
0.007794  3.573048 
0.009353  3.573436 
0.010912  3.573886 
0.012470  3.574396 
0.014029  3.574962 
0.015588  3.575582 
0.017147  3.576252 
0.018706  3.576970 
0.020264  3.577735 
0.021823  3.578546 
0.023382  3.579403 
0.024941  3.580307 
0.026500  3.581258 
0.028058  3.582260 
0.029617  3.583317 
0.031176  3.584431 
0.032735  3.585609 
0.034294  3.586856 
0.035852  3.588179 
0.037411  3.589584 
0.038970  3.591081 
0.040529  3.592678 
0.042088  3.594382 
0.043646  3.596203 
0.045205  3.598151 
0.046764  3.600236 
0.048323  3.602465 
0.049882  3.604850 
0.051440  3.607399 
0.052999  3.610121 
0.054558  3.613025 
0.056117  3.616119 
0.057675  3.619410 
0.059234  3.622904 
0.060793  3.626607 
0.062352  3.630523 
0.063911  3.634655 
0.065469  3.639006 
0.067028  3.643575 
0.068587  3.648361 
0.070146  3.653362 
0.071705  3.658573 
0.073263  3.663988 
0.074822  3.669598 
0.076381  3.675395 
0.077940  3.681369 
0.079499  3.687506 
0.081058  3.693794 
0.082616  3.700218 
0.084175  3.706766 
0.085734  3.713422 
0.087293  3.720172 
0.088851  3.727003 
0.090410  3.733902 
0.091969  3.740858 
0.093528  3.747861 
0.095087  3.754902 
0.096645  3.761977 
0.098204  3.769080 
0.099763  3.776209 
0.101322  3.783362 
0.102881  3.790538 
0.104440  3.797738 
0.105998  3.804961 
0.107557  3.812207 
0.109116  3.819472 
0.110675  3.826752 
0.112233  3.834042 
0.113792  3.841331 
0.115351  3.848608 
0.116910  3.855860 
0.118469  3.863072 
0.120027  3.870225 
0.121586  3.877303 
0.123145  3.884287 
0.124704  3.891157 
0.126263  3.897896 
0.127822  3.904486 
0.129380  3.910912 
0.130939  3.917157 
0.132498  3.923209 
0.134057  3.929057 
0.135615  3.934691 
0.137174  3.940103 
0.138733  3.945287 
0.140292  3.950241 
0.141851  3.954962 
0.143409  3.959451 
0.144968  3.963709 
0.146527  3.967741 
0.148086  3.971551 
0.149645  3.975146 
0.151203  3.978533 
0.152762  3.981718 
0.154321  3.984702 
0.155880  3.987088 


0.000000  4.417425 
0.001559  4.417053 
0.003118  4.415942 
0.004676  4.414097 
0.006235  4.411532 
0.007794  4.408264 
0.009353  4.404313 
0.010912  4.399706 
0.012470  4.394472 
0.014029  4.388643 
0.015588  4.382255 
0.017147  4.375345 
0.018706  4.367952 
0.020264  4.360117 
0.021823  4.351879 
0.023382  4.343281 
0.024941  4.334362 
0.026500  4.325163 
0.028058  4.315724 
0.029617  4.306084 
0.031176  4.296280 
0.032735  4.286349 
0.034294  4.276327 
0.035852  4.266249 
0.037411  4.256146 
0.038970  4.246053 
0.040529  4.235999 
0.042088  4.226013 
0.043646  4.216124 
0.045205  4.206358 
0.046764  4.196741 
0.048323  4.187296 
0.049882  4.178044 
0.051440  4.169008 
0.052999  4.160204 
0.054558  4.151652 
0.056117  4.143365 
0.057675  4.135359 
0.059234  4.127644 
0.060793  4.120231 
0.062352  4.113129 
0.063911  4.106343 
0.065469  4.099880 
0.067028  4.093741 
0.068587  4.087929 
0.070146  4.082443 
0.071705  4.077282 
0.073263  4.072443 
0.074822  4.067920 
0.076381  4.063708 
0.077940  4.059799 
0.079499  4.056186 
0.081058  4.052858 
0.082616  4.049804 
0.084175  4.047014 
0.085734  4.044474 
0.087293  4.042172 
0.088851  4.040094 
0.090410  4.038225 
0.091969  4.036549 
0.093528  4.035053 
0.095087  4.033719 
0.096645  4.032532 
0.098204  4.031476 
0.099763  4.030535 
0.101322  4.029694 
0.102881  4.028935 
0.104440  4.028246 
0.105998  4.027610 
0.107557  4.027014 
0.109116  4.026445 
0.110675  4.025891 
0.112233  4.025339 
0.113792  4.024780 
0.115351  4.024204 
0.116910  4.023603 
0.118469  4.022969 
0.120027  4.022296 
0.121586  4.021578 
0.123145  4.020811 
0.124704  4.019991 
0.126263  4.019113 
0.127822  4.018176 
0.129380  4.017178 
0.130939  4.016115 
0.132498  4.014985 
0.134057  4.013788 
0.135615  4.012520 
0.137174  4.011179 
0.138733  4.009761 
0.140292  4.008264 
0.141851  4.006683 
0.143409  4.005014 
0.144968  4.003249 
0.146527  4.001383 
0.148086  3.999409 
0.149645  3.997318 
0.151203  3.995102 
0.152762  3.992753 
0.154321  3.990272 
0.155880  3.988053 


0.000000  4.809146 
0.001559  4.809490 
0.003118  4.810522 
0.004676  4.812250 
0.006235  4.814680 
0.007794  4.817820 
0.009353  4.821672 
0.010912  4.826235 
0.012470  4.831500 
0.014029  4.837452 
0.015588  4.844069 
0.017147  4.851321 
0.018706  4.859174 
0.020264  4.867591 
0.021823  4.876527 
0.023382  4.885939 
0.024941  4.895779 
0.026500  4.905998 
0.028058  4.916550 
0.029617  4.927383 
0.031176  4.938451 
0.032735  4.949706 
0.034294  4.961100 
0.035852  4.972591 
0.037411  4.984133 
0.038970  4.995687 
0.040529  5.007212 
0.042088  5.018673 
0.043646  5.030035 
0.045205  5.041266 
0.046764  5.052339 
0.048323  5.063227 
0.049882  5.073907 
0.051440  5.084360 
0.052999  5.094567 
0.054558  5.104514 
0.056117  5.114189 
0.057675  5.123581 
0.059234  5.132682 
0.060793  5.141485 
0.062352  5.149984 
0.063911  5.158175 
0.065469  5.166054 
0.067028  5.173616 
0.068587  5.180857 
0.070146  5.187774 
0.071705  5.194361 
0.073263  5.200613 
0.074822  5.206523 
0.076381  5.212083 
0.077940  5.217284 
0.079499  5.222116 
0.081058  5.226568 
0.082616  5.230627 
0.084175  5.234280 
0.085734  5.237515 
0.087293  5.240318 
0.088851  5.242677 
0.090410  5.244579 
0.091969  5.246016 
0.093528  5.246980 
0.095087  5.247465 
0.096645  5.247471 
0.098204  5.247000 
0.099763  5.246061 
0.101322  5.244665 
0.102881  5.242829 
0.104440  5.240575 
0.105998  5.237930 
0.107557  5.234927 
0.109116  5.231601 
0.110675  5.227992 
0.112233  5.224143 
0.113792  5.220102 
0.115351  5.215916 
0.116910  5.211635 
0.118469  5.207310 
0.120027  5.202992 
0.121586  5.198733 
0.123145  5.194582 
0.124704  5.190589 
0.126263  5.186801 
0.127822  5.183262 
0.129380  5.180016 
0.130939  5.177100 
0.132498  5.174553 
0.134057  5.172406 
0.135615  5.170688 
0.137174  5.169426 
0.138733  5.168641 
0.140292  5.168350 
0.141851  5.168567 
0.143409  5.169303 
0.144968  5.170562 
0.146527  5.172346 
0.148086  5.174651 
0.149645  5.177461 
0.151203  5.180746 
0.152762  5.184423 
0.154321  5.188190 
0.155880  5.190391 


0.000000  4.855627 
0.001559  4.856181 
0.003118  4.857834 
0.004676  4.860570 
0.006235  4.864362 
0.007794  4.869174 
0.009353  4.874969 
0.010912  4.881705 
0.012470  4.889340 
0.014029  4.897834 
0.015588  4.907144 
0.017147  4.917229 
0.018706  4.928048 
0.020264  4.939561 
0.021823  4.951725 
0.023382  4.964498 
0.024941  4.977837 
0.026500  4.991698 
0.028058  5.006034 
0.029617  5.020801 
0.031176  5.035950 
0.032735  5.051434 
0.034294  5.067206 
0.035852  5.083216 
0.037411  5.099418 
0.038970  5.115761 
0.040529  5.132200 
0.042088  5.148687 
0.043646  5.165177 
0.045205  5.181623 
0.046764  5.197982 
0.048323  5.214212 
0.049882  5.230272 
0.051440  5.246122 
0.052999  5.261724 
0.054558  5.277042 
0.056117  5.292043 
0.057675  5.306695 
0.059234  5.320969 
0.060793  5.334837 
0.062352  5.348276 
0.063911  5.361262 
0.065469  5.373779 
0.067028  5.385809 
0.068587  5.397340 
0.070146  5.408361 
0.071705  5.418866 
0.073263  5.428851 
0.074822  5.438314 
0.076381  5.447259 
0.077940  5.455687 
0.079499  5.463604 
0.081058  5.471015 
0.082616  5.477924 
0.084175  5.484326 
0.085734  5.490209 
0.087293  5.495535 
0.088851  5.500228 
0.090410  5.504145 
0.091969  5.507049 
0.093528  5.508641 
0.095087  5.508708 
0.096645  5.507281 
0.098204  5.504580 
0.099763  5.500844 
0.101322  5.496257 
0.102881  5.490940 
0.104440  5.484978 
0.105998  5.478431 
0.107557  5.471349 
0.109116  5.463772 
0.110675  5.455742 
0.112233  5.447294 
0.113792  5.438468 
0.115351  5.429301 
0.116910  5.419833 
0.118469  5.410104 
0.120027  5.400153 
0.121586  5.390023 
0.123145  5.379754 
0.124704  5.369387 
0.126263  5.358961 
0.127822  5.348517 
0.129380  5.338092 
0.130939  5.327725 
0.132498  5.317452 
0.134057  5.307308 
0.135615  5.297326 
0.137174  5.287540 
0.138733  5.277979 
0.140292  5.268674 
0.141851  5.259654 
0.143409  5.250946 
0.144968  5.242578 
0.146527  5.234579 
0.148086  5.226976 
0.149645  5.219803 
0.151203  5.213109 
0.152762  5.206988 
0.154321  5.201752 
0.155880  5.199059 


0.000000  5.207870 
0.001559  5.208178 
0.003118  5.209100 
0.004676  5.210629 
0.006235  5.212753 
0.007794  5.215456 
0.009353  5.218720 
0.010912  5.222521 
0.012470  5.226835 
0.014029  5.231634 
0.015588  5.236890 
0.017147  5.242571 
0.018706  5.248649 
0.020264  5.255093 
0.021823  5.261872 
0.023382  5.268957 
0.024941  5.276320 
0.026500  5.283932 
0.028058  5.291768 
0.029617  5.299801 
0.031176  5.308007 
0.032735  5.316363 
0.034294  5.324846 
0.035852  5.333435 
0.037411  5.342108 
0.038970  5.350844 
0.040529  5.359623 
0.042088  5.368424 
0.043646  5.377226 
0.045205  5.386008 
0.046764  5.394748 
0.048323  5.403424 
0.049882  5.412015 
0.051440  5.420495 
0.052999  5.428842 
0.054558  5.437031 
0.056117  5.445036 
0.057675  5.452834 
0.059234  5.460399 
0.060793  5.467706 
0.062352  5.474729 
0.063911  5.481445 
0.065469  5.487830 
0.067028  5.493862 
0.068587  5.499518 
0.070146  5.504779 
0.071705  5.509625 
0.073263  5.514040 
0.074822  5.518009 
0.076381  5.521520 
0.077940  5.524563 
0.079499  5.527132 
0.081058  5.529228 
0.082616  5.530856 
0.084175  5.532032 
0.085734  5.532788 
0.087293  5.533184 
0.088851  5.533321 
0.090410  5.533370 
0.091969  5.533598 
0.093528  5.534336 
0.095087  5.535832 
0.096645  5.538089 
0.098204  5.540922 
0.099763  5.544126 
0.101322  5.547554 
0.102881  5.551116 
0.104440  5.554764 
0.105998  5.558470 
0.107557  5.562219 
0.109116  5.566003 
0.110675  5.569815 
0.112233  5.573653 
0.113792  5.577513 
0.115351  5.581390 
0.116910  5.585283 
0.118469  5.589188 
0.120027  5.593100 
0.121586  5.597018 
0.123145  5.600937 
0.124704  5.604855 
0.126263  5.608771 
0.127822  5.612681 
0.129380  5.616586 
0.130939  5.620486 
0.132498  5.624381 
0.134057  5.628274 
0.135615  5.632166 
0.137174  5.636061 
0.138733  5.639963 
0.140292  5.643879 
0.141851  5.647813 
0.143409  5.651773 
0.144968  5.655766 
0.146527  5.659801 
0.148086  5.663887 
0.149645  5.668032 
0.151203  5.672247 
0.152762  5.676538 
0.154321  5.680898 
0.155880  5.684650 


0.000000  6.344141 
0.001559  6.344182 
0.003118  6.344303 
0.004676  6.344503 
0.006235  6.344778 
0.007794  6.345123 
0.009353  6.345533 
0.010912  6.346000 
0.012470  6.346515 
0.014029  6.347069 
0.015588  6.347650 
0.017147  6.348248 
0.018706  6.348848 
0.020264  6.349437 
0.021823  6.349999 
0.023382  6.350520 
0.024941  6.350981 
0.026500  6.351367 
0.028058  6.351658 
0.029617  6.351837 
0.031176  6.351883 
0.032735  6.351778 
0.034294  6.351501 
0.035852  6.351031 
0.037411  6.350349 
0.038970  6.349432 
0.040529  6.348259 
0.042088  6.346810 
0.043646  6.345062 
0.045205  6.342996 
0.046764  6.340590 
0.048323  6.337823 
0.049882  6.334677 
0.051440  6.331131 
0.052999  6.327168 
0.054558  6.322771 
0.056117  6.317923 
0.057675  6.312610 
0.059234  6.306821 
0.060793  6.300543 
0.062352  6.293770 
0.063911  6.286493 
0.065469  6.278711 
0.067028  6.270421 
0.068587  6.261626 
0.070146  6.252331 
0.071705  6.242543 
0.073263  6.232274 
0.074822  6.221539 
0.076381  6.210353 
0.077940  6.198739 
0.079499  6.186718 
0.081058  6.174319 
0.082616  6.161570 
0.084175  6.148503 
0.085734  6.135152 
0.087293  6.121554 
0.088851  6.107746 
0.090410  6.093768 
0.091969  6.079661 
0.093528  6.065466 
0.095087  6.051225 
0.096645  6.036980 
0.098204  6.022772 
0.099763  6.008641 
0.101322  5.994627 
0.102881  5.980765 
0.104440  5.967091 
0.105998  5.953637 
0.107557  5.940431 
0.109116  5.927501 
0.110675  5.914867 
0.112233  5.902549 
0.113792  5.890562 
0.115351  5.878918 
0.116910  5.867626 
0.118469  5.856691 
0.120027  5.846114 
0.121586  5.835897 
0.123145  5.826037 
0.124704  5.816529 
0.126263  5.807368 
0.127822  5.798546 
0.129380  5.790054 
0.130939  5.781883 
0.132498  5.774023 
0.134057  5.766463 
0.135615  5.759191 
0.137174  5.752198 
0.138733  5.745470 
0.140292  5.738995 
0.141851  5.732763 
0.143409  5.726760 
0.144968  5.720974 
0.146527  5.715392 
0.148086  5.710004 
0.149645  5.704796 
0.151203  5.699757 
0.152762  5.694879 
0.154321  5.690167 
0.155880  5.686297 


0.000000  7.411841 
0.001559  7.411713 
0.003118  7.411328 
0.004676  7.410689 
0.006235  7.409796 
0.007794  7.408653 
0.009353  7.407263 
0.010912  7.405632 
0.012470  7.403764 
0.014029  7.401665 
0.015588  7.399342 
0.017147  7.396803 
0.018706  7.394055 
0.020264  7.391108 
0.021823  7.387970 
0.023382  7.384653 
0.024941  7.381166 
0.026500  7.377521 
0.028058  7.373730 
0.029617  7.369805 
0.031176  7.365760 
0.032735  7.361607 
0.034294  7.357363 
0.035852  7.353040 
0.037411  7.348654 
0.038970  7.344221 
0.040529  7.339758 
0.042088  7.335279 
0.043646  7.330804 
0.045205  7.326348 
0.046764  7.321930 
0.048323  7.317566 
0.049882  7.313275 
0.051440  7.309074 
0.052999  7.304979 
0.054558  7.301009 
0.056117  7.297179 
0.057675  7.293505 
0.059234  7.290001 
0.060793  7.286682 
0.062352  7.283561 
0.063911  7.280647 
0.065469  7.277953 
0.067028  7.275485 
0.068587  7.273250 
0.070146  7.271253 
0.071705  7.269498 
0.073263  7.267986 
0.074822  7.266716 
0.076381  7.265686 
0.077940  7.264893 
0.079499  7.264331 
0.081058  7.263994 
0.082616  7.263873 
0.084175  7.263959 
0.085734  7.264241 
0.087293  7.264709 
0.088851  7.265351 
0.090410  7.266154 
0.091969  7.267105 
0.093528  7.268192 
0.095087  7.269400 
0.096645  7.270716 
0.098204  7.272128 
0.099763  7.273623 
0.101322  7.275187 
0.102881  7.276809 
0.104440  7.278476 
0.105998  7.280177 
0.107557  7.281903 
0.109116  7.283641 
0.110675  7.285383 
0.112233  7.287121 
0.113792  7.288845 
0.115351  7.290548 
0.116910  7.292223 
0.118469  7.293865 
0.120027  7.295466 
0.121586  7.297023 
0.123145  7.298530 
0.124704  7.299985 
0.126263  7.301384 
0.127822  7.302723 
0.129380  7.304002 
0.130939  7.305218 
0.132498  7.306371 
0.134057  7.307461 
0.135615  7.308486 
0.137174  7.309449 
0.138733  7.310350 
0.140292  7.311193 
0.141851  7.311979 
0.143409  7.312715 
0.144968  7.313406 
0.146527  7.314060 
0.148086  7.314686 
0.149645  7.315299 
0.151203  7.315913 
0.152762  7.316546 
0.154321  7.317217 
0.155880  7.317812 


0.000000  8.098773 
0.001559  8.098598 
0.003118  8.098072 
0.004676  8.097195 
0.006235  8.095966 
0.007794  8.094385 
0.009353  8.092449 
0.010912  8.090158 
0.012470  8.087510 
0.014029  8.084502 
0.015588  8.081134 
0.017147  8.077403 
0.018706  8.073308 
0.020264  8.068847 
0.021823  8.064018 
0.023382  8.058821 
0.024941  8.053254 
0.026500  8.047317 
0.028058  8.041010 
0.029617  8.034333 
0.031176  8.027288 
0.032735  8.019877 
0.034294  8.012101 
0.035852  8.003964 
0.037411  7.995470 
0.038970  7.986624 
0.040529  7.977431 
0.042088  7.967899 
0.043646  7.958035 
0.045205  7.947847 
0.046764  7.937345 
0.048323  7.926539 
0.049882  7.915441 
0.051440  7.904063 
0.052999  7.892418 
0.054558  7.880522 
0.056117  7.868388 
0.057675  7.856033 
0.059234  7.843474 
0.060793  7.830728 
0.062352  7.817814 
0.063911  7.804750 
0.065469  7.791557 
0.067028  7.778253 
0.068587  7.764860 
0.070146  7.751399 
0.071705  7.737891 
0.073263  7.724356 
0.074822  7.710816 
0.076381  7.697294 
0.077940  7.683808 
0.079499  7.670382 
0.081058  7.657035 
0.082616  7.643788 
0.084175  7.630661 
0.085734  7.617673 
0.087293  7.604842 
0.088851  7.592186 
0.090410  7.579723 
0.091969  7.567469 
0.093528  7.555438 
0.095087  7.543646 
0.096645  7.532105 
0.098204  7.520828 
0.099763  7.509826 
0.101322  7.499109 
0.102881  7.488686 
0.104440  7.478566 
0.105998  7.468755 
0.107557  7.459259 
0.109116  7.450084 
0.110675  7.441233 
0.112233  7.432709 
0.113792  7.424514 
0.115351  7.416651 
0.116910  7.409118 
0.118469  7.401917 
0.120027  7.395046 
0.121586  7.388504 
0.123145  7.382288 
0.124704  7.376396 
0.126263  7.370825 
0.127822  7.365570 
0.129380  7.360628 
0.130939  7.355994 
0.132498  7.351663 
0.134057  7.347630 
0.135615  7.343889 
0.137174  7.340435 
0.138733  7.337261 
0.140292  7.334359 
0.141851  7.331723 
0.143409  7.329343 
0.144968  7.327211 
0.146527  7.325315 
0.148086  7.323641 
0.149645  7.322176 
0.151203  7.320901 
0.152762  7.319796 
0.154321  7.318843 
0.155880  7.318153 


