# distance  frequency (bands are separated by blank lines)
# End points of segments: 
#   0.00000000 0.07497370 
0.000000  2.074255 
0.000750  2.074280 
0.001499  2.074356 
0.002249  2.074481 
0.002999  2.074656 
0.003749  2.074878 
0.004498  2.075146 
0.005248  2.075459 
0.005998  2.075814 
0.006748  2.076209 
0.007497  2.076640 
0.008247  2.077104 
0.008997  2.077598 
0.009747  2.078118 
0.010496  2.078659 
0.011246  2.079217 
0.011996  2.079785 
0.012745  2.080360 
0.013495  2.080934 
0.014245  2.081502 
0.014995  2.082056 
0.015745  2.082590 
0.016494  2.083097 
0.017244  2.083569 
0.017994  2.083997 
0.018743  2.084374 
0.019493  2.084692 
0.020243  2.084942 
0.020993  2.085117 
0.021742  2.085207 
0.022492  2.085207 
0.023242  2.085108 
0.023992  2.084903 
0.024741  2.084587 
0.025491  2.084153 
0.026241  2.083598 
0.026991  2.082917 
0.027740  2.082107 
0.028490  2.081164 
0.029240  2.080086 
0.029989  2.078871 
0.030739  2.077516 
0.031489  2.076023 
0.032239  2.074396 
0.032988  2.072644 
0.033738  2.070777 
0.034488  2.068804 
0.035238  2.066732 
0.035987  2.064570 
0.036737  2.062324 
0.037487  2.060000 
0.038237  2.057604 
0.038986  2.055143 
0.039736  2.052621 
0.040486  2.050045 
0.041236  2.047419 
0.041985  2.044750 
0.042735  2.042042 
0.043485  2.039301 
0.044235  2.036532 
0.044984  2.033739 
0.045734  2.030929 
0.046484  2.028106 
0.047233  2.025275 
0.047983  2.022441 
0.048733  2.019609 
0.049483  2.016785 
0.050232  2.013972 
0.050982  2.011176 
0.051732  2.008402 
0.052482  2.005655 
0.053231  2.002940 
0.053981  2.000261 
0.054731  1.997624 
0.055481  1.995032 
0.056230  1.992492 
0.056980  1.990007 
0.057730  1.987582 
0.058479  1.985221 
0.059229  1.982930 
0.059979  1.980713 
0.060729  1.978573 
0.061478  1.976515 
0.062228  1.974543 
0.062978  1.972661 
0.063728  1.970872 
0.064477  1.969181 
0.065227  1.967591 
0.065977  1.966105 
0.066727  1.964725 
0.067476  1.963456 
0.068226  1.962299 
0.068976  1.961257 
0.069725  1.960333 
0.070475  1.959528 
0.071225  1.958843 
0.071975  1.958281 
0.072724  1.957843 
0.073474  1.957529 
0.074224  1.957341 
0.074974  1.957278 


0.000000  2.078855 
0.000750  2.078879 
0.001499  2.078950 
0.002249  2.079068 
0.002999  2.079231 
0.003749  2.079439 
0.004498  2.079689 
0.005248  2.079981 
0.005998  2.080311 
0.006748  2.080676 
0.007497  2.081075 
0.008247  2.081502 
0.008997  2.081954 
0.009747  2.082426 
0.010496  2.082915 
0.011246  2.083414 
0.011996  2.083919 
0.012745  2.084423 
0.013495  2.084920 
0.014245  2.085403 
0.014995  2.085866 
0.015745  2.086300 
0.016494  2.086698 
0.017244  2.087053 
0.017994  2.087356 
0.018743  2.087598 
0.019493  2.087773 
0.020243  2.087872 
0.020993  2.087888 
0.021742  2.087812 
0.022492  2.087639 
0.023242  2.087362 
0.023992  2.086976 
0.024741  2.086478 
0.025491  2.085862 
0.026241  2.085129 
0.026991  2.084276 
0.027740  2.083304 
0.028490  2.082217 
0.029240  2.081018 
0.029989  2.079712 
0.030739  2.078305 
0.031489  2.076803 
0.032239  2.075208 
0.032988  2.073520 
0.033738  2.071737 
0.034488  2.069862 
0.035238  2.067896 
0.035987  2.065841 
0.036737  2.063703 
0.037487  2.061486 
0.038237  2.059195 
0.038986  2.056835 
0.039736  2.054411 
0.040486  2.051929 
0.041236  2.049394 
0.041985  2.046811 
0.042735  2.044187 
0.043485  2.041526 
0.044235  2.038833 
0.044984  2.036115 
0.045734  2.033375 
0.046484  2.030620 
0.047233  2.027854 
0.047983  2.025083 
0.048733  2.022311 
0.049483  2.019544 
0.050232  2.016787 
0.050982  2.014044 
0.051732  2.011321 
0.052482  2.008623 
0.053231  2.005955 
0.053981  2.003321 
0.054731  2.000727 
0.055481  1.998177 
0.056230  1.995676 
0.056980  1.993228 
0.057730  1.990839 
0.058479  1.988513 
0.059229  1.986255 
0.059979  1.984068 
0.060729  1.981957 
0.061478  1.979927 
0.062228  1.977981 
0.062978  1.976124 
0.063728  1.974358 
0.064477  1.972688 
0.065227  1.971118 
0.065977  1.969650 
0.066727  1.968288 
0.067476  1.967034 
0.068226  1.965891 
0.068976  1.964861 
0.069725  1.963948 
0.070475  1.963152 
0.071225  1.962476 
0.071975  1.961920 
0.072724  1.961487 
0.073474  1.961177 
0.074224  1.960990 
0.074974  1.960928 


0.000000  2.193623 
0.000750  2.193603 
0.001499  2.193543 
0.002249  2.193444 
0.002999  2.193307 
0.003749  2.193131 
0.004498  2.192918 
0.005248  2.192670 
0.005998  2.192387 
0.006748  2.192073 
0.007497  2.191728 
0.008247  2.191355 
0.008997  2.190957 
0.009747  2.190537 
0.010496  2.190098 
0.011246  2.189644 
0.011996  2.189178 
0.012745  2.188705 
0.013495  2.188230 
0.014245  2.187756 
0.014995  2.187290 
0.015745  2.186837 
0.016494  2.186400 
0.017244  2.185987 
0.017994  2.185601 
0.018743  2.185247 
0.019493  2.184926 
0.020243  2.184642 
0.020993  2.184394 
0.021742  2.184184 
0.022492  2.184016 
0.023242  2.183899 
0.023992  2.183841 
0.024741  2.183851 
0.025491  2.183937 
0.026241  2.184104 
0.026991  2.184355 
0.027740  2.184695 
0.028490  2.185123 
0.029240  2.185642 
0.029989  2.186250 
0.030739  2.186945 
0.031489  2.187727 
0.032239  2.188592 
0.032988  2.189538 
0.033738  2.190561 
0.034488  2.191657 
0.035238  2.192823 
0.035987  2.194055 
0.036737  2.195348 
0.037487  2.196700 
0.038237  2.198107 
0.038986  2.199564 
0.039736  2.201068 
0.040486  2.202617 
0.041236  2.204207 
0.041985  2.205834 
0.042735  2.207496 
0.043485  2.209191 
0.044235  2.210915 
0.044984  2.212666 
0.045734  2.214441 
0.046484  2.216238 
0.047233  2.218055 
0.047983  2.219888 
0.048733  2.221736 
0.049483  2.223596 
0.050232  2.225464 
0.050982  2.227340 
0.051732  2.229219 
0.052482  2.231099 
0.053231  2.232976 
0.053981  2.234849 
0.054731  2.236712 
0.055481  2.238564 
0.056230  2.240399 
0.056980  2.242215 
0.057730  2.244007 
0.058479  2.245772 
0.059229  2.247504 
0.059979  2.249200 
0.060729  2.250855 
0.061478  2.252464 
0.062228  2.254022 
0.062978  2.255526 
0.063728  2.256969 
0.064477  2.258347 
0.065227  2.259655 
0.065977  2.260889 
0.066727  2.262044 
0.067476  2.263115 
0.068226  2.264099 
0.068976  2.264991 
0.069725  2.265787 
0.070475  2.266484 
0.071225  2.267080 
0.071975  2.267570 
0.072724  2.267955 
0.073474  2.268230 
0.074224  2.268396 
0.074974  2.268451 


0.000000  2.196063 
0.000750  2.196041 
0.001499  2.195976 
0.002249  2.195867 
0.002999  2.195716 
0.003749  2.195523 
0.004498  2.195288 
0.005248  2.195014 
0.005998  2.194702 
0.006748  2.194353 
0.007497  2.193969 
0.008247  2.193552 
0.008997  2.193105 
0.009747  2.192630 
0.010496  2.192131 
0.011246  2.191611 
0.011996  2.191073 
0.012745  2.190522 
0.013495  2.189963 
0.014245  2.189399 
0.014995  2.188838 
0.015745  2.188283 
0.016494  2.187742 
0.017244  2.187223 
0.017994  2.186732 
0.018743  2.186279 
0.019493  2.185874 
0.020243  2.185529 
0.020993  2.185257 
0.021742  2.185068 
0.022492  2.184970 
0.023242  2.184966 
0.023992  2.185058 
0.024741  2.185243 
0.025491  2.185524 
0.026241  2.185899 
0.026991  2.186369 
0.027740  2.186932 
0.028490  2.187587 
0.029240  2.188334 
0.029989  2.189169 
0.030739  2.190090 
0.031489  2.191094 
0.032239  2.192177 
0.032988  2.193336 
0.033738  2.194567 
0.034488  2.195866 
0.035238  2.197230 
0.035987  2.198655 
0.036737  2.200136 
0.037487  2.201671 
0.038237  2.203255 
0.038986  2.204886 
0.039736  2.206561 
0.040486  2.208276 
0.041236  2.210029 
0.041985  2.211816 
0.042735  2.213636 
0.043485  2.215486 
0.044235  2.217362 
0.044984  2.219265 
0.045734  2.221189 
0.046484  2.223134 
0.047233  2.225098 
0.047983  2.227077 
0.048733  2.229069 
0.049483  2.231072 
0.050232  2.233084 
0.050982  2.235102 
0.051732  2.237122 
0.052482  2.239143 
0.053231  2.241160 
0.053981  2.243172 
0.054731  2.245173 
0.055481  2.247162 
0.056230  2.249133 
0.056980  2.251083 
0.057730  2.253008 
0.058479  2.254903 
0.059229  2.256764 
0.059979  2.258586 
0.060729  2.260365 
0.061478  2.262094 
0.062228  2.263770 
0.062978  2.265387 
0.063728  2.266939 
0.064477  2.268422 
0.065227  2.269830 
0.065977  2.271159 
0.066727  2.272402 
0.067476  2.273557 
0.068226  2.274616 
0.068976  2.275577 
0.069725  2.276436 
0.070475  2.277188 
0.071225  2.277830 
0.071975  2.278359 
0.072724  2.278774 
0.073474  2.279071 
0.074224  2.279250 
0.074974  2.279310 


0.000000  2.828999 
0.000750  2.828942 
0.001499  2.828769 
0.002249  2.828483 
0.002999  2.828083 
0.003749  2.827570 
0.004498  2.826946 
0.005248  2.826214 
0.005998  2.825374 
0.006748  2.824428 
0.007497  2.823381 
0.008247  2.822233 
0.008997  2.820990 
0.009747  2.819652 
0.010496  2.818225 
0.011246  2.816711 
0.011996  2.815115 
0.012745  2.813441 
0.013495  2.811692 
0.014245  2.809873 
0.014995  2.807989 
0.015745  2.806043 
0.016494  2.804040 
0.017244  2.801985 
0.017994  2.799882 
0.018743  2.797735 
0.019493  2.795550 
0.020243  2.793330 
0.020993  2.791079 
0.021742  2.788803 
0.022492  2.786504 
0.023242  2.784188 
0.023992  2.781859 
0.024741  2.779522 
0.025491  2.777179 
0.026241  2.774837 
0.026991  2.772499 
0.027740  2.770169 
0.028490  2.767850 
0.029240  2.765547 
0.029989  2.763263 
0.030739  2.761001 
0.031489  2.758764 
0.032239  2.756556 
0.032988  2.754379 
0.033738  2.752235 
0.034488  2.750128 
0.035238  2.748059 
0.035987  2.746031 
0.036737  2.744045 
0.037487  2.742104 
0.038237  2.740209 
0.038986  2.738360 
0.039736  2.736560 
0.040486  2.734810 
0.041236  2.733110 
0.041985  2.731461 
0.042735  2.729864 
0.043485  2.728319 
0.044235  2.726826 
0.044984  2.725385 
0.045734  2.723997 
0.046484  2.722662 
0.047233  2.721378 
0.047983  2.720146 
0.048733  2.718965 
0.049483  2.717835 
0.050232  2.716755 
0.050982  2.715723 
0.051732  2.714741 
0.052482  2.713805 
0.053231  2.712916 
0.053981  2.712073 
0.054731  2.711274 
0.055481  2.710519 
0.056230  2.709806 
0.056980  2.709133 
0.057730  2.708501 
0.058479  2.707908 
0.059229  2.707351 
0.059979  2.706832 
0.060729  2.706347 
0.061478  2.705896 
0.062228  2.705478 
0.062978  2.705092 
0.063728  2.704735 
0.064477  2.704408 
0.065227  2.704110 
0.065977  2.703838 
0.066727  2.703592 
0.067476  2.703371 
0.068226  2.703174 
0.068976  2.703001 
0.069725  2.702850 
0.070475  2.702720 
0.071225  2.702612 
0.071975  2.702524 
0.072724  2.702456 
0.073474  2.702408 
0.074224  2.702379 
0.074974  2.702370 


0.000000  2.829191 
0.000750  2.829133 
0.001499  2.828961 
0.002249  2.828674 
0.002999  2.828273 
0.003749  2.827759 
0.004498  2.827135 
0.005248  2.826401 
0.005998  2.825559 
0.006748  2.824612 
0.007497  2.823562 
0.008247  2.822412 
0.008997  2.821166 
0.009747  2.819825 
0.010496  2.818394 
0.011246  2.816877 
0.011996  2.815277 
0.012745  2.813598 
0.013495  2.811844 
0.014245  2.810019 
0.014995  2.808129 
0.015745  2.806176 
0.016494  2.804167 
0.017244  2.802105 
0.017994  2.799995 
0.018743  2.797842 
0.019493  2.795651 
0.020243  2.793427 
0.020993  2.791174 
0.021742  2.788897 
0.022492  2.786602 
0.023242  2.784292 
0.023992  2.781973 
0.024741  2.779648 
0.025491  2.777321 
0.026241  2.774996 
0.026991  2.772678 
0.027740  2.770369 
0.028490  2.768073 
0.029240  2.765794 
0.029989  2.763535 
0.030739  2.761299 
0.031489  2.759090 
0.032239  2.756909 
0.032988  2.754761 
0.033738  2.752647 
0.034488  2.750569 
0.035238  2.748531 
0.035987  2.746533 
0.036737  2.744579 
0.037487  2.742668 
0.038237  2.740804 
0.038986  2.738987 
0.039736  2.737218 
0.040486  2.735498 
0.041236  2.733829 
0.041985  2.732210 
0.042735  2.730642 
0.043485  2.729126 
0.044235  2.727662 
0.044984  2.726250 
0.045734  2.724889 
0.046484  2.723580 
0.047233  2.722322 
0.047983  2.721115 
0.048733  2.719959 
0.049483  2.718852 
0.050232  2.717794 
0.050982  2.716784 
0.051732  2.715822 
0.052482  2.714906 
0.053231  2.714036 
0.053981  2.713210 
0.054731  2.712428 
0.055481  2.711688 
0.056230  2.710990 
0.056980  2.710332 
0.057730  2.709712 
0.058479  2.709131 
0.059229  2.708586 
0.059979  2.708076 
0.060729  2.707601 
0.061478  2.707159 
0.062228  2.706749 
0.062978  2.706370 
0.063728  2.706020 
0.064477  2.705699 
0.065227  2.705405 
0.065977  2.705138 
0.066727  2.704896 
0.067476  2.704679 
0.068226  2.704485 
0.068976  2.704314 
0.069725  2.704165 
0.070475  2.704038 
0.071225  2.703931 
0.071975  2.703844 
0.072724  2.703777 
0.073474  2.703730 
0.074224  2.703701 
0.074974  2.703692 


0.000000  3.366690 
0.000750  3.366567 
0.001499  3.366197 
0.002249  3.365586 
0.002999  3.364737 
0.003749  3.363661 
0.004498  3.362364 
0.005248  3.360859 
0.005998  3.359155 
0.006748  3.357263 
0.007497  3.355195 
0.008247  3.352960 
0.008997  3.350568 
0.009747  3.348030 
0.010496  3.345351 
0.011246  3.342541 
0.011996  3.339607 
0.012745  3.336553 
0.013495  3.333385 
0.014245  3.330107 
0.014995  3.326724 
0.015745  3.323239 
0.016494  3.319654 
0.017244  3.315972 
0.017994  3.312194 
0.018743  3.308323 
0.019493  3.304359 
0.020243  3.300304 
0.020993  3.296159 
0.021742  3.291923 
0.022492  3.287599 
0.023242  3.283185 
0.023992  3.278683 
0.024741  3.274094 
0.025491  3.269417 
0.026241  3.264653 
0.026991  3.259803 
0.027740  3.254866 
0.028490  3.249845 
0.029240  3.244738 
0.029989  3.239549 
0.030739  3.234276 
0.031489  3.228922 
0.032239  3.223488 
0.032988  3.217976 
0.033738  3.212386 
0.034488  3.206722 
0.035238  3.200984 
0.035987  3.195177 
0.036737  3.189301 
0.037487  3.183361 
0.038237  3.177359 
0.038986  3.171298 
0.039736  3.165182 
0.040486  3.159016 
0.041236  3.152802 
0.041985  3.146547 
0.042735  3.140254 
0.043485  3.133929 
0.044235  3.127577 
0.044984  3.121204 
0.045734  3.114815 
0.046484  3.108418 
0.047233  3.102018 
0.047983  3.095624 
0.048733  3.089241 
0.049483  3.082877 
0.050232  3.076541 
0.050982  3.070241 
0.051732  3.063985 
0.052482  3.057781 
0.053231  3.051639 
0.053981  3.045568 
0.054731  3.039578 
0.055481  3.033678 
0.056230  3.027879 
0.056980  3.022189 
0.057730  3.016621 
0.058479  3.011183 
0.059229  3.005888 
0.059979  3.000745 
0.060729  2.995765 
0.061478  2.990959 
0.062228  2.986338 
0.062978  2.981912 
0.063728  2.977692 
0.064477  2.973687 
0.065227  2.969908 
0.065977  2.966366 
0.066727  2.963068 
0.067476  2.960024 
0.068226  2.957242 
0.068976  2.954731 
0.069725  2.952497 
0.070475  2.950547 
0.071225  2.948887 
0.071975  2.947522 
0.072724  2.946456 
0.073474  2.945691 
0.074224  2.945232 
0.074974  2.945079 


0.000000  3.367463 
0.000750  3.367342 
0.001499  3.366979 
0.002249  3.366379 
0.002999  3.365546 
0.003749  3.364487 
0.004498  3.363212 
0.005248  3.361729 
0.005998  3.360049 
0.006748  3.358183 
0.007497  3.356141 
0.008247  3.353933 
0.008997  3.351568 
0.009747  3.349056 
0.010496  3.346405 
0.011246  3.343622 
0.011996  3.340715 
0.012745  3.337688 
0.013495  3.334548 
0.014245  3.331299 
0.014995  3.327944 
0.015745  3.324487 
0.016494  3.320932 
0.017244  3.317279 
0.017994  3.313532 
0.018743  3.309691 
0.019493  3.305759 
0.020243  3.301736 
0.020993  3.297624 
0.021742  3.293422 
0.022492  3.289133 
0.023242  3.284755 
0.023992  3.280290 
0.024741  3.275739 
0.025491  3.271101 
0.026241  3.266377 
0.026991  3.261568 
0.027740  3.256675 
0.028490  3.251697 
0.029240  3.246636 
0.029989  3.241493 
0.030739  3.236269 
0.031489  3.230964 
0.032239  3.225582 
0.032988  3.220122 
0.033738  3.214586 
0.034488  3.208978 
0.035238  3.203298 
0.035987  3.197550 
0.036737  3.191735 
0.037487  3.185858 
0.038237  3.179920 
0.038986  3.173925 
0.039736  3.167878 
0.040486  3.161782 
0.041236  3.155641 
0.041985  3.149459 
0.042735  3.143243 
0.043485  3.136995 
0.044235  3.130723 
0.044984  3.124432 
0.045734  3.118128 
0.046484  3.111816 
0.047233  3.105504 
0.047983  3.099199 
0.048733  3.092908 
0.049483  3.086638 
0.050232  3.080397 
0.050982  3.074193 
0.051732  3.068035 
0.052482  3.061931 
0.053231  3.055889 
0.053981  3.049920 
0.054731  3.044033 
0.055481  3.038236 
0.056230  3.032540 
0.056980  3.026955 
0.057730  3.021491 
0.058479  3.016158 
0.059229  3.010965 
0.059979  3.005925 
0.060729  3.001046 
0.061478  2.996340 
0.062228  2.991816 
0.062978  2.987486 
0.063728  2.983358 
0.064477  2.979442 
0.065227  2.975750 
0.065977  2.972288 
0.066727  2.969067 
0.067476  2.966095 
0.068226  2.963380 
0.068976  2.960930 
0.069725  2.958751 
0.070475  2.956849 
0.071225  2.955230 
0.071975  2.953899 
0.072724  2.952860 
0.073474  2.952115 
0.074224  2.951668 
0.074974  2.951518 


0.000000  3.488722 
0.000750  3.488832 
0.001499  3.489161 
0.002249  3.489705 
0.002999  3.490458 
0.003749  3.491412 
0.004498  3.492557 
0.005248  3.493882 
0.005998  3.495375 
0.006748  3.497023 
0.007497  3.498813 
0.008247  3.500732 
0.008997  3.502767 
0.009747  3.504907 
0.010496  3.507139 
0.011246  3.509453 
0.011996  3.511838 
0.012745  3.514284 
0.013495  3.516781 
0.014245  3.519323 
0.014995  3.521899 
0.015745  3.524504 
0.016494  3.527129 
0.017244  3.529769 
0.017994  3.532418 
0.018743  3.535069 
0.019493  3.537718 
0.020243  3.540359 
0.020993  3.542989 
0.021742  3.545601 
0.022492  3.548194 
0.023242  3.550762 
0.023992  3.553302 
0.024741  3.555812 
0.025491  3.558287 
0.026241  3.560726 
0.026991  3.563125 
0.027740  3.565482 
0.028490  3.567796 
0.029240  3.570063 
0.029989  3.572283 
0.030739  3.574454 
0.031489  3.576574 
0.032239  3.578641 
0.032988  3.580656 
0.033738  3.582617 
0.034488  3.584523 
0.035238  3.586374 
0.035987  3.588169 
0.036737  3.589907 
0.037487  3.591590 
0.038237  3.593217 
0.038986  3.594787 
0.039736  3.596301 
0.040486  3.597760 
0.041236  3.599164 
0.041985  3.600513 
0.042735  3.601808 
0.043485  3.603050 
0.044235  3.604240 
0.044984  3.605378 
0.045734  3.606466 
0.046484  3.607505 
0.047233  3.608495 
0.047983  3.609437 
0.048733  3.610334 
0.049483  3.611186 
0.050232  3.611994 
0.050982  3.612760 
0.051732  3.613486 
0.052482  3.614171 
0.053231  3.614818 
0.053981  3.615429 
0.054731  3.616003 
0.055481  3.616544 
0.056230  3.617051 
0.056980  3.617527 
0.057730  3.617972 
0.058479  3.618388 
0.059229  3.618776 
0.059979  3.619137 
0.060729  3.619473 
0.061478  3.619784 
0.062228  3.620072 
0.062978  3.620338 
0.063728  3.620582 
0.064477  3.620806 
0.065227  3.621010 
0.065977  3.621196 
0.066727  3.621364 
0.067476  3.621515 
0.068226  3.621650 
0.068976  3.621768 
0.069725  3.621871 
0.070475  3.621960 
0.071225  3.622034 
0.071975  3.622094 
0.072724  3.622141 
0.073474  3.622174 
0.074224  3.622194 
0.074974  3.622200 


0.000000  3.489143 
0.000750  3.489256 
0.001499  3.489592 
0.002249  3.490148 
0.002999  3.490916 
0.003749  3.491887 
0.004498  3.493051 
0.005248  3.494396 
0.005998  3.495909 
0.006748  3.497576 
0.007497  3.499384 
0.008247  3.501320 
0.008997  3.503371 
0.009747  3.505525 
0.010496  3.507770 
0.011246  3.510095 
0.011996  3.512489 
0.012745  3.514943 
0.013495  3.517448 
0.014245  3.519996 
0.014995  3.522577 
0.015745  3.525185 
0.016494  3.527813 
0.017244  3.530455 
0.017994  3.533105 
0.018743  3.535756 
0.019493  3.538404 
0.020243  3.541044 
0.020993  3.543671 
0.021742  3.546281 
0.022492  3.548871 
0.023242  3.551435 
0.023992  3.553972 
0.024741  3.556477 
0.025491  3.558947 
0.026241  3.561381 
0.026991  3.563775 
0.027740  3.566127 
0.028490  3.568435 
0.029240  3.570697 
0.029989  3.572911 
0.030739  3.575076 
0.031489  3.577190 
0.032239  3.579253 
0.032988  3.581262 
0.033738  3.583217 
0.034488  3.585118 
0.035238  3.586964 
0.035987  3.588755 
0.036737  3.590489 
0.037487  3.592168 
0.038237  3.593791 
0.038986  3.595358 
0.039736  3.596869 
0.040486  3.598325 
0.041236  3.599727 
0.041985  3.601074 
0.042735  3.602368 
0.043485  3.603609 
0.044235  3.604798 
0.044984  3.605936 
0.045734  3.607024 
0.046484  3.608063 
0.047233  3.609054 
0.047983  3.609998 
0.048733  3.610896 
0.049483  3.611749 
0.050232  3.612559 
0.050982  3.613327 
0.051732  3.614055 
0.052482  3.614743 
0.053231  3.615392 
0.053981  3.616005 
0.054731  3.616582 
0.055481  3.617125 
0.056230  3.617635 
0.056980  3.618114 
0.057730  3.618562 
0.058479  3.618980 
0.059229  3.619371 
0.059979  3.619735 
0.060729  3.620073 
0.061478  3.620387 
0.062228  3.620677 
0.062978  3.620945 
0.063728  3.621192 
0.064477  3.621418 
0.065227  3.621624 
0.065977  3.621811 
0.066727  3.621981 
0.067476  3.622133 
0.068226  3.622269 
0.068976  3.622389 
0.069725  3.622493 
0.070475  3.622583 
0.071225  3.622658 
0.071975  3.622719 
0.072724  3.622766 
0.073474  3.622799 
0.074224  3.622819 
0.074974  3.622826 


0.000000  3.987088 
0.000750  3.987091 
0.001499  3.987098 
0.002249  3.987111 
0.002999  3.987129 
0.003749  3.987153 
0.004498  3.987182 
0.005248  3.987216 
0.005998  3.987255 
0.006748  3.987301 
0.007497  3.987351 
0.008247  3.987408 
0.008997  3.987471 
0.009747  3.987539 
0.010496  3.987614 
0.011246  3.987695 
0.011996  3.987783 
0.012745  3.987877 
0.013495  3.987978 
0.014245  3.988085 
0.014995  3.988200 
0.015745  3.988322 
0.016494  3.988452 
0.017244  3.988588 
0.017994  3.988732 
0.018743  3.988884 
0.019493  3.989044 
0.020243  3.989211 
0.020993  3.989387 
0.021742  3.989570 
0.022492  3.989761 
0.023242  3.989960 
0.023992  3.990167 
0.024741  3.990382 
0.025491  3.990605 
0.026241  3.990835 
0.026991  3.991074 
0.027740  3.991319 
0.028490  3.991572 
0.029240  3.991832 
0.029989  3.992100 
0.030739  3.992373 
0.031489  3.992654 
0.032239  3.992940 
0.032988  3.993232 
0.033738  3.993530 
0.034488  3.993833 
0.035238  3.994141 
0.035987  3.994453 
0.036737  3.994769 
0.037487  3.995088 
0.038237  3.995411 
0.038986  3.995736 
0.039736  3.996063 
0.040486  3.996392 
0.041236  3.996722 
0.041985  3.997053 
0.042735  3.997384 
0.043485  3.997714 
0.044235  3.998043 
0.044984  3.998372 
0.045734  3.998698 
0.046484  3.999021 
0.047233  3.999342 
0.047983  3.999660 
0.048733  3.999974 
0.049483  4.000283 
0.050232  4.000588 
0.050982  4.000887 
0.051732  4.001181 
0.052482  4.001469 
0.053231  4.001751 
0.053981  4.002026 
0.054731  4.002294 
0.055481  4.002555 
0.056230  4.002808 
0.056980  4.003053 
0.057730  4.003289 
0.058479  4.003518 
0.059229  4.003737 
0.059979  4.003947 
0.060729  4.004149 
0.061478  4.004341 
0.062228  4.004523 
0.062978  4.004696 
0.063728  4.004859 
0.064477  4.005012 
0.065227  4.005154 
0.065977  4.005287 
0.066727  4.005409 
0.067476  4.005521 
0.068226  4.005623 
0.068976  4.005714 
0.069725  4.005794 
0.070475  4.005864 
0.071225  4.005923 
0.071975  4.005972 
0.072724  4.006009 
0.073474  4.006036 
0.074224  4.006052 
0.074974  4.006058 


0.000000  3.988053 
0.000750  3.988056 
0.001499  3.988064 
0.002249  3.988077 
0.002999  3.988096 
0.003749  3.988120 
0.004498  3.988150 
0.005248  3.988185 
0.005998  3.988226 
0.006748  3.988273 
0.007497  3.988325 
0.008247  3.988384 
0.008997  3.988449 
0.009747  3.988519 
0.010496  3.988596 
0.011246  3.988680 
0.011996  3.988770 
0.012745  3.988867 
0.013495  3.988970 
0.014245  3.989081 
0.014995  3.989199 
0.015745  3.989323 
0.016494  3.989456 
0.017244  3.989596 
0.017994  3.989743 
0.018743  3.989898 
0.019493  3.990061 
0.020243  3.990231 
0.020993  3.990410 
0.021742  3.990596 
0.022492  3.990791 
0.023242  3.990993 
0.023992  3.991203 
0.024741  3.991421 
0.025491  3.991647 
0.026241  3.991880 
0.026991  3.992121 
0.027740  3.992369 
0.028490  3.992625 
0.029240  3.992888 
0.029989  3.993157 
0.030739  3.993433 
0.031489  3.993716 
0.032239  3.994004 
0.032988  3.994298 
0.033738  3.994598 
0.034488  3.994902 
0.035238  3.995211 
0.035987  3.995524 
0.036737  3.995841 
0.037487  3.996161 
0.038237  3.996484 
0.038986  3.996809 
0.039736  3.997136 
0.040486  3.997465 
0.041236  3.997795 
0.041985  3.998124 
0.042735  3.998454 
0.043485  3.998783 
0.044235  3.999111 
0.044984  3.999437 
0.045734  3.999761 
0.046484  4.000083 
0.047233  4.000401 
0.047983  4.000716 
0.048733  4.001027 
0.049483  4.001333 
0.050232  4.001634 
0.050982  4.001930 
0.051732  4.002221 
0.052482  4.002505 
0.053231  4.002782 
0.053981  4.003053 
0.054731  4.003316 
0.055481  4.003573 
0.056230  4.003821 
0.056980  4.004061 
0.057730  4.004293 
0.058479  4.004516 
0.059229  4.004731 
0.059979  4.004937 
0.060729  4.005133 
0.061478  4.005320 
0.062228  4.005498 
0.062978  4.005666 
0.063728  4.005825 
0.064477  4.005973 
0.065227  4.006112 
0.065977  4.006241 
0.066727  4.006359 
0.067476  4.006468 
0.068226  4.006566 
0.068976  4.006654 
0.069725  4.006732 
0.070475  4.006800 
0.071225  4.006857 
0.071975  4.006904 
0.072724  4.006940 
0.073474  4.006966 
0.074224  4.006982 
0.074974  4.006987 


0.000000  5.190391 
0.000750  5.190429 
0.001499  5.190542 
0.002249  5.190729 
0.002999  5.190991 
0.003749  5.191328 
0.004498  5.191738 
0.005248  5.192222 
0.005998  5.192778 
0.006748  5.193406 
0.007497  5.194104 
0.008247  5.194873 
0.008997  5.195710 
0.009747  5.196616 
0.010496  5.197587 
0.011246  5.198624 
0.011996  5.199725 
0.012745  5.200887 
0.013495  5.202111 
0.014245  5.203393 
0.014995  5.204733 
0.015745  5.206128 
0.016494  5.207577 
0.017244  5.209078 
0.017994  5.210628 
0.018743  5.212227 
0.019493  5.213871 
0.020243  5.215559 
0.020993  5.217289 
0.021742  5.219058 
0.022492  5.220865 
0.023242  5.222707 
0.023992  5.224581 
0.024741  5.226487 
0.025491  5.228421 
0.026241  5.230381 
0.026991  5.232365 
0.027740  5.234371 
0.028490  5.236396 
0.029240  5.238438 
0.029989  5.240496 
0.030739  5.242566 
0.031489  5.244646 
0.032239  5.246735 
0.032988  5.248830 
0.033738  5.250928 
0.034488  5.253029 
0.035238  5.255129 
0.035987  5.257227 
0.036737  5.259320 
0.037487  5.261406 
0.038237  5.263484 
0.038986  5.265552 
0.039736  5.267607 
0.040486  5.269648 
0.041236  5.271672 
0.041985  5.273679 
0.042735  5.275666 
0.043485  5.277631 
0.044235  5.279573 
0.044984  5.281491 
0.045734  5.283381 
0.046484  5.285244 
0.047233  5.287077 
0.047983  5.288879 
0.048733  5.290649 
0.049483  5.292385 
0.050232  5.294085 
0.050982  5.295748 
0.051732  5.297374 
0.052482  5.298961 
0.053231  5.300507 
0.053981  5.302012 
0.054731  5.303474 
0.055481  5.304892 
0.056230  5.306266 
0.056980  5.307594 
0.057730  5.308875 
0.058479  5.310108 
0.059229  5.311293 
0.059979  5.312429 
0.060729  5.313514 
0.061478  5.314548 
0.062228  5.315531 
0.062978  5.316461 
0.063728  5.317339 
0.064477  5.318162 
0.065227  5.318932 
0.065977  5.319646 
0.066727  5.320305 
0.067476  5.320909 
0.068226  5.321456 
0.068976  5.321947 
0.069725  5.322381 
0.070475  5.322757 
0.071225  5.323076 
0.071975  5.323338 
0.072724  5.323541 
0.073474  5.323687 
0.074224  5.323774 
0.074974  5.323803 


0.000000  5.199059 
0.000750  5.199097 
0.001499  5.199210 
0.002249  5.199398 
0.002999  5.199661 
0.003749  5.199999 
0.004498  5.200410 
0.005248  5.200895 
0.005998  5.201453 
0.006748  5.202083 
0.007497  5.202784 
0.008247  5.203555 
0.008997  5.204395 
0.009747  5.205303 
0.010496  5.206278 
0.011246  5.207318 
0.011996  5.208423 
0.012745  5.209589 
0.013495  5.210817 
0.014245  5.212104 
0.014995  5.213448 
0.015745  5.214848 
0.016494  5.216302 
0.017244  5.217808 
0.017994  5.219365 
0.018743  5.220969 
0.019493  5.222620 
0.020243  5.224314 
0.020993  5.226051 
0.021742  5.227827 
0.022492  5.229641 
0.023242  5.231490 
0.023992  5.233372 
0.024741  5.235286 
0.025491  5.237228 
0.026241  5.239196 
0.026991  5.241188 
0.027740  5.243203 
0.028490  5.245236 
0.029240  5.247288 
0.029989  5.249354 
0.030739  5.251433 
0.031489  5.253522 
0.032239  5.255620 
0.032988  5.257724 
0.033738  5.259832 
0.034488  5.261942 
0.035238  5.264051 
0.035987  5.266158 
0.036737  5.268260 
0.037487  5.270356 
0.038237  5.272443 
0.038986  5.274519 
0.039736  5.276583 
0.040486  5.278633 
0.041236  5.280666 
0.041985  5.282680 
0.042735  5.284675 
0.043485  5.286648 
0.044235  5.288598 
0.044984  5.290522 
0.045734  5.292420 
0.046484  5.294289 
0.047233  5.296129 
0.047983  5.297937 
0.048733  5.299712 
0.049483  5.301452 
0.050232  5.303157 
0.050982  5.304825 
0.051732  5.306455 
0.052482  5.308045 
0.053231  5.309595 
0.053981  5.311102 
0.054731  5.312567 
0.055481  5.313987 
0.056230  5.315363 
0.056980  5.316692 
0.057730  5.317974 
0.058479  5.319208 
0.059229  5.320393 
0.059979  5.321529 
0.060729  5.322614 
0.061478  5.323648 
0.062228  5.324630 
0.062978  5.325560 
0.063728  5.326436 
0.064477  5.327258 
0.065227  5.328026 
0.065977  5.328740 
0.066727  5.329398 
0.067476  5.330000 
0.068226  5.330546 
0.068976  5.331035 
0.069725  5.331468 
0.070475  5.331844 
0.071225  5.332162 
0.071975  5.332423 
0.072724  5.332625 
0.073474  5.332770 
0.074224  5.332857 
0.074974  5.332886 


0.000000  5.684650 
0.000750  5.684630 
0.001499  5.684568 
0.002249  5.684465 
0.002999  5.684320 
0.003749  5.684135 
0.004498  5.683908 
0.005248  5.683639 
0.005998  5.683330 
0.006748  5.682978 
0.007497  5.682586 
0.008247  5.682151 
0.008997  5.681675 
0.009747  5.681157 
0.010496  5.680598 
0.011246  5.679996 
0.011996  5.679353 
0.012745  5.678667 
0.013495  5.677940 
0.014245  5.677170 
0.014995  5.676359 
0.015745  5.675505 
0.016494  5.674609 
0.017244  5.673672 
0.017994  5.672692 
0.018743  5.671671 
0.019493  5.670608 
0.020243  5.669503 
0.020993  5.668358 
0.021742  5.667171 
0.022492  5.665943 
0.023242  5.664676 
0.023992  5.663368 
0.024741  5.662020 
0.025491  5.660634 
0.026241  5.659209 
0.026991  5.657746 
0.027740  5.656246 
0.028490  5.654710 
0.029240  5.653138 
0.029989  5.651531 
0.030739  5.649891 
0.031489  5.648218 
0.032239  5.646513 
0.032988  5.644779 
0.033738  5.643015 
0.034488  5.641223 
0.035238  5.639405 
0.035987  5.637563 
0.036737  5.635697 
0.037487  5.633810 
0.038237  5.631904 
0.038986  5.629979 
0.039736  5.628039 
0.040486  5.626084 
0.041236  5.624118 
0.041985  5.622142 
0.042735  5.620158 
0.043485  5.618170 
0.044235  5.616178 
0.044984  5.614185 
0.045734  5.612195 
0.046484  5.610209 
0.047233  5.608230 
0.047983  5.606260 
0.048733  5.604302 
0.049483  5.602359 
0.050232  5.600434 
0.050982  5.598529 
0.051732  5.596646 
0.052482  5.594789 
0.053231  5.592961 
0.053981  5.591164 
0.054731  5.589400 
0.055481  5.587673 
0.056230  5.585985 
0.056980  5.584339 
0.057730  5.582738 
0.058479  5.581184 
0.059229  5.579679 
0.059979  5.578226 
0.060729  5.576827 
0.061478  5.575485 
0.062228  5.574202 
0.062978  5.572980 
0.063728  5.571822 
0.064477  5.570728 
0.065227  5.569701 
0.065977  5.568743 
0.066727  5.567856 
0.067476  5.567040 
0.068226  5.566297 
0.068976  5.565630 
0.069725  5.565038 
0.070475  5.564523 
0.071225  5.564085 
0.071975  5.563726 
0.072724  5.563446 
0.073474  5.563246 
0.074224  5.563126 
0.074974  5.563085 


0.000000  5.686297 
0.000750  5.686277 
0.001499  5.686214 
0.002249  5.686109 
0.002999  5.685962 
0.003749  5.685774 
0.004498  5.685543 
0.005248  5.685271 
0.005998  5.684956 
0.006748  5.684599 
0.007497  5.684200 
0.008247  5.683759 
0.008997  5.683276 
0.009747  5.682750 
0.010496  5.682182 
0.011246  5.681572 
0.011996  5.680919 
0.012745  5.680224 
0.013495  5.679486 
0.014245  5.678705 
0.014995  5.677882 
0.015745  5.677017 
0.016494  5.676109 
0.017244  5.675159 
0.017994  5.674166 
0.018743  5.673132 
0.019493  5.672055 
0.020243  5.670936 
0.020993  5.669776 
0.021742  5.668575 
0.022492  5.667333 
0.023242  5.666049 
0.023992  5.664726 
0.024741  5.663363 
0.025491  5.661961 
0.026241  5.660520 
0.026991  5.659041 
0.027740  5.657525 
0.028490  5.655973 
0.029240  5.654384 
0.029989  5.652762 
0.030739  5.651105 
0.031489  5.649416 
0.032239  5.647695 
0.032988  5.645945 
0.033738  5.644165 
0.034488  5.642358 
0.035238  5.640525 
0.035987  5.638668 
0.036737  5.636788 
0.037487  5.634887 
0.038237  5.632967 
0.038986  5.631030 
0.039736  5.629077 
0.040486  5.627112 
0.041236  5.625135 
0.041985  5.623150 
0.042735  5.621159 
0.043485  5.619163 
0.044235  5.617165 
0.044984  5.615169 
0.045734  5.613175 
0.046484  5.611187 
0.047233  5.609208 
0.047983  5.607240 
0.048733  5.605285 
0.049483  5.603346 
0.050232  5.601427 
0.050982  5.599529 
0.051732  5.597656 
0.052482  5.595809 
0.053231  5.593993 
0.053981  5.592208 
0.054731  5.590459 
0.055481  5.588747 
0.056230  5.587075 
0.056980  5.585446 
0.057730  5.583862 
0.058479  5.582326 
0.059229  5.580840 
0.059979  5.579405 
0.060729  5.578026 
0.061478  5.576703 
0.062228  5.575439 
0.062978  5.574236 
0.063728  5.573095 
0.064477  5.572019 
0.065227  5.571009 
0.065977  5.570068 
0.066727  5.569195 
0.067476  5.568394 
0.068226  5.567665 
0.068976  5.567010 
0.069725  5.566429 
0.070475  5.565923 
0.071225  5.565494 
0.071975  5.565142 
0.072724  5.564867 
0.073474  5.564671 
0.074224  5.564553 
0.074974  5.564514 


0.000000  7.317812 
0.000750  7.317808 
0.001499  7.317793 
0.002249  7.317768 
0.002999  7.317733 
0.003749  7.317688 
0.004498  7.317633 
0.005248  7.317567 
0.005998  7.317491 
0.006748  7.317405 
0.007497  7.317307 
0.008247  7.317199 
0.008997  7.317080 
0.009747  7.316949 
0.010496  7.316806 
0.011246  7.316652 
0.011996  7.316486 
0.012745  7.316307 
0.013495  7.316115 
0.014245  7.315911 
0.014995  7.315693 
0.015745  7.315463 
0.016494  7.315218 
0.017244  7.314959 
0.017994  7.314687 
0.018743  7.314400 
0.019493  7.314098 
0.020243  7.313781 
0.020993  7.313450 
0.021742  7.313103 
0.022492  7.312742 
0.023242  7.312364 
0.023992  7.311972 
0.024741  7.311564 
0.025491  7.311140 
0.026241  7.310701 
0.026991  7.310247 
0.027740  7.309777 
0.028490  7.309292 
0.029240  7.308792 
0.029989  7.308277 
0.030739  7.307748 
0.031489  7.307204 
0.032239  7.306647 
0.032988  7.306076 
0.033738  7.305491 
0.034488  7.304894 
0.035238  7.304285 
0.035987  7.303664 
0.036737  7.303032 
0.037487  7.302390 
0.038237  7.301738 
0.038986  7.301077 
0.039736  7.300408 
0.040486  7.299731 
0.041236  7.299047 
0.041985  7.298358 
0.042735  7.297663 
0.043485  7.296965 
0.044235  7.296263 
0.044984  7.295559 
0.045734  7.294854 
0.046484  7.294149 
0.047233  7.293445 
0.047983  7.292743 
0.048733  7.292043 
0.049483  7.291348 
0.050232  7.290658 
0.050982  7.289974 
0.051732  7.289298 
0.052482  7.288629 
0.053231  7.287970 
0.053981  7.287322 
0.054731  7.286685 
0.055481  7.286061 
0.056230  7.285451 
0.056980  7.284855 
0.057730  7.284275 
0.058479  7.283712 
0.059229  7.283167 
0.059979  7.282640 
0.060729  7.282132 
0.061478  7.281645 
0.062228  7.281179 
0.062978  7.280735 
0.063728  7.280314 
0.064477  7.279917 
0.065227  7.279544 
0.065977  7.279196 
0.066727  7.278873 
0.067476  7.278576 
0.068226  7.278306 
0.068976  7.278064 
0.069725  7.277848 
0.070475  7.277661 
0.071225  7.277502 
0.071975  7.277371 
0.072724  7.277269 
0.073474  7.277196 
0.074224  7.277153 
0.074974  7.277138 


0.000000  7.318153 
0.000750  7.318148 
0.001499  7.318134 
0.002249  7.318111 
0.002999  7.318077 
0.003749  7.318034 
0.004498  7.317982 
0.005248  7.317919 
0.005998  7.317847 
0.006748  7.317764 
0.007497  7.317670 
0.008247  7.317566 
0.008997  7.317451 
0.009747  7.317325 
0.010496  7.317188 
0.011246  7.317038 
0.011996  7.316877 
0.012745  7.316704 
0.013495  7.316518 
0.014245  7.316319 
0.014995  7.316107 
0.015745  7.315881 
0.016494  7.315642 
0.017244  7.315389 
0.017994  7.315122 
0.018743  7.314840 
0.019493  7.314544 
0.020243  7.314232 
0.020993  7.313906 
0.021742  7.313565 
0.022492  7.313208 
0.023242  7.312836 
0.023992  7.312448 
0.024741  7.312045 
0.025491  7.311627 
0.026241  7.311193 
0.026991  7.310743 
0.027740  7.310279 
0.028490  7.309799 
0.029240  7.309304 
0.029989  7.308795 
0.030739  7.308271 
0.031489  7.307733 
0.032239  7.307181 
0.032988  7.306616 
0.033738  7.306039 
0.034488  7.305448 
0.035238  7.304846 
0.035987  7.304232 
0.036737  7.303608 
0.037487  7.302974 
0.038237  7.302330 
0.038986  7.301678 
0.039736  7.301018 
0.040486  7.300350 
0.041236  7.299676 
0.041985  7.298997 
0.042735  7.298314 
0.043485  7.297626 
0.044235  7.296936 
0.044984  7.296244 
0.045734  7.295552 
0.046484  7.294859 
0.047233  7.294168 
0.047983  7.293479 
0.048733  7.292793 
0.049483  7.292111 
0.050232  7.291435 
0.050982  7.290765 
0.051732  7.290102 
0.052482  7.289448 
0.053231  7.288804 
0.053981  7.288170 
0.054731  7.287547 
0.055481  7.286937 
0.056230  7.286341 
0.056980  7.285759 
0.057730  7.285192 
0.058479  7.284643 
0.059229  7.284110 
0.059979  7.283596 
0.060729  7.283101 
0.061478  7.282626 
0.062228  7.282172 
0.062978  7.281739 
0.063728  7.281329 
0.064477  7.280941 
0.065227  7.280578 
0.065977  7.280238 
0.066727  7.279924 
0.067476  7.279635 
0.068226  7.279372 
0.068976  7.279136 
0.069725  7.278926 
0.070475  7.278744 
0.071225  7.278589 
0.071975  7.278462 
0.072724  7.278362 
0.073474  7.278292 
0.074224  7.278249 
0.074974  7.278235 


